<html>
<head>
<link rel="stylesheet" href="https://cdnjs.cloudflare.com/ajax/libs/vis/4.16.1/vis.css" type="text/css" />
<script type="text/javascript" src="https://cdnjs.cloudflare.com/ajax/libs/vis/4.16.1/vis-network.min.js"> </script>
<center>
<h1></h1>
</center>

<!-- <link rel="stylesheet" href="../node_modules/vis/dist/vis.min.css" type="text/css" />
<script type="text/javascript" src="../node_modules/vis/dist/vis.js"> </script>-->

<style type="text/css">

        #mynetwork {
            width: 80%;
            height: 1000px;
            background-color: #ffffff;
            border: 1px solid lightgray;
            position: relative;
            float: left;
        }

        

        
        #config {
            float: left;
            width: 400px;
            height: 600px;
        }
        

        
</style>

</head>

<body>
<div id = "mynetwork"></div>


<div id = "config"></div>

<script type="text/javascript">

    // initialize global variables.
    var edges;
    var nodes;
    var network; 
    var container;
    var options, data;

    
    // This method is responsible for drawing the graph, returns the drawn network
    function drawGraph() {
        var container = document.getElementById('mynetwork');
        
        

        // parsing and collecting nodes and edges from the python
        nodes = new vis.DataSet([{"id": "()", "label": "()", "shape": "dot", "size": 10}, {"id": "( 1, 2)( 3,13)( 4, 8)( 5, 7)( 6, 9)(10,21)(11,20)(12,16)(14,18)(15,17)(19,24)\n(22,23)", "label": "( 1, 2)( 3,13)( 4, 8)( 5, 7)( 6, 9)(10,21)(11,20)(12,16)(14,18)(15,17)(19,24)\n(22,23)", "shape": "dot", "size": 10}, {"id": "( 1, 3, 9)( 2, 6,13)( 4,11,23)( 5,19,17)( 7,15,24)( 8,22,20)(10,18,12)\n(14,21,16)", "label": "( 1, 3, 9)( 2, 6,13)( 4,11,23)( 5,19,17)( 7,15,24)( 8,22,20)(10,18,12)\n(14,21,16)", "shape": "dot", "size": 10}, {"id": "( 1, 4)( 2, 7)( 3,10)( 5,12)( 6,14)( 8,16)( 9,17)(11,19)(13,20)(15,22)(18,23)\n(21,24)", "label": "( 1, 4)( 2, 7)( 3,10)( 5,12)( 6,14)( 8,16)( 9,17)(11,19)(13,20)(15,22)(18,23)\n(21,24)", "shape": "dot", "size": 10}, {"id": "( 1, 5)( 2, 8)( 3,11)( 4,12)( 6,15)( 7,16)( 9,18)(10,19)(13,21)(14,22)(17,23)\n(20,24)", "label": "( 1, 5)( 2, 8)( 3,11)( 4,12)( 6,15)( 7,16)( 9,18)(10,19)(13,21)(14,22)(17,23)\n(20,24)", "shape": "dot", "size": 10}, {"id": "( 1, 6)( 2, 3)( 4,22)( 5,15)( 7,19)( 8,11)( 9,13)(10,16)(12,14)(17,24)(18,21)\n(20,23)", "label": "( 1, 6)( 2, 3)( 4,22)( 5,15)( 7,19)( 8,11)( 9,13)(10,16)(12,14)(17,24)(18,21)\n(20,23)", "shape": "dot", "size": 10}, {"id": "( 1, 7,12, 8)( 2, 4,16, 5)( 3,20,19,21)( 6,17,22,18)( 9,14,23,15)(10,24,11,13)", "label": "( 1, 7,12, 8)( 2, 4,16, 5)( 3,20,19,21)( 6,17,22,18)( 9,14,23,15)(10,24,11,13)", "shape": "dot", "size": 10}, {"id": "( 1, 8,12, 7)( 2, 5,16, 4)( 3,21,19,20)( 6,18,22,17)( 9,15,23,14)(10,13,11,24)", "label": "( 1, 8,12, 7)( 2, 5,16, 4)( 3,21,19,20)( 6,18,22,17)( 9,15,23,14)(10,13,11,24)", "shape": "dot", "size": 10}, {"id": "( 1, 9, 3)( 2,13, 6)( 4,23,11)( 5,17,19)( 7,24,15)( 8,20,22)(10,12,18)\n(14,16,21)", "label": "( 1, 9, 3)( 2,13, 6)( 4,23,11)( 5,17,19)( 7,24,15)( 8,20,22)(10,12,18)\n(14,16,21)", "shape": "dot", "size": 10}, {"id": "( 1,10,23)( 2,14,24)( 3,17,12)( 4,19, 9)( 5,11,18)( 6,20,16)( 7,22,13)\n( 8,15,21)", "label": "( 1,10,23)( 2,14,24)( 3,17,12)( 4,19, 9)( 5,11,18)( 6,20,16)( 7,22,13)\n( 8,15,21)", "shape": "dot", "size": 10}, {"id": "( 1,11,17)( 2,15,20)( 3,18, 4)( 5,10, 9)( 6,21, 7)( 8,14,13)(12,19,23)\n(16,22,24)", "label": "( 1,11,17)( 2,15,20)( 3,18, 4)( 5,10, 9)( 6,21, 7)( 8,14,13)(12,19,23)\n(16,22,24)", "shape": "dot", "size": 10}, {"id": "( 1,12)( 2,16)( 3,19)( 4, 5)( 6,22)( 7, 8)( 9,23)(10,11)(13,24)(14,15)(17,18)\n(20,21)", "label": "( 1,12)( 2,16)( 3,19)( 4, 5)( 6,22)( 7, 8)( 9,23)(10,11)(13,24)(14,15)(17,18)\n(20,21)", "shape": "dot", "size": 10}, {"id": "( 1,13)( 2, 9)( 3, 6)( 4,20)( 5,24)( 7,17)( 8,23)(10,14)(11,22)(12,21)(15,19)\n(16,18)", "label": "( 1,13)( 2, 9)( 3, 6)( 4,20)( 5,24)( 7,17)( 8,23)(10,14)(11,22)(12,21)(15,19)\n(16,18)", "shape": "dot", "size": 10}, {"id": "( 1,14, 5,22)( 2,10, 8,19)( 3, 7,11,16)( 4,15,12, 6)( 9,20,18,24)(13,17,21,23)", "label": "( 1,14, 5,22)( 2,10, 8,19)( 3, 7,11,16)( 4,15,12, 6)( 9,20,18,24)(13,17,21,23)", "shape": "dot", "size": 10}, {"id": "( 1,15)( 2,11)( 3, 8)( 4,14)( 5, 6)( 7,10)( 9,21)(12,22)(13,18)(16,19)(17,20)\n(23,24)", "label": "( 1,15)( 2,11)( 3, 8)( 4,14)( 5, 6)( 7,10)( 9,21)(12,22)(13,18)(16,19)(17,20)\n(23,24)", "shape": "dot", "size": 10}, {"id": "( 1,16)( 2,12)( 3,24)( 4, 7)( 5, 8)( 6,23)( 9,22)(10,20)(11,21)(13,19)(14,17)\n(15,18)", "label": "( 1,16)( 2,12)( 3,24)( 4, 7)( 5, 8)( 6,23)( 9,22)(10,20)(11,21)(13,19)(14,17)\n(15,18)", "shape": "dot", "size": 10}, {"id": "( 1,17,11)( 2,20,15)( 3, 4,18)( 5, 9,10)( 6, 7,21)( 8,13,14)(12,23,19)\n(16,24,22)", "label": "( 1,17,11)( 2,20,15)( 3, 4,18)( 5, 9,10)( 6, 7,21)( 8,13,14)(12,23,19)\n(16,24,22)", "shape": "dot", "size": 10}, {"id": "( 1,18,19)( 2,21,22)( 3, 5,23)( 4,17,10)( 6, 8,24)( 7,20,14)( 9,11,12)\n(13,15,16)", "label": "( 1,18,19)( 2,21,22)( 3, 5,23)( 4,17,10)( 6, 8,24)( 7,20,14)( 9,11,12)\n(13,15,16)", "shape": "dot", "size": 10}, {"id": "( 1,19,18)( 2,22,21)( 3,23, 5)( 4,10,17)( 6,24, 8)( 7,14,20)( 9,12,11)\n(13,16,15)", "label": "( 1,19,18)( 2,22,21)( 3,23, 5)( 4,10,17)( 6,24, 8)( 7,14,20)( 9,12,11)\n(13,16,15)", "shape": "dot", "size": 10}, {"id": "( 1,20)( 2,17)( 3,14)( 4,13)( 5,21)( 6,10)( 7, 9)( 8,18)(11,15)(12,24)(16,23)\n(19,22)", "label": "( 1,20)( 2,17)( 3,14)( 4,13)( 5,21)( 6,10)( 7, 9)( 8,18)(11,15)(12,24)(16,23)\n(19,22)", "shape": "dot", "size": 10}, {"id": "( 1,21, 4,24)( 2,18, 7,23)( 3,15,10,22)( 5,20,12,13)( 6,11,14,19)( 8,17,16, 9)", "label": "( 1,21, 4,24)( 2,18, 7,23)( 3,15,10,22)( 5,20,12,13)( 6,11,14,19)( 8,17,16, 9)", "shape": "dot", "size": 10}, {"id": "( 1,22, 5,14)( 2,19, 8,10)( 3,16,11, 7)( 4, 6,12,15)( 9,24,18,20)(13,23,21,17)", "label": "( 1,22, 5,14)( 2,19, 8,10)( 3,16,11, 7)( 4, 6,12,15)( 9,24,18,20)(13,23,21,17)", "shape": "dot", "size": 10}, {"id": "( 1,23,10)( 2,24,14)( 3,12,17)( 4, 9,19)( 5,18,11)( 6,16,20)( 7,13,22)\n( 8,21,15)", "label": "( 1,23,10)( 2,24,14)( 3,12,17)( 4, 9,19)( 5,18,11)( 6,16,20)( 7,13,22)\n( 8,21,15)", "shape": "dot", "size": 10}, {"id": "( 1,24, 4,21)( 2,23, 7,18)( 3,22,10,15)( 5,13,12,20)( 6,19,14,11)( 8, 9,16,17)", "label": "( 1,24, 4,21)( 2,23, 7,18)( 3,22,10,15)( 5,13,12,20)( 6,19,14,11)( 8, 9,16,17)", "shape": "dot", "size": 10}]);
        edges = new vis.DataSet([{"from": "()", "to": "( 1, 2)( 3,13)( 4, 8)( 5, 7)( 6, 9)(10,21)(11,20)(12,16)(14,18)(15,17)(19,24)\n(22,23)", "weight": 1}, {"from": "()", "to": "( 1, 3, 9)( 2, 6,13)( 4,11,23)( 5,19,17)( 7,15,24)( 8,22,20)(10,18,12)\n(14,21,16)", "weight": 1}, {"from": "()", "to": "( 1, 4)( 2, 7)( 3,10)( 5,12)( 6,14)( 8,16)( 9,17)(11,19)(13,20)(15,22)(18,23)\n(21,24)", "weight": 1}, {"from": "()", "to": "( 1, 5)( 2, 8)( 3,11)( 4,12)( 6,15)( 7,16)( 9,18)(10,19)(13,21)(14,22)(17,23)\n(20,24)", "weight": 1}, {"from": "()", "to": "( 1, 6)( 2, 3)( 4,22)( 5,15)( 7,19)( 8,11)( 9,13)(10,16)(12,14)(17,24)(18,21)\n(20,23)", "weight": 1}, {"from": "()", "to": "( 1, 7,12, 8)( 2, 4,16, 5)( 3,20,19,21)( 6,17,22,18)( 9,14,23,15)(10,24,11,13)", "weight": 1}, {"from": "()", "to": "( 1, 8,12, 7)( 2, 5,16, 4)( 3,21,19,20)( 6,18,22,17)( 9,15,23,14)(10,13,11,24)", "weight": 1}, {"from": "()", "to": "( 1, 9, 3)( 2,13, 6)( 4,23,11)( 5,17,19)( 7,24,15)( 8,20,22)(10,12,18)\n(14,16,21)", "weight": 1}, {"from": "()", "to": "( 1,10,23)( 2,14,24)( 3,17,12)( 4,19, 9)( 5,11,18)( 6,20,16)( 7,22,13)\n( 8,15,21)", "weight": 1}, {"from": "()", "to": "( 1,11,17)( 2,15,20)( 3,18, 4)( 5,10, 9)( 6,21, 7)( 8,14,13)(12,19,23)\n(16,22,24)", "weight": 1}, {"from": "()", "to": "( 1,12)( 2,16)( 3,19)( 4, 5)( 6,22)( 7, 8)( 9,23)(10,11)(13,24)(14,15)(17,18)\n(20,21)", "weight": 1}, {"from": "()", "to": "( 1,13)( 2, 9)( 3, 6)( 4,20)( 5,24)( 7,17)( 8,23)(10,14)(11,22)(12,21)(15,19)\n(16,18)", "weight": 1}, {"from": "()", "to": "( 1,14, 5,22)( 2,10, 8,19)( 3, 7,11,16)( 4,15,12, 6)( 9,20,18,24)(13,17,21,23)", "weight": 1}, {"from": "()", "to": "( 1,15)( 2,11)( 3, 8)( 4,14)( 5, 6)( 7,10)( 9,21)(12,22)(13,18)(16,19)(17,20)\n(23,24)", "weight": 1}, {"from": "()", "to": "( 1,16)( 2,12)( 3,24)( 4, 7)( 5, 8)( 6,23)( 9,22)(10,20)(11,21)(13,19)(14,17)\n(15,18)", "weight": 1}, {"from": "()", "to": "( 1,17,11)( 2,20,15)( 3, 4,18)( 5, 9,10)( 6, 7,21)( 8,13,14)(12,23,19)\n(16,24,22)", "weight": 1}, {"from": "()", "to": "( 1,18,19)( 2,21,22)( 3, 5,23)( 4,17,10)( 6, 8,24)( 7,20,14)( 9,11,12)\n(13,15,16)", "weight": 1}, {"from": "()", "to": "( 1,19,18)( 2,22,21)( 3,23, 5)( 4,10,17)( 6,24, 8)( 7,14,20)( 9,12,11)\n(13,16,15)", "weight": 1}, {"from": "()", "to": "( 1,20)( 2,17)( 3,14)( 4,13)( 5,21)( 6,10)( 7, 9)( 8,18)(11,15)(12,24)(16,23)\n(19,22)", "weight": 1}, {"from": "()", "to": "( 1,21, 4,24)( 2,18, 7,23)( 3,15,10,22)( 5,20,12,13)( 6,11,14,19)( 8,17,16, 9)", "weight": 1}, {"from": "()", "to": "( 1,22, 5,14)( 2,19, 8,10)( 3,16,11, 7)( 4, 6,12,15)( 9,24,18,20)(13,23,21,17)", "weight": 1}, {"from": "()", "to": "( 1,23,10)( 2,24,14)( 3,12,17)( 4, 9,19)( 5,18,11)( 6,16,20)( 7,13,22)\n( 8,21,15)", "weight": 1}, {"from": "()", "to": "( 1,24, 4,21)( 2,23, 7,18)( 3,22,10,15)( 5,13,12,20)( 6,19,14,11)( 8, 9,16,17)", "weight": 1}, {"from": "( 1, 2)( 3,13)( 4, 8)( 5, 7)( 6, 9)(10,21)(11,20)(12,16)(14,18)(15,17)(19,24)\n(22,23)", "to": "( 1,12)( 2,16)( 3,19)( 4, 5)( 6,22)( 7, 8)( 9,23)(10,11)(13,24)(14,15)(17,18)\n(20,21)", "weight": 1}, {"from": "( 1, 2)( 3,13)( 4, 8)( 5, 7)( 6, 9)(10,21)(11,20)(12,16)(14,18)(15,17)(19,24)\n(22,23)", "to": "( 1,16)( 2,12)( 3,24)( 4, 7)( 5, 8)( 6,23)( 9,22)(10,20)(11,21)(13,19)(14,17)\n(15,18)", "weight": 1}, {"from": "( 1, 3, 9)( 2, 6,13)( 4,11,23)( 5,19,17)( 7,15,24)( 8,22,20)(10,18,12)\n(14,21,16)", "to": "( 1, 9, 3)( 2,13, 6)( 4,23,11)( 5,17,19)( 7,24,15)( 8,20,22)(10,12,18)\n(14,16,21)", "weight": 1}, {"from": "( 1, 4)( 2, 7)( 3,10)( 5,12)( 6,14)( 8,16)( 9,17)(11,19)(13,20)(15,22)(18,23)\n(21,24)", "to": "( 1, 5)( 2, 8)( 3,11)( 4,12)( 6,15)( 7,16)( 9,18)(10,19)(13,21)(14,22)(17,23)\n(20,24)", "weight": 1}, {"from": "( 1, 4)( 2, 7)( 3,10)( 5,12)( 6,14)( 8,16)( 9,17)(11,19)(13,20)(15,22)(18,23)\n(21,24)", "to": "( 1,12)( 2,16)( 3,19)( 4, 5)( 6,22)( 7, 8)( 9,23)(10,11)(13,24)(14,15)(17,18)\n(20,21)", "weight": 1}, {"from": "( 1, 4)( 2, 7)( 3,10)( 5,12)( 6,14)( 8,16)( 9,17)(11,19)(13,20)(15,22)(18,23)\n(21,24)", "to": "( 1,13)( 2, 9)( 3, 6)( 4,20)( 5,24)( 7,17)( 8,23)(10,14)(11,22)(12,21)(15,19)\n(16,18)", "weight": 1}, {"from": "( 1, 4)( 2, 7)( 3,10)( 5,12)( 6,14)( 8,16)( 9,17)(11,19)(13,20)(15,22)(18,23)\n(21,24)", "to": "( 1,20)( 2,17)( 3,14)( 4,13)( 5,21)( 6,10)( 7, 9)( 8,18)(11,15)(12,24)(16,23)\n(19,22)", "weight": 1}, {"from": "( 1, 4)( 2, 7)( 3,10)( 5,12)( 6,14)( 8,16)( 9,17)(11,19)(13,20)(15,22)(18,23)\n(21,24)", "to": "( 1,21, 4,24)( 2,18, 7,23)( 3,15,10,22)( 5,20,12,13)( 6,11,14,19)( 8,17,16, 9)", "weight": 1}, {"from": "( 1, 4)( 2, 7)( 3,10)( 5,12)( 6,14)( 8,16)( 9,17)(11,19)(13,20)(15,22)(18,23)\n(21,24)", "to": "( 1,24, 4,21)( 2,23, 7,18)( 3,22,10,15)( 5,13,12,20)( 6,19,14,11)( 8, 9,16,17)", "weight": 1}, {"from": "( 1, 5)( 2, 8)( 3,11)( 4,12)( 6,15)( 7,16)( 9,18)(10,19)(13,21)(14,22)(17,23)\n(20,24)", "to": "( 1, 6)( 2, 3)( 4,22)( 5,15)( 7,19)( 8,11)( 9,13)(10,16)(12,14)(17,24)(18,21)\n(20,23)", "weight": 1}, {"from": "( 1, 5)( 2, 8)( 3,11)( 4,12)( 6,15)( 7,16)( 9,18)(10,19)(13,21)(14,22)(17,23)\n(20,24)", "to": "( 1,12)( 2,16)( 3,19)( 4, 5)( 6,22)( 7, 8)( 9,23)(10,11)(13,24)(14,15)(17,18)\n(20,21)", "weight": 1}, {"from": "( 1, 5)( 2, 8)( 3,11)( 4,12)( 6,15)( 7,16)( 9,18)(10,19)(13,21)(14,22)(17,23)\n(20,24)", "to": "( 1,14, 5,22)( 2,10, 8,19)( 3, 7,11,16)( 4,15,12, 6)( 9,20,18,24)(13,17,21,23)", "weight": 1}, {"from": "( 1, 5)( 2, 8)( 3,11)( 4,12)( 6,15)( 7,16)( 9,18)(10,19)(13,21)(14,22)(17,23)\n(20,24)", "to": "( 1,15)( 2,11)( 3, 8)( 4,14)( 5, 6)( 7,10)( 9,21)(12,22)(13,18)(16,19)(17,20)\n(23,24)", "weight": 1}, {"from": "( 1, 5)( 2, 8)( 3,11)( 4,12)( 6,15)( 7,16)( 9,18)(10,19)(13,21)(14,22)(17,23)\n(20,24)", "to": "( 1,22, 5,14)( 2,19, 8,10)( 3,16,11, 7)( 4, 6,12,15)( 9,24,18,20)(13,23,21,17)", "weight": 1}, {"from": "( 1, 6)( 2, 3)( 4,22)( 5,15)( 7,19)( 8,11)( 9,13)(10,16)(12,14)(17,24)(18,21)\n(20,23)", "to": "( 1,15)( 2,11)( 3, 8)( 4,14)( 5, 6)( 7,10)( 9,21)(12,22)(13,18)(16,19)(17,20)\n(23,24)", "weight": 1}, {"from": "( 1, 7,12, 8)( 2, 4,16, 5)( 3,20,19,21)( 6,17,22,18)( 9,14,23,15)(10,24,11,13)", "to": "( 1, 8,12, 7)( 2, 5,16, 4)( 3,21,19,20)( 6,18,22,17)( 9,15,23,14)(10,13,11,24)", "weight": 1}, {"from": "( 1, 7,12, 8)( 2, 4,16, 5)( 3,20,19,21)( 6,17,22,18)( 9,14,23,15)(10,24,11,13)", "to": "( 1,12)( 2,16)( 3,19)( 4, 5)( 6,22)( 7, 8)( 9,23)(10,11)(13,24)(14,15)(17,18)\n(20,21)", "weight": 1}, {"from": "( 1, 8,12, 7)( 2, 5,16, 4)( 3,21,19,20)( 6,18,22,17)( 9,15,23,14)(10,13,11,24)", "to": "( 1,12)( 2,16)( 3,19)( 4, 5)( 6,22)( 7, 8)( 9,23)(10,11)(13,24)(14,15)(17,18)\n(20,21)", "weight": 1}, {"from": "( 1,10,23)( 2,14,24)( 3,17,12)( 4,19, 9)( 5,11,18)( 6,20,16)( 7,22,13)\n( 8,15,21)", "to": "( 1,23,10)( 2,24,14)( 3,12,17)( 4, 9,19)( 5,18,11)( 6,16,20)( 7,13,22)\n( 8,21,15)", "weight": 1}, {"from": "( 1,11,17)( 2,15,20)( 3,18, 4)( 5,10, 9)( 6,21, 7)( 8,14,13)(12,19,23)\n(16,22,24)", "to": "( 1,17,11)( 2,20,15)( 3, 4,18)( 5, 9,10)( 6, 7,21)( 8,13,14)(12,23,19)\n(16,24,22)", "weight": 1}, {"from": "( 1,12)( 2,16)( 3,19)( 4, 5)( 6,22)( 7, 8)( 9,23)(10,11)(13,24)(14,15)(17,18)\n(20,21)", "to": "( 1,16)( 2,12)( 3,24)( 4, 7)( 5, 8)( 6,23)( 9,22)(10,20)(11,21)(13,19)(14,17)\n(15,18)", "weight": 1}, {"from": "( 1,13)( 2, 9)( 3, 6)( 4,20)( 5,24)( 7,17)( 8,23)(10,14)(11,22)(12,21)(15,19)\n(16,18)", "to": "( 1,20)( 2,17)( 3,14)( 4,13)( 5,21)( 6,10)( 7, 9)( 8,18)(11,15)(12,24)(16,23)\n(19,22)", "weight": 1}, {"from": "( 1,14, 5,22)( 2,10, 8,19)( 3, 7,11,16)( 4,15,12, 6)( 9,20,18,24)(13,17,21,23)", "to": "( 1,22, 5,14)( 2,19, 8,10)( 3,16,11, 7)( 4, 6,12,15)( 9,24,18,20)(13,23,21,17)", "weight": 1}, {"from": "( 1,18,19)( 2,21,22)( 3, 5,23)( 4,17,10)( 6, 8,24)( 7,20,14)( 9,11,12)\n(13,15,16)", "to": "( 1,19,18)( 2,22,21)( 3,23, 5)( 4,10,17)( 6,24, 8)( 7,14,20)( 9,12,11)\n(13,16,15)", "weight": 1}, {"from": "( 1,21, 4,24)( 2,18, 7,23)( 3,15,10,22)( 5,20,12,13)( 6,11,14,19)( 8,17,16, 9)", "to": "( 1,24, 4,21)( 2,23, 7,18)( 3,22,10,15)( 5,13,12,20)( 6,19,14,11)( 8, 9,16,17)", "weight": 1}]);

        // adding nodes and edges to the graph
        data = {nodes: nodes, edges: edges};

        var options = {
    "configure": {
        "enabled": true
    },
    "edges": {
        "color": {
            "inherit": true
        },
        "smooth": {
            "enabled": false,
            "type": "continuous"
        }
    },
    "interaction": {
        "dragNodes": true,
        "hideEdgesOnDrag": false,
        "hideNodesOnDrag": false
    },
    "physics": {
        "enabled": true,
        "stabilization": {
            "enabled": true,
            "fit": true,
            "iterations": 1000,
            "onlyDynamicEdges": false,
            "updateInterval": 50
        }
    }
};
        
        

        
        // if this network requires displaying the configure window,
        // put it in its div
        options.configure["container"] = document.getElementById("config");
        

        network = new vis.Network(container, data, options);
	 
        


        

        return network;

    }

    drawGraph();

</script>
</body>
</html>