<html>
<head>
<link rel="stylesheet" href="https://cdnjs.cloudflare.com/ajax/libs/vis/4.16.1/vis.css" type="text/css" />
<script type="text/javascript" src="https://cdnjs.cloudflare.com/ajax/libs/vis/4.16.1/vis-network.min.js"> </script>
<center>
<h1></h1>
</center>

<!-- <link rel="stylesheet" href="../node_modules/vis/dist/vis.min.css" type="text/css" />
<script type="text/javascript" src="../node_modules/vis/dist/vis.js"> </script>-->

<style type="text/css">

        #mynetwork {
            width: 80%;
            height: 1000px;
            background-color: #ffffff;
            border: 1px solid lightgray;
            position: relative;
            float: left;
        }

        

        
        #config {
            float: left;
            width: 400px;
            height: 600px;
        }
        

        
</style>

</head>

<body>
<div id = "mynetwork"></div>


<div id = "config"></div>

<script type="text/javascript">

    // initialize global variables.
    var edges;
    var nodes;
    var network; 
    var container;
    var options, data;

    
    // This method is responsible for drawing the graph, returns the drawn network
    function drawGraph() {
        var container = document.getElementById('mynetwork');
        
        

        // parsing and collecting nodes and edges from the python
        nodes = new vis.DataSet([{"id": "()", "label": "()", "shape": "dot", "size": 10}, {"id": "( 1, 2, 3, 6, 4, 7, 9,13)( 5,16,10,21,11,22,17,24)( 8,18,14,19,15,23,20,12)", "label": "( 1, 2, 3, 6, 4, 7, 9,13)( 5,16,10,21,11,22,17,24)( 8,18,14,19,15,23,20,12)", "shape": "dot", "size": 10}, {"id": "( 1, 3, 4, 9)( 2, 6, 7,13)( 5,10,11,17)( 8,14,15,20)(12,18,19,23)(16,21,22,24)", "label": "( 1, 3, 4, 9)( 2, 6, 7,13)( 5,10,11,17)( 8,14,15,20)(12,18,19,23)(16,21,22,24)", "shape": "dot", "size": 10}, {"id": "( 1, 4)( 2, 7)( 3, 9)( 5,11)( 6,13)( 8,15)(10,17)(12,19)(14,20)(16,22)(18,23)\n(21,24)", "label": "( 1, 4)( 2, 7)( 3, 9)( 5,11)( 6,13)( 8,15)(10,17)(12,19)(14,20)(16,22)(18,23)\n(21,24)", "shape": "dot", "size": 10}, {"id": "( 1, 5,12)( 2, 8,16)( 3,10,18)( 4,11,19)( 6,14,21)( 7,15,22)( 9,17,23)\n(13,20,24)", "label": "( 1, 5,12)( 2, 8,16)( 3,10,18)( 4,11,19)( 6,14,21)( 7,15,22)( 9,17,23)\n(13,20,24)", "shape": "dot", "size": 10}, {"id": "( 1, 6, 9, 2, 4,13, 3, 7)( 5,21,17,16,11,24,10,22)( 8,19,20,18,15,12,14,23)", "label": "( 1, 6, 9, 2, 4,13, 3, 7)( 5,21,17,16,11,24,10,22)( 8,19,20,18,15,12,14,23)", "shape": "dot", "size": 10}, {"id": "( 1, 7, 3,13, 4, 2, 9, 6)( 5,22,10,24,11,16,17,21)( 8,23,14,12,15,18,20,19)", "label": "( 1, 7, 3,13, 4, 2, 9, 6)( 5,22,10,24,11,16,17,21)( 8,23,14,12,15,18,20,19)", "shape": "dot", "size": 10}, {"id": "( 1, 8, 3,14, 4,15, 9,20)( 2,10, 6,11, 7,17,13, 5)(12,16,18,21,19,22,23,24)", "label": "( 1, 8, 3,14, 4,15, 9,20)( 2,10, 6,11, 7,17,13, 5)(12,16,18,21,19,22,23,24)", "shape": "dot", "size": 10}, {"id": "( 1, 9, 4, 3)( 2,13, 7, 6)( 5,17,11,10)( 8,20,15,14)(12,23,19,18)(16,24,22,21)", "label": "( 1, 9, 4, 3)( 2,13, 7, 6)( 5,17,11,10)( 8,20,15,14)(12,23,19,18)(16,24,22,21)", "shape": "dot", "size": 10}, {"id": "( 1,10,19, 9, 5,18, 4,17,12, 3,11,23)( 2,14,22,13, 8,21, 7,20,16, 6,15,24)", "label": "( 1,10,19, 9, 5,18, 4,17,12, 3,11,23)( 2,14,22,13, 8,21, 7,20,16, 6,15,24)", "shape": "dot", "size": 10}, {"id": "( 1,11,12, 4, 5,19)( 2,15,16, 7, 8,22)( 3,17,18, 9,10,23)( 6,20,21,13,14,24)", "label": "( 1,11,12, 4, 5,19)( 2,15,16, 7, 8,22)( 3,17,18, 9,10,23)( 6,20,21,13,14,24)", "shape": "dot", "size": 10}, {"id": "( 1,12, 5)( 2,16, 8)( 3,18,10)( 4,19,11)( 6,21,14)( 7,22,15)( 9,23,17)\n(13,24,20)", "label": "( 1,12, 5)( 2,16, 8)( 3,18,10)( 4,19,11)( 6,21,14)( 7,22,15)( 9,23,17)\n(13,24,20)", "shape": "dot", "size": 10}, {"id": "( 1,13, 9, 7, 4, 6, 3, 2)( 5,24,17,22,11,21,10,16)( 8,12,20,23,15,19,14,18)", "label": "( 1,13, 9, 7, 4, 6, 3, 2)( 5,24,17,22,11,21,10,16)( 8,12,20,23,15,19,14,18)", "shape": "dot", "size": 10}, {"id": "( 1,14, 9, 8, 4,20, 3,15)( 2,11,13,10, 7, 5, 6,17)(12,21,23,16,19,24,18,22)", "label": "( 1,14, 9, 8, 4,20, 3,15)( 2,11,13,10, 7, 5, 6,17)(12,21,23,16,19,24,18,22)", "shape": "dot", "size": 10}, {"id": "( 1,15, 3,20, 4, 8, 9,14)( 2,17, 6, 5, 7,10,13,11)(12,22,18,24,19,16,23,21)", "label": "( 1,15, 3,20, 4, 8, 9,14)( 2,17, 6, 5, 7,10,13,11)(12,22,18,24,19,16,23,21)", "shape": "dot", "size": 10}, {"id": "( 1,16, 3,21, 4,22, 9,24)( 2,18, 6,19, 7,23,13,12)( 5, 8,10,14,11,15,17,20)", "label": "( 1,16, 3,21, 4,22, 9,24)( 2,18, 6,19, 7,23,13,12)( 5, 8,10,14,11,15,17,20)", "shape": "dot", "size": 10}, {"id": "( 1,17,19, 3, 5,23, 4,10,12, 9,11,18)( 2,20,22, 6, 8,24, 7,14,16,13,15,21)", "label": "( 1,17,19, 3, 5,23, 4,10,12, 9,11,18)( 2,20,22, 6, 8,24, 7,14,16,13,15,21)", "shape": "dot", "size": 10}, {"id": "( 1,18,11, 9,12,10, 4,23, 5, 3,19,17)( 2,21,15,13,16,14, 7,24, 8, 6,22,20)", "label": "( 1,18,11, 9,12,10, 4,23, 5, 3,19,17)( 2,21,15,13,16,14, 7,24, 8, 6,22,20)", "shape": "dot", "size": 10}, {"id": "( 1,19, 5, 4,12,11)( 2,22, 8, 7,16,15)( 3,23,10, 9,18,17)( 6,24,14,13,21,20)", "label": "( 1,19, 5, 4,12,11)( 2,22, 8, 7,16,15)( 3,23,10, 9,18,17)( 6,24,14,13,21,20)", "shape": "dot", "size": 10}, {"id": "( 1,20, 9,15, 4,14, 3, 8)( 2, 5,13,17, 7,11, 6,10)(12,24,23,22,19,21,18,16)", "label": "( 1,20, 9,15, 4,14, 3, 8)( 2, 5,13,17, 7,11, 6,10)(12,24,23,22,19,21,18,16)", "shape": "dot", "size": 10}, {"id": "( 1,21, 9,16, 4,24, 3,22)( 2,19,13,18, 7,12, 6,23)( 5,14,17, 8,11,20,10,15)", "label": "( 1,21, 9,16, 4,24, 3,22)( 2,19,13,18, 7,12, 6,23)( 5,14,17, 8,11,20,10,15)", "shape": "dot", "size": 10}, {"id": "( 1,22, 3,24, 4,16, 9,21)( 2,23, 6,12, 7,18,13,19)( 5,15,10,20,11, 8,17,14)", "label": "( 1,22, 3,24, 4,16, 9,21)( 2,23, 6,12, 7,18,13,19)( 5,15,10,20,11, 8,17,14)", "shape": "dot", "size": 10}, {"id": "( 1,23,11, 3,12,17, 4,18, 5, 9,19,10)( 2,24,15, 6,16,20, 7,21, 8,13,22,14)", "label": "( 1,23,11, 3,12,17, 4,18, 5, 9,19,10)( 2,24,15, 6,16,20, 7,21, 8,13,22,14)", "shape": "dot", "size": 10}, {"id": "( 1,24, 9,22, 4,21, 3,16)( 2,12,13,23, 7,19, 6,18)( 5,20,17,15,11,14,10, 8)", "label": "( 1,24, 9,22, 4,21, 3,16)( 2,12,13,23, 7,19, 6,18)( 5,20,17,15,11,14,10, 8)", "shape": "dot", "size": 10}]);
        edges = new vis.DataSet([{"from": "()", "to": "( 1, 2, 3, 6, 4, 7, 9,13)( 5,16,10,21,11,22,17,24)( 8,18,14,19,15,23,20,12)", "weight": 1}, {"from": "()", "to": "( 1, 3, 4, 9)( 2, 6, 7,13)( 5,10,11,17)( 8,14,15,20)(12,18,19,23)(16,21,22,24)", "weight": 1}, {"from": "()", "to": "( 1, 4)( 2, 7)( 3, 9)( 5,11)( 6,13)( 8,15)(10,17)(12,19)(14,20)(16,22)(18,23)\n(21,24)", "weight": 1}, {"from": "()", "to": "( 1, 5,12)( 2, 8,16)( 3,10,18)( 4,11,19)( 6,14,21)( 7,15,22)( 9,17,23)\n(13,20,24)", "weight": 1}, {"from": "()", "to": "( 1, 6, 9, 2, 4,13, 3, 7)( 5,21,17,16,11,24,10,22)( 8,19,20,18,15,12,14,23)", "weight": 1}, {"from": "()", "to": "( 1, 7, 3,13, 4, 2, 9, 6)( 5,22,10,24,11,16,17,21)( 8,23,14,12,15,18,20,19)", "weight": 1}, {"from": "()", "to": "( 1, 8, 3,14, 4,15, 9,20)( 2,10, 6,11, 7,17,13, 5)(12,16,18,21,19,22,23,24)", "weight": 1}, {"from": "()", "to": "( 1, 9, 4, 3)( 2,13, 7, 6)( 5,17,11,10)( 8,20,15,14)(12,23,19,18)(16,24,22,21)", "weight": 1}, {"from": "()", "to": "( 1,10,19, 9, 5,18, 4,17,12, 3,11,23)( 2,14,22,13, 8,21, 7,20,16, 6,15,24)", "weight": 1}, {"from": "()", "to": "( 1,11,12, 4, 5,19)( 2,15,16, 7, 8,22)( 3,17,18, 9,10,23)( 6,20,21,13,14,24)", "weight": 1}, {"from": "()", "to": "( 1,12, 5)( 2,16, 8)( 3,18,10)( 4,19,11)( 6,21,14)( 7,22,15)( 9,23,17)\n(13,24,20)", "weight": 1}, {"from": "()", "to": "( 1,13, 9, 7, 4, 6, 3, 2)( 5,24,17,22,11,21,10,16)( 8,12,20,23,15,19,14,18)", "weight": 1}, {"from": "()", "to": "( 1,14, 9, 8, 4,20, 3,15)( 2,11,13,10, 7, 5, 6,17)(12,21,23,16,19,24,18,22)", "weight": 1}, {"from": "()", "to": "( 1,15, 3,20, 4, 8, 9,14)( 2,17, 6, 5, 7,10,13,11)(12,22,18,24,19,16,23,21)", "weight": 1}, {"from": "()", "to": "( 1,16, 3,21, 4,22, 9,24)( 2,18, 6,19, 7,23,13,12)( 5, 8,10,14,11,15,17,20)", "weight": 1}, {"from": "()", "to": "( 1,17,19, 3, 5,23, 4,10,12, 9,11,18)( 2,20,22, 6, 8,24, 7,14,16,13,15,21)", "weight": 1}, {"from": "()", "to": "( 1,18,11, 9,12,10, 4,23, 5, 3,19,17)( 2,21,15,13,16,14, 7,24, 8, 6,22,20)", "weight": 1}, {"from": "()", "to": "( 1,19, 5, 4,12,11)( 2,22, 8, 7,16,15)( 3,23,10, 9,18,17)( 6,24,14,13,21,20)", "weight": 1}, {"from": "()", "to": "( 1,20, 9,15, 4,14, 3, 8)( 2, 5,13,17, 7,11, 6,10)(12,24,23,22,19,21,18,16)", "weight": 1}, {"from": "()", "to": "( 1,21, 9,16, 4,24, 3,22)( 2,19,13,18, 7,12, 6,23)( 5,14,17, 8,11,20,10,15)", "weight": 1}, {"from": "()", "to": "( 1,22, 3,24, 4,16, 9,21)( 2,23, 6,12, 7,18,13,19)( 5,15,10,20,11, 8,17,14)", "weight": 1}, {"from": "()", "to": "( 1,23,11, 3,12,17, 4,18, 5, 9,19,10)( 2,24,15, 6,16,20, 7,21, 8,13,22,14)", "weight": 1}, {"from": "()", "to": "( 1,24, 9,22, 4,21, 3,16)( 2,12,13,23, 7,19, 6,18)( 5,20,17,15,11,14,10, 8)", "weight": 1}, {"from": "( 1, 2, 3, 6, 4, 7, 9,13)( 5,16,10,21,11,22,17,24)( 8,18,14,19,15,23,20,12)", "to": "( 1, 3, 4, 9)( 2, 6, 7,13)( 5,10,11,17)( 8,14,15,20)(12,18,19,23)(16,21,22,24)", "weight": 1}, {"from": "( 1, 2, 3, 6, 4, 7, 9,13)( 5,16,10,21,11,22,17,24)( 8,18,14,19,15,23,20,12)", "to": "( 1, 4)( 2, 7)( 3, 9)( 5,11)( 6,13)( 8,15)(10,17)(12,19)(14,20)(16,22)(18,23)\n(21,24)", "weight": 1}, {"from": "( 1, 2, 3, 6, 4, 7, 9,13)( 5,16,10,21,11,22,17,24)( 8,18,14,19,15,23,20,12)", "to": "( 1, 6, 9, 2, 4,13, 3, 7)( 5,21,17,16,11,24,10,22)( 8,19,20,18,15,12,14,23)", "weight": 1}, {"from": "( 1, 2, 3, 6, 4, 7, 9,13)( 5,16,10,21,11,22,17,24)( 8,18,14,19,15,23,20,12)", "to": "( 1, 7, 3,13, 4, 2, 9, 6)( 5,22,10,24,11,16,17,21)( 8,23,14,12,15,18,20,19)", "weight": 1}, {"from": "( 1, 2, 3, 6, 4, 7, 9,13)( 5,16,10,21,11,22,17,24)( 8,18,14,19,15,23,20,12)", "to": "( 1, 9, 4, 3)( 2,13, 7, 6)( 5,17,11,10)( 8,20,15,14)(12,23,19,18)(16,24,22,21)", "weight": 1}, {"from": "( 1, 2, 3, 6, 4, 7, 9,13)( 5,16,10,21,11,22,17,24)( 8,18,14,19,15,23,20,12)", "to": "( 1,13, 9, 7, 4, 6, 3, 2)( 5,24,17,22,11,21,10,16)( 8,12,20,23,15,19,14,18)", "weight": 1}, {"from": "( 1, 3, 4, 9)( 2, 6, 7,13)( 5,10,11,17)( 8,14,15,20)(12,18,19,23)(16,21,22,24)", "to": "( 1, 4)( 2, 7)( 3, 9)( 5,11)( 6,13)( 8,15)(10,17)(12,19)(14,20)(16,22)(18,23)\n(21,24)", "weight": 1}, {"from": "( 1, 3, 4, 9)( 2, 6, 7,13)( 5,10,11,17)( 8,14,15,20)(12,18,19,23)(16,21,22,24)", "to": "( 1, 5,12)( 2, 8,16)( 3,10,18)( 4,11,19)( 6,14,21)( 7,15,22)( 9,17,23)\n(13,20,24)", "weight": 1}, {"from": "( 1, 3, 4, 9)( 2, 6, 7,13)( 5,10,11,17)( 8,14,15,20)(12,18,19,23)(16,21,22,24)", "to": "( 1, 6, 9, 2, 4,13, 3, 7)( 5,21,17,16,11,24,10,22)( 8,19,20,18,15,12,14,23)", "weight": 1}, {"from": "( 1, 3, 4, 9)( 2, 6, 7,13)( 5,10,11,17)( 8,14,15,20)(12,18,19,23)(16,21,22,24)", "to": "( 1, 7, 3,13, 4, 2, 9, 6)( 5,22,10,24,11,16,17,21)( 8,23,14,12,15,18,20,19)", "weight": 1}, {"from": "( 1, 3, 4, 9)( 2, 6, 7,13)( 5,10,11,17)( 8,14,15,20)(12,18,19,23)(16,21,22,24)", "to": "( 1, 8, 3,14, 4,15, 9,20)( 2,10, 6,11, 7,17,13, 5)(12,16,18,21,19,22,23,24)", "weight": 1}, {"from": "( 1, 3, 4, 9)( 2, 6, 7,13)( 5,10,11,17)( 8,14,15,20)(12,18,19,23)(16,21,22,24)", "to": "( 1, 9, 4, 3)( 2,13, 7, 6)( 5,17,11,10)( 8,20,15,14)(12,23,19,18)(16,24,22,21)", "weight": 1}, {"from": "( 1, 3, 4, 9)( 2, 6, 7,13)( 5,10,11,17)( 8,14,15,20)(12,18,19,23)(16,21,22,24)", "to": "( 1,10,19, 9, 5,18, 4,17,12, 3,11,23)( 2,14,22,13, 8,21, 7,20,16, 6,15,24)", "weight": 1}, {"from": "( 1, 3, 4, 9)( 2, 6, 7,13)( 5,10,11,17)( 8,14,15,20)(12,18,19,23)(16,21,22,24)", "to": "( 1,11,12, 4, 5,19)( 2,15,16, 7, 8,22)( 3,17,18, 9,10,23)( 6,20,21,13,14,24)", "weight": 1}, {"from": "( 1, 3, 4, 9)( 2, 6, 7,13)( 5,10,11,17)( 8,14,15,20)(12,18,19,23)(16,21,22,24)", "to": "( 1,12, 5)( 2,16, 8)( 3,18,10)( 4,19,11)( 6,21,14)( 7,22,15)( 9,23,17)\n(13,24,20)", "weight": 1}, {"from": "( 1, 3, 4, 9)( 2, 6, 7,13)( 5,10,11,17)( 8,14,15,20)(12,18,19,23)(16,21,22,24)", "to": "( 1,13, 9, 7, 4, 6, 3, 2)( 5,24,17,22,11,21,10,16)( 8,12,20,23,15,19,14,18)", "weight": 1}, {"from": "( 1, 3, 4, 9)( 2, 6, 7,13)( 5,10,11,17)( 8,14,15,20)(12,18,19,23)(16,21,22,24)", "to": "( 1,14, 9, 8, 4,20, 3,15)( 2,11,13,10, 7, 5, 6,17)(12,21,23,16,19,24,18,22)", "weight": 1}, {"from": "( 1, 3, 4, 9)( 2, 6, 7,13)( 5,10,11,17)( 8,14,15,20)(12,18,19,23)(16,21,22,24)", "to": "( 1,15, 3,20, 4, 8, 9,14)( 2,17, 6, 5, 7,10,13,11)(12,22,18,24,19,16,23,21)", "weight": 1}, {"from": "( 1, 3, 4, 9)( 2, 6, 7,13)( 5,10,11,17)( 8,14,15,20)(12,18,19,23)(16,21,22,24)", "to": "( 1,16, 3,21, 4,22, 9,24)( 2,18, 6,19, 7,23,13,12)( 5, 8,10,14,11,15,17,20)", "weight": 1}, {"from": "( 1, 3, 4, 9)( 2, 6, 7,13)( 5,10,11,17)( 8,14,15,20)(12,18,19,23)(16,21,22,24)", "to": "( 1,17,19, 3, 5,23, 4,10,12, 9,11,18)( 2,20,22, 6, 8,24, 7,14,16,13,15,21)", "weight": 1}, {"from": "( 1, 3, 4, 9)( 2, 6, 7,13)( 5,10,11,17)( 8,14,15,20)(12,18,19,23)(16,21,22,24)", "to": "( 1,18,11, 9,12,10, 4,23, 5, 3,19,17)( 2,21,15,13,16,14, 7,24, 8, 6,22,20)", "weight": 1}, {"from": "( 1, 3, 4, 9)( 2, 6, 7,13)( 5,10,11,17)( 8,14,15,20)(12,18,19,23)(16,21,22,24)", "to": "( 1,19, 5, 4,12,11)( 2,22, 8, 7,16,15)( 3,23,10, 9,18,17)( 6,24,14,13,21,20)", "weight": 1}, {"from": "( 1, 3, 4, 9)( 2, 6, 7,13)( 5,10,11,17)( 8,14,15,20)(12,18,19,23)(16,21,22,24)", "to": "( 1,20, 9,15, 4,14, 3, 8)( 2, 5,13,17, 7,11, 6,10)(12,24,23,22,19,21,18,16)", "weight": 1}, {"from": "( 1, 3, 4, 9)( 2, 6, 7,13)( 5,10,11,17)( 8,14,15,20)(12,18,19,23)(16,21,22,24)", "to": "( 1,21, 9,16, 4,24, 3,22)( 2,19,13,18, 7,12, 6,23)( 5,14,17, 8,11,20,10,15)", "weight": 1}, {"from": "( 1, 3, 4, 9)( 2, 6, 7,13)( 5,10,11,17)( 8,14,15,20)(12,18,19,23)(16,21,22,24)", "to": "( 1,22, 3,24, 4,16, 9,21)( 2,23, 6,12, 7,18,13,19)( 5,15,10,20,11, 8,17,14)", "weight": 1}, {"from": "( 1, 3, 4, 9)( 2, 6, 7,13)( 5,10,11,17)( 8,14,15,20)(12,18,19,23)(16,21,22,24)", "to": "( 1,23,11, 3,12,17, 4,18, 5, 9,19,10)( 2,24,15, 6,16,20, 7,21, 8,13,22,14)", "weight": 1}, {"from": "( 1, 3, 4, 9)( 2, 6, 7,13)( 5,10,11,17)( 8,14,15,20)(12,18,19,23)(16,21,22,24)", "to": "( 1,24, 9,22, 4,21, 3,16)( 2,12,13,23, 7,19, 6,18)( 5,20,17,15,11,14,10, 8)", "weight": 1}, {"from": "( 1, 4)( 2, 7)( 3, 9)( 5,11)( 6,13)( 8,15)(10,17)(12,19)(14,20)(16,22)(18,23)\n(21,24)", "to": "( 1, 5,12)( 2, 8,16)( 3,10,18)( 4,11,19)( 6,14,21)( 7,15,22)( 9,17,23)\n(13,20,24)", "weight": 1}, {"from": "( 1, 4)( 2, 7)( 3, 9)( 5,11)( 6,13)( 8,15)(10,17)(12,19)(14,20)(16,22)(18,23)\n(21,24)", "to": "( 1, 6, 9, 2, 4,13, 3, 7)( 5,21,17,16,11,24,10,22)( 8,19,20,18,15,12,14,23)", "weight": 1}, {"from": "( 1, 4)( 2, 7)( 3, 9)( 5,11)( 6,13)( 8,15)(10,17)(12,19)(14,20)(16,22)(18,23)\n(21,24)", "to": "( 1, 7, 3,13, 4, 2, 9, 6)( 5,22,10,24,11,16,17,21)( 8,23,14,12,15,18,20,19)", "weight": 1}, {"from": "( 1, 4)( 2, 7)( 3, 9)( 5,11)( 6,13)( 8,15)(10,17)(12,19)(14,20)(16,22)(18,23)\n(21,24)", "to": "( 1, 8, 3,14, 4,15, 9,20)( 2,10, 6,11, 7,17,13, 5)(12,16,18,21,19,22,23,24)", "weight": 1}, {"from": "( 1, 4)( 2, 7)( 3, 9)( 5,11)( 6,13)( 8,15)(10,17)(12,19)(14,20)(16,22)(18,23)\n(21,24)", "to": "( 1, 9, 4, 3)( 2,13, 7, 6)( 5,17,11,10)( 8,20,15,14)(12,23,19,18)(16,24,22,21)", "weight": 1}, {"from": "( 1, 4)( 2, 7)( 3, 9)( 5,11)( 6,13)( 8,15)(10,17)(12,19)(14,20)(16,22)(18,23)\n(21,24)", "to": "( 1,10,19, 9, 5,18, 4,17,12, 3,11,23)( 2,14,22,13, 8,21, 7,20,16, 6,15,24)", "weight": 1}, {"from": "( 1, 4)( 2, 7)( 3, 9)( 5,11)( 6,13)( 8,15)(10,17)(12,19)(14,20)(16,22)(18,23)\n(21,24)", "to": "( 1,11,12, 4, 5,19)( 2,15,16, 7, 8,22)( 3,17,18, 9,10,23)( 6,20,21,13,14,24)", "weight": 1}, {"from": "( 1, 4)( 2, 7)( 3, 9)( 5,11)( 6,13)( 8,15)(10,17)(12,19)(14,20)(16,22)(18,23)\n(21,24)", "to": "( 1,12, 5)( 2,16, 8)( 3,18,10)( 4,19,11)( 6,21,14)( 7,22,15)( 9,23,17)\n(13,24,20)", "weight": 1}, {"from": "( 1, 4)( 2, 7)( 3, 9)( 5,11)( 6,13)( 8,15)(10,17)(12,19)(14,20)(16,22)(18,23)\n(21,24)", "to": "( 1,13, 9, 7, 4, 6, 3, 2)( 5,24,17,22,11,21,10,16)( 8,12,20,23,15,19,14,18)", "weight": 1}, {"from": "( 1, 4)( 2, 7)( 3, 9)( 5,11)( 6,13)( 8,15)(10,17)(12,19)(14,20)(16,22)(18,23)\n(21,24)", "to": "( 1,14, 9, 8, 4,20, 3,15)( 2,11,13,10, 7, 5, 6,17)(12,21,23,16,19,24,18,22)", "weight": 1}, {"from": "( 1, 4)( 2, 7)( 3, 9)( 5,11)( 6,13)( 8,15)(10,17)(12,19)(14,20)(16,22)(18,23)\n(21,24)", "to": "( 1,15, 3,20, 4, 8, 9,14)( 2,17, 6, 5, 7,10,13,11)(12,22,18,24,19,16,23,21)", "weight": 1}, {"from": "( 1, 4)( 2, 7)( 3, 9)( 5,11)( 6,13)( 8,15)(10,17)(12,19)(14,20)(16,22)(18,23)\n(21,24)", "to": "( 1,16, 3,21, 4,22, 9,24)( 2,18, 6,19, 7,23,13,12)( 5, 8,10,14,11,15,17,20)", "weight": 1}, {"from": "( 1, 4)( 2, 7)( 3, 9)( 5,11)( 6,13)( 8,15)(10,17)(12,19)(14,20)(16,22)(18,23)\n(21,24)", "to": "( 1,17,19, 3, 5,23, 4,10,12, 9,11,18)( 2,20,22, 6, 8,24, 7,14,16,13,15,21)", "weight": 1}, {"from": "( 1, 4)( 2, 7)( 3, 9)( 5,11)( 6,13)( 8,15)(10,17)(12,19)(14,20)(16,22)(18,23)\n(21,24)", "to": "( 1,18,11, 9,12,10, 4,23, 5, 3,19,17)( 2,21,15,13,16,14, 7,24, 8, 6,22,20)", "weight": 1}, {"from": "( 1, 4)( 2, 7)( 3, 9)( 5,11)( 6,13)( 8,15)(10,17)(12,19)(14,20)(16,22)(18,23)\n(21,24)", "to": "( 1,19, 5, 4,12,11)( 2,22, 8, 7,16,15)( 3,23,10, 9,18,17)( 6,24,14,13,21,20)", "weight": 1}, {"from": "( 1, 4)( 2, 7)( 3, 9)( 5,11)( 6,13)( 8,15)(10,17)(12,19)(14,20)(16,22)(18,23)\n(21,24)", "to": "( 1,20, 9,15, 4,14, 3, 8)( 2, 5,13,17, 7,11, 6,10)(12,24,23,22,19,21,18,16)", "weight": 1}, {"from": "( 1, 4)( 2, 7)( 3, 9)( 5,11)( 6,13)( 8,15)(10,17)(12,19)(14,20)(16,22)(18,23)\n(21,24)", "to": "( 1,21, 9,16, 4,24, 3,22)( 2,19,13,18, 7,12, 6,23)( 5,14,17, 8,11,20,10,15)", "weight": 1}, {"from": "( 1, 4)( 2, 7)( 3, 9)( 5,11)( 6,13)( 8,15)(10,17)(12,19)(14,20)(16,22)(18,23)\n(21,24)", "to": "( 1,22, 3,24, 4,16, 9,21)( 2,23, 6,12, 7,18,13,19)( 5,15,10,20,11, 8,17,14)", "weight": 1}, {"from": "( 1, 4)( 2, 7)( 3, 9)( 5,11)( 6,13)( 8,15)(10,17)(12,19)(14,20)(16,22)(18,23)\n(21,24)", "to": "( 1,23,11, 3,12,17, 4,18, 5, 9,19,10)( 2,24,15, 6,16,20, 7,21, 8,13,22,14)", "weight": 1}, {"from": "( 1, 4)( 2, 7)( 3, 9)( 5,11)( 6,13)( 8,15)(10,17)(12,19)(14,20)(16,22)(18,23)\n(21,24)", "to": "( 1,24, 9,22, 4,21, 3,16)( 2,12,13,23, 7,19, 6,18)( 5,20,17,15,11,14,10, 8)", "weight": 1}, {"from": "( 1, 5,12)( 2, 8,16)( 3,10,18)( 4,11,19)( 6,14,21)( 7,15,22)( 9,17,23)\n(13,20,24)", "to": "( 1, 9, 4, 3)( 2,13, 7, 6)( 5,17,11,10)( 8,20,15,14)(12,23,19,18)(16,24,22,21)", "weight": 1}, {"from": "( 1, 5,12)( 2, 8,16)( 3,10,18)( 4,11,19)( 6,14,21)( 7,15,22)( 9,17,23)\n(13,20,24)", "to": "( 1,10,19, 9, 5,18, 4,17,12, 3,11,23)( 2,14,22,13, 8,21, 7,20,16, 6,15,24)", "weight": 1}, {"from": "( 1, 5,12)( 2, 8,16)( 3,10,18)( 4,11,19)( 6,14,21)( 7,15,22)( 9,17,23)\n(13,20,24)", "to": "( 1,11,12, 4, 5,19)( 2,15,16, 7, 8,22)( 3,17,18, 9,10,23)( 6,20,21,13,14,24)", "weight": 1}, {"from": "( 1, 5,12)( 2, 8,16)( 3,10,18)( 4,11,19)( 6,14,21)( 7,15,22)( 9,17,23)\n(13,20,24)", "to": "( 1,12, 5)( 2,16, 8)( 3,18,10)( 4,19,11)( 6,21,14)( 7,22,15)( 9,23,17)\n(13,24,20)", "weight": 1}, {"from": "( 1, 5,12)( 2, 8,16)( 3,10,18)( 4,11,19)( 6,14,21)( 7,15,22)( 9,17,23)\n(13,20,24)", "to": "( 1,17,19, 3, 5,23, 4,10,12, 9,11,18)( 2,20,22, 6, 8,24, 7,14,16,13,15,21)", "weight": 1}, {"from": "( 1, 5,12)( 2, 8,16)( 3,10,18)( 4,11,19)( 6,14,21)( 7,15,22)( 9,17,23)\n(13,20,24)", "to": "( 1,18,11, 9,12,10, 4,23, 5, 3,19,17)( 2,21,15,13,16,14, 7,24, 8, 6,22,20)", "weight": 1}, {"from": "( 1, 5,12)( 2, 8,16)( 3,10,18)( 4,11,19)( 6,14,21)( 7,15,22)( 9,17,23)\n(13,20,24)", "to": "( 1,19, 5, 4,12,11)( 2,22, 8, 7,16,15)( 3,23,10, 9,18,17)( 6,24,14,13,21,20)", "weight": 1}, {"from": "( 1, 5,12)( 2, 8,16)( 3,10,18)( 4,11,19)( 6,14,21)( 7,15,22)( 9,17,23)\n(13,20,24)", "to": "( 1,23,11, 3,12,17, 4,18, 5, 9,19,10)( 2,24,15, 6,16,20, 7,21, 8,13,22,14)", "weight": 1}, {"from": "( 1, 6, 9, 2, 4,13, 3, 7)( 5,21,17,16,11,24,10,22)( 8,19,20,18,15,12,14,23)", "to": "( 1, 7, 3,13, 4, 2, 9, 6)( 5,22,10,24,11,16,17,21)( 8,23,14,12,15,18,20,19)", "weight": 1}, {"from": "( 1, 6, 9, 2, 4,13, 3, 7)( 5,21,17,16,11,24,10,22)( 8,19,20,18,15,12,14,23)", "to": "( 1, 9, 4, 3)( 2,13, 7, 6)( 5,17,11,10)( 8,20,15,14)(12,23,19,18)(16,24,22,21)", "weight": 1}, {"from": "( 1, 6, 9, 2, 4,13, 3, 7)( 5,21,17,16,11,24,10,22)( 8,19,20,18,15,12,14,23)", "to": "( 1,13, 9, 7, 4, 6, 3, 2)( 5,24,17,22,11,21,10,16)( 8,12,20,23,15,19,14,18)", "weight": 1}, {"from": "( 1, 7, 3,13, 4, 2, 9, 6)( 5,22,10,24,11,16,17,21)( 8,23,14,12,15,18,20,19)", "to": "( 1, 9, 4, 3)( 2,13, 7, 6)( 5,17,11,10)( 8,20,15,14)(12,23,19,18)(16,24,22,21)", "weight": 1}, {"from": "( 1, 7, 3,13, 4, 2, 9, 6)( 5,22,10,24,11,16,17,21)( 8,23,14,12,15,18,20,19)", "to": "( 1,13, 9, 7, 4, 6, 3, 2)( 5,24,17,22,11,21,10,16)( 8,12,20,23,15,19,14,18)", "weight": 1}, {"from": "( 1, 8, 3,14, 4,15, 9,20)( 2,10, 6,11, 7,17,13, 5)(12,16,18,21,19,22,23,24)", "to": "( 1, 9, 4, 3)( 2,13, 7, 6)( 5,17,11,10)( 8,20,15,14)(12,23,19,18)(16,24,22,21)", "weight": 1}, {"from": "( 1, 8, 3,14, 4,15, 9,20)( 2,10, 6,11, 7,17,13, 5)(12,16,18,21,19,22,23,24)", "to": "( 1,14, 9, 8, 4,20, 3,15)( 2,11,13,10, 7, 5, 6,17)(12,21,23,16,19,24,18,22)", "weight": 1}, {"from": "( 1, 8, 3,14, 4,15, 9,20)( 2,10, 6,11, 7,17,13, 5)(12,16,18,21,19,22,23,24)", "to": "( 1,15, 3,20, 4, 8, 9,14)( 2,17, 6, 5, 7,10,13,11)(12,22,18,24,19,16,23,21)", "weight": 1}, {"from": "( 1, 8, 3,14, 4,15, 9,20)( 2,10, 6,11, 7,17,13, 5)(12,16,18,21,19,22,23,24)", "to": "( 1,20, 9,15, 4,14, 3, 8)( 2, 5,13,17, 7,11, 6,10)(12,24,23,22,19,21,18,16)", "weight": 1}, {"from": "( 1, 9, 4, 3)( 2,13, 7, 6)( 5,17,11,10)( 8,20,15,14)(12,23,19,18)(16,24,22,21)", "to": "( 1,10,19, 9, 5,18, 4,17,12, 3,11,23)( 2,14,22,13, 8,21, 7,20,16, 6,15,24)", "weight": 1}, {"from": "( 1, 9, 4, 3)( 2,13, 7, 6)( 5,17,11,10)( 8,20,15,14)(12,23,19,18)(16,24,22,21)", "to": "( 1,11,12, 4, 5,19)( 2,15,16, 7, 8,22)( 3,17,18, 9,10,23)( 6,20,21,13,14,24)", "weight": 1}, {"from": "( 1, 9, 4, 3)( 2,13, 7, 6)( 5,17,11,10)( 8,20,15,14)(12,23,19,18)(16,24,22,21)", "to": "( 1,12, 5)( 2,16, 8)( 3,18,10)( 4,19,11)( 6,21,14)( 7,22,15)( 9,23,17)\n(13,24,20)", "weight": 1}, {"from": "( 1, 9, 4, 3)( 2,13, 7, 6)( 5,17,11,10)( 8,20,15,14)(12,23,19,18)(16,24,22,21)", "to": "( 1,13, 9, 7, 4, 6, 3, 2)( 5,24,17,22,11,21,10,16)( 8,12,20,23,15,19,14,18)", "weight": 1}, {"from": "( 1, 9, 4, 3)( 2,13, 7, 6)( 5,17,11,10)( 8,20,15,14)(12,23,19,18)(16,24,22,21)", "to": "( 1,14, 9, 8, 4,20, 3,15)( 2,11,13,10, 7, 5, 6,17)(12,21,23,16,19,24,18,22)", "weight": 1}, {"from": "( 1, 9, 4, 3)( 2,13, 7, 6)( 5,17,11,10)( 8,20,15,14)(12,23,19,18)(16,24,22,21)", "to": "( 1,15, 3,20, 4, 8, 9,14)( 2,17, 6, 5, 7,10,13,11)(12,22,18,24,19,16,23,21)", "weight": 1}, {"from": "( 1, 9, 4, 3)( 2,13, 7, 6)( 5,17,11,10)( 8,20,15,14)(12,23,19,18)(16,24,22,21)", "to": "( 1,16, 3,21, 4,22, 9,24)( 2,18, 6,19, 7,23,13,12)( 5, 8,10,14,11,15,17,20)", "weight": 1}, {"from": "( 1, 9, 4, 3)( 2,13, 7, 6)( 5,17,11,10)( 8,20,15,14)(12,23,19,18)(16,24,22,21)", "to": "( 1,17,19, 3, 5,23, 4,10,12, 9,11,18)( 2,20,22, 6, 8,24, 7,14,16,13,15,21)", "weight": 1}, {"from": "( 1, 9, 4, 3)( 2,13, 7, 6)( 5,17,11,10)( 8,20,15,14)(12,23,19,18)(16,24,22,21)", "to": "( 1,18,11, 9,12,10, 4,23, 5, 3,19,17)( 2,21,15,13,16,14, 7,24, 8, 6,22,20)", "weight": 1}, {"from": "( 1, 9, 4, 3)( 2,13, 7, 6)( 5,17,11,10)( 8,20,15,14)(12,23,19,18)(16,24,22,21)", "to": "( 1,19, 5, 4,12,11)( 2,22, 8, 7,16,15)( 3,23,10, 9,18,17)( 6,24,14,13,21,20)", "weight": 1}, {"from": "( 1, 9, 4, 3)( 2,13, 7, 6)( 5,17,11,10)( 8,20,15,14)(12,23,19,18)(16,24,22,21)", "to": "( 1,20, 9,15, 4,14, 3, 8)( 2, 5,13,17, 7,11, 6,10)(12,24,23,22,19,21,18,16)", "weight": 1}, {"from": "( 1, 9, 4, 3)( 2,13, 7, 6)( 5,17,11,10)( 8,20,15,14)(12,23,19,18)(16,24,22,21)", "to": "( 1,21, 9,16, 4,24, 3,22)( 2,19,13,18, 7,12, 6,23)( 5,14,17, 8,11,20,10,15)", "weight": 1}, {"from": "( 1, 9, 4, 3)( 2,13, 7, 6)( 5,17,11,10)( 8,20,15,14)(12,23,19,18)(16,24,22,21)", "to": "( 1,22, 3,24, 4,16, 9,21)( 2,23, 6,12, 7,18,13,19)( 5,15,10,20,11, 8,17,14)", "weight": 1}, {"from": "( 1, 9, 4, 3)( 2,13, 7, 6)( 5,17,11,10)( 8,20,15,14)(12,23,19,18)(16,24,22,21)", "to": "( 1,23,11, 3,12,17, 4,18, 5, 9,19,10)( 2,24,15, 6,16,20, 7,21, 8,13,22,14)", "weight": 1}, {"from": "( 1, 9, 4, 3)( 2,13, 7, 6)( 5,17,11,10)( 8,20,15,14)(12,23,19,18)(16,24,22,21)", "to": "( 1,24, 9,22, 4,21, 3,16)( 2,12,13,23, 7,19, 6,18)( 5,20,17,15,11,14,10, 8)", "weight": 1}, {"from": "( 1,10,19, 9, 5,18, 4,17,12, 3,11,23)( 2,14,22,13, 8,21, 7,20,16, 6,15,24)", "to": "( 1,11,12, 4, 5,19)( 2,15,16, 7, 8,22)( 3,17,18, 9,10,23)( 6,20,21,13,14,24)", "weight": 1}, {"from": "( 1,10,19, 9, 5,18, 4,17,12, 3,11,23)( 2,14,22,13, 8,21, 7,20,16, 6,15,24)", "to": "( 1,12, 5)( 2,16, 8)( 3,18,10)( 4,19,11)( 6,21,14)( 7,22,15)( 9,23,17)\n(13,24,20)", "weight": 1}, {"from": "( 1,10,19, 9, 5,18, 4,17,12, 3,11,23)( 2,14,22,13, 8,21, 7,20,16, 6,15,24)", "to": "( 1,17,19, 3, 5,23, 4,10,12, 9,11,18)( 2,20,22, 6, 8,24, 7,14,16,13,15,21)", "weight": 1}, {"from": "( 1,10,19, 9, 5,18, 4,17,12, 3,11,23)( 2,14,22,13, 8,21, 7,20,16, 6,15,24)", "to": "( 1,18,11, 9,12,10, 4,23, 5, 3,19,17)( 2,21,15,13,16,14, 7,24, 8, 6,22,20)", "weight": 1}, {"from": "( 1,10,19, 9, 5,18, 4,17,12, 3,11,23)( 2,14,22,13, 8,21, 7,20,16, 6,15,24)", "to": "( 1,19, 5, 4,12,11)( 2,22, 8, 7,16,15)( 3,23,10, 9,18,17)( 6,24,14,13,21,20)", "weight": 1}, {"from": "( 1,10,19, 9, 5,18, 4,17,12, 3,11,23)( 2,14,22,13, 8,21, 7,20,16, 6,15,24)", "to": "( 1,23,11, 3,12,17, 4,18, 5, 9,19,10)( 2,24,15, 6,16,20, 7,21, 8,13,22,14)", "weight": 1}, {"from": "( 1,11,12, 4, 5,19)( 2,15,16, 7, 8,22)( 3,17,18, 9,10,23)( 6,20,21,13,14,24)", "to": "( 1,12, 5)( 2,16, 8)( 3,18,10)( 4,19,11)( 6,21,14)( 7,22,15)( 9,23,17)\n(13,24,20)", "weight": 1}, {"from": "( 1,11,12, 4, 5,19)( 2,15,16, 7, 8,22)( 3,17,18, 9,10,23)( 6,20,21,13,14,24)", "to": "( 1,17,19, 3, 5,23, 4,10,12, 9,11,18)( 2,20,22, 6, 8,24, 7,14,16,13,15,21)", "weight": 1}, {"from": "( 1,11,12, 4, 5,19)( 2,15,16, 7, 8,22)( 3,17,18, 9,10,23)( 6,20,21,13,14,24)", "to": "( 1,18,11, 9,12,10, 4,23, 5, 3,19,17)( 2,21,15,13,16,14, 7,24, 8, 6,22,20)", "weight": 1}, {"from": "( 1,11,12, 4, 5,19)( 2,15,16, 7, 8,22)( 3,17,18, 9,10,23)( 6,20,21,13,14,24)", "to": "( 1,19, 5, 4,12,11)( 2,22, 8, 7,16,15)( 3,23,10, 9,18,17)( 6,24,14,13,21,20)", "weight": 1}, {"from": "( 1,11,12, 4, 5,19)( 2,15,16, 7, 8,22)( 3,17,18, 9,10,23)( 6,20,21,13,14,24)", "to": "( 1,23,11, 3,12,17, 4,18, 5, 9,19,10)( 2,24,15, 6,16,20, 7,21, 8,13,22,14)", "weight": 1}, {"from": "( 1,12, 5)( 2,16, 8)( 3,18,10)( 4,19,11)( 6,21,14)( 7,22,15)( 9,23,17)\n(13,24,20)", "to": "( 1,17,19, 3, 5,23, 4,10,12, 9,11,18)( 2,20,22, 6, 8,24, 7,14,16,13,15,21)", "weight": 1}, {"from": "( 1,12, 5)( 2,16, 8)( 3,18,10)( 4,19,11)( 6,21,14)( 7,22,15)( 9,23,17)\n(13,24,20)", "to": "( 1,18,11, 9,12,10, 4,23, 5, 3,19,17)( 2,21,15,13,16,14, 7,24, 8, 6,22,20)", "weight": 1}, {"from": "( 1,12, 5)( 2,16, 8)( 3,18,10)( 4,19,11)( 6,21,14)( 7,22,15)( 9,23,17)\n(13,24,20)", "to": "( 1,19, 5, 4,12,11)( 2,22, 8, 7,16,15)( 3,23,10, 9,18,17)( 6,24,14,13,21,20)", "weight": 1}, {"from": "( 1,12, 5)( 2,16, 8)( 3,18,10)( 4,19,11)( 6,21,14)( 7,22,15)( 9,23,17)\n(13,24,20)", "to": "( 1,23,11, 3,12,17, 4,18, 5, 9,19,10)( 2,24,15, 6,16,20, 7,21, 8,13,22,14)", "weight": 1}, {"from": "( 1,14, 9, 8, 4,20, 3,15)( 2,11,13,10, 7, 5, 6,17)(12,21,23,16,19,24,18,22)", "to": "( 1,15, 3,20, 4, 8, 9,14)( 2,17, 6, 5, 7,10,13,11)(12,22,18,24,19,16,23,21)", "weight": 1}, {"from": "( 1,14, 9, 8, 4,20, 3,15)( 2,11,13,10, 7, 5, 6,17)(12,21,23,16,19,24,18,22)", "to": "( 1,20, 9,15, 4,14, 3, 8)( 2, 5,13,17, 7,11, 6,10)(12,24,23,22,19,21,18,16)", "weight": 1}, {"from": "( 1,15, 3,20, 4, 8, 9,14)( 2,17, 6, 5, 7,10,13,11)(12,22,18,24,19,16,23,21)", "to": "( 1,20, 9,15, 4,14, 3, 8)( 2, 5,13,17, 7,11, 6,10)(12,24,23,22,19,21,18,16)", "weight": 1}, {"from": "( 1,16, 3,21, 4,22, 9,24)( 2,18, 6,19, 7,23,13,12)( 5, 8,10,14,11,15,17,20)", "to": "( 1,21, 9,16, 4,24, 3,22)( 2,19,13,18, 7,12, 6,23)( 5,14,17, 8,11,20,10,15)", "weight": 1}, {"from": "( 1,16, 3,21, 4,22, 9,24)( 2,18, 6,19, 7,23,13,12)( 5, 8,10,14,11,15,17,20)", "to": "( 1,22, 3,24, 4,16, 9,21)( 2,23, 6,12, 7,18,13,19)( 5,15,10,20,11, 8,17,14)", "weight": 1}, {"from": "( 1,16, 3,21, 4,22, 9,24)( 2,18, 6,19, 7,23,13,12)( 5, 8,10,14,11,15,17,20)", "to": "( 1,24, 9,22, 4,21, 3,16)( 2,12,13,23, 7,19, 6,18)( 5,20,17,15,11,14,10, 8)", "weight": 1}, {"from": "( 1,17,19, 3, 5,23, 4,10,12, 9,11,18)( 2,20,22, 6, 8,24, 7,14,16,13,15,21)", "to": "( 1,18,11, 9,12,10, 4,23, 5, 3,19,17)( 2,21,15,13,16,14, 7,24, 8, 6,22,20)", "weight": 1}, {"from": "( 1,17,19, 3, 5,23, 4,10,12, 9,11,18)( 2,20,22, 6, 8,24, 7,14,16,13,15,21)", "to": "( 1,19, 5, 4,12,11)( 2,22, 8, 7,16,15)( 3,23,10, 9,18,17)( 6,24,14,13,21,20)", "weight": 1}, {"from": "( 1,17,19, 3, 5,23, 4,10,12, 9,11,18)( 2,20,22, 6, 8,24, 7,14,16,13,15,21)", "to": "( 1,23,11, 3,12,17, 4,18, 5, 9,19,10)( 2,24,15, 6,16,20, 7,21, 8,13,22,14)", "weight": 1}, {"from": "( 1,18,11, 9,12,10, 4,23, 5, 3,19,17)( 2,21,15,13,16,14, 7,24, 8, 6,22,20)", "to": "( 1,19, 5, 4,12,11)( 2,22, 8, 7,16,15)( 3,23,10, 9,18,17)( 6,24,14,13,21,20)", "weight": 1}, {"from": "( 1,18,11, 9,12,10, 4,23, 5, 3,19,17)( 2,21,15,13,16,14, 7,24, 8, 6,22,20)", "to": "( 1,23,11, 3,12,17, 4,18, 5, 9,19,10)( 2,24,15, 6,16,20, 7,21, 8,13,22,14)", "weight": 1}, {"from": "( 1,19, 5, 4,12,11)( 2,22, 8, 7,16,15)( 3,23,10, 9,18,17)( 6,24,14,13,21,20)", "to": "( 1,23,11, 3,12,17, 4,18, 5, 9,19,10)( 2,24,15, 6,16,20, 7,21, 8,13,22,14)", "weight": 1}, {"from": "( 1,21, 9,16, 4,24, 3,22)( 2,19,13,18, 7,12, 6,23)( 5,14,17, 8,11,20,10,15)", "to": "( 1,22, 3,24, 4,16, 9,21)( 2,23, 6,12, 7,18,13,19)( 5,15,10,20,11, 8,17,14)", "weight": 1}, {"from": "( 1,21, 9,16, 4,24, 3,22)( 2,19,13,18, 7,12, 6,23)( 5,14,17, 8,11,20,10,15)", "to": "( 1,24, 9,22, 4,21, 3,16)( 2,12,13,23, 7,19, 6,18)( 5,20,17,15,11,14,10, 8)", "weight": 1}, {"from": "( 1,22, 3,24, 4,16, 9,21)( 2,23, 6,12, 7,18,13,19)( 5,15,10,20,11, 8,17,14)", "to": "( 1,24, 9,22, 4,21, 3,16)( 2,12,13,23, 7,19, 6,18)( 5,20,17,15,11,14,10, 8)", "weight": 1}]);

        // adding nodes and edges to the graph
        data = {nodes: nodes, edges: edges};

        var options = {
    "configure": {
        "enabled": true
    },
    "edges": {
        "color": {
            "inherit": true
        },
        "smooth": {
            "enabled": false,
            "type": "continuous"
        }
    },
    "interaction": {
        "dragNodes": true,
        "hideEdgesOnDrag": false,
        "hideNodesOnDrag": false
    },
    "physics": {
        "enabled": true,
        "stabilization": {
            "enabled": true,
            "fit": true,
            "iterations": 1000,
            "onlyDynamicEdges": false,
            "updateInterval": 50
        }
    }
};
        
        

        
        // if this network requires displaying the configure window,
        // put it in its div
        options.configure["container"] = document.getElementById("config");
        

        network = new vis.Network(container, data, options);
	 
        


        

        return network;

    }

    drawGraph();

</script>
</body>
</html>