<html>
<head>
<link rel="stylesheet" href="https://cdnjs.cloudflare.com/ajax/libs/vis/4.16.1/vis.css" type="text/css" />
<script type="text/javascript" src="https://cdnjs.cloudflare.com/ajax/libs/vis/4.16.1/vis-network.min.js"> </script>
<center>
<h1></h1>
</center>

<!-- <link rel="stylesheet" href="../node_modules/vis/dist/vis.min.css" type="text/css" />
<script type="text/javascript" src="../node_modules/vis/dist/vis.js"> </script>-->

<style type="text/css">

        #mynetwork {
            width: 80%;
            height: 1000px;
            background-color: #ffffff;
            border: 1px solid lightgray;
            position: relative;
            float: left;
        }

        

        
        #config {
            float: left;
            width: 400px;
            height: 600px;
        }
        

        
</style>

</head>

<body>
<div id = "mynetwork"></div>


<div id = "config"></div>

<script type="text/javascript">

    // initialize global variables.
    var edges;
    var nodes;
    var network; 
    var container;
    var options, data;

    
    // This method is responsible for drawing the graph, returns the drawn network
    function drawGraph() {
        var container = document.getElementById('mynetwork');
        
        

        // parsing and collecting nodes and edges from the python
        nodes = new vis.DataSet([{"id": "()", "label": "()", "shape": "dot", "size": 10}, {"id": "( 1, 2)( 3,13)( 4, 7)( 5,16)( 6, 9)( 8,12)(10,24)(11,22)(14,23)(15,19)(17,21)\n(18,20)", "label": "( 1, 2)( 3,13)( 4, 7)( 5,16)( 6, 9)( 8,12)(10,24)(11,22)(14,23)(15,19)(17,21)\n(18,20)", "shape": "dot", "size": 10}, {"id": "( 1, 3, 4, 9)( 2, 6, 7,13)( 5,10,11,17)( 8,14,15,20)(12,18,19,23)(16,21,22,24)", "label": "( 1, 3, 4, 9)( 2, 6, 7,13)( 5,10,11,17)( 8,14,15,20)(12,18,19,23)(16,21,22,24)", "shape": "dot", "size": 10}, {"id": "( 1, 4)( 2, 7)( 3, 9)( 5,11)( 6,13)( 8,15)(10,17)(12,19)(14,20)(16,22)(18,23)\n(21,24)", "label": "( 1, 4)( 2, 7)( 3, 9)( 5,11)( 6,13)( 8,15)(10,17)(12,19)(14,20)(16,22)(18,23)\n(21,24)", "shape": "dot", "size": 10}, {"id": "( 1, 5,12)( 2, 8,16)( 3,10,18)( 4,11,19)( 6,14,21)( 7,15,22)( 9,17,23)\n(13,20,24)", "label": "( 1, 5,12)( 2, 8,16)( 3,10,18)( 4,11,19)( 6,14,21)( 7,15,22)( 9,17,23)\n(13,20,24)", "shape": "dot", "size": 10}, {"id": "( 1, 6)( 2, 3)( 4,13)( 5,21)( 7, 9)( 8,18)(10,16)(11,24)(12,14)(15,23)(17,22)\n(19,20)", "label": "( 1, 6)( 2, 3)( 4,13)( 5,21)( 7, 9)( 8,18)(10,16)(11,24)(12,14)(15,23)(17,22)\n(19,20)", "shape": "dot", "size": 10}, {"id": "( 1, 7)( 2, 4)( 3, 6)( 5,22)( 8,19)( 9,13)(10,21)(11,16)(12,15)(14,18)(17,24)\n(20,23)", "label": "( 1, 7)( 2, 4)( 3, 6)( 5,22)( 8,19)( 9,13)(10,21)(11,16)(12,15)(14,18)(17,24)\n(20,23)", "shape": "dot", "size": 10}, {"id": "( 1, 8)( 2, 5)( 3,20)( 4,15)( 6,17)( 7,11)( 9,14)(10,13)(12,16)(18,24)(19,22)\n(21,23)", "label": "( 1, 8)( 2, 5)( 3,20)( 4,15)( 6,17)( 7,11)( 9,14)(10,13)(12,16)(18,24)(19,22)\n(21,23)", "shape": "dot", "size": 10}, {"id": "( 1, 9, 4, 3)( 2,13, 7, 6)( 5,17,11,10)( 8,20,15,14)(12,23,19,18)(16,24,22,21)", "label": "( 1, 9, 4, 3)( 2,13, 7, 6)( 5,17,11,10)( 8,20,15,14)(12,23,19,18)(16,24,22,21)", "shape": "dot", "size": 10}, {"id": "( 1,10,19, 9, 5,18, 4,17,12, 3,11,23)( 2,14,22,13, 8,21, 7,20,16, 6,15,24)", "label": "( 1,10,19, 9, 5,18, 4,17,12, 3,11,23)( 2,14,22,13, 8,21, 7,20,16, 6,15,24)", "shape": "dot", "size": 10}, {"id": "( 1,11,12, 4, 5,19)( 2,15,16, 7, 8,22)( 3,17,18, 9,10,23)( 6,20,21,13,14,24)", "label": "( 1,11,12, 4, 5,19)( 2,15,16, 7, 8,22)( 3,17,18, 9,10,23)( 6,20,21,13,14,24)", "shape": "dot", "size": 10}, {"id": "( 1,12, 5)( 2,16, 8)( 3,18,10)( 4,19,11)( 6,21,14)( 7,22,15)( 9,23,17)\n(13,24,20)", "label": "( 1,12, 5)( 2,16, 8)( 3,18,10)( 4,19,11)( 6,21,14)( 7,22,15)( 9,23,17)\n(13,24,20)", "shape": "dot", "size": 10}, {"id": "( 1,13)( 2, 9)( 3, 7)( 4, 6)( 5,24)( 8,23)(10,22)(11,21)(12,20)(14,19)(15,18)\n(16,17)", "label": "( 1,13)( 2, 9)( 3, 7)( 4, 6)( 5,24)( 8,23)(10,22)(11,21)(12,20)(14,19)(15,18)\n(16,17)", "shape": "dot", "size": 10}, {"id": "( 1,14)( 2,10)( 3, 8)( 4,20)( 5, 6)( 7,17)( 9,15)(11,13)(12,21)(16,18)(19,24)\n(22,23)", "label": "( 1,14)( 2,10)( 3, 8)( 4,20)( 5, 6)( 7,17)( 9,15)(11,13)(12,21)(16,18)(19,24)\n(22,23)", "shape": "dot", "size": 10}, {"id": "( 1,15)( 2,11)( 3,14)( 4, 8)( 5, 7)( 6,10)( 9,20)(12,22)(13,17)(16,19)(18,21)\n(23,24)", "label": "( 1,15)( 2,11)( 3,14)( 4, 8)( 5, 7)( 6,10)( 9,20)(12,22)(13,17)(16,19)(18,21)\n(23,24)", "shape": "dot", "size": 10}, {"id": "( 1,16)( 2,12)( 3,24)( 4,22)( 5, 8)( 6,23)( 7,19)( 9,21)(10,20)(11,15)(13,18)\n(14,17)", "label": "( 1,16)( 2,12)( 3,24)( 4,22)( 5, 8)( 6,23)( 7,19)( 9,21)(10,20)(11,15)(13,18)\n(14,17)", "shape": "dot", "size": 10}, {"id": "( 1,17,19, 3, 5,23, 4,10,12, 9,11,18)( 2,20,22, 6, 8,24, 7,14,16,13,15,21)", "label": "( 1,17,19, 3, 5,23, 4,10,12, 9,11,18)( 2,20,22, 6, 8,24, 7,14,16,13,15,21)", "shape": "dot", "size": 10}, {"id": "( 1,18,11, 9,12,10, 4,23, 5, 3,19,17)( 2,21,15,13,16,14, 7,24, 8, 6,22,20)", "label": "( 1,18,11, 9,12,10, 4,23, 5, 3,19,17)( 2,21,15,13,16,14, 7,24, 8, 6,22,20)", "shape": "dot", "size": 10}, {"id": "( 1,19, 5, 4,12,11)( 2,22, 8, 7,16,15)( 3,23,10, 9,18,17)( 6,24,14,13,21,20)", "label": "( 1,19, 5, 4,12,11)( 2,22, 8, 7,16,15)( 3,23,10, 9,18,17)( 6,24,14,13,21,20)", "shape": "dot", "size": 10}, {"id": "( 1,20)( 2,17)( 3,15)( 4,14)( 5,13)( 6,11)( 7,10)( 8, 9)(12,24)(16,23)(18,22)\n(19,21)", "label": "( 1,20)( 2,17)( 3,15)( 4,14)( 5,13)( 6,11)( 7,10)( 8, 9)(12,24)(16,23)(18,22)\n(19,21)", "shape": "dot", "size": 10}, {"id": "( 1,21)( 2,18)( 3,16)( 4,24)( 5,14)( 6,12)( 7,23)( 8,10)( 9,22)(11,20)(13,19)\n(15,17)", "label": "( 1,21)( 2,18)( 3,16)( 4,24)( 5,14)( 6,12)( 7,23)( 8,10)( 9,22)(11,20)(13,19)\n(15,17)", "shape": "dot", "size": 10}, {"id": "( 1,22)( 2,19)( 3,21)( 4,16)( 5,15)( 6,18)( 7,12)( 8,11)( 9,24)(10,14)(13,23)\n(17,20)", "label": "( 1,22)( 2,19)( 3,21)( 4,16)( 5,15)( 6,18)( 7,12)( 8,11)( 9,24)(10,14)(13,23)\n(17,20)", "shape": "dot", "size": 10}, {"id": "( 1,23,11, 3,12,17, 4,18, 5, 9,19,10)( 2,24,15, 6,16,20, 7,21, 8,13,22,14)", "label": "( 1,23,11, 3,12,17, 4,18, 5, 9,19,10)( 2,24,15, 6,16,20, 7,21, 8,13,22,14)", "shape": "dot", "size": 10}, {"id": "( 1,24)( 2,23)( 3,22)( 4,21)( 5,20)( 6,19)( 7,18)( 8,17)( 9,16)(10,15)(11,14)\n(12,13)", "label": "( 1,24)( 2,23)( 3,22)( 4,21)( 5,20)( 6,19)( 7,18)( 8,17)( 9,16)(10,15)(11,14)\n(12,13)", "shape": "dot", "size": 10}]);
        edges = new vis.DataSet([{"from": "()", "to": "( 1, 2)( 3,13)( 4, 7)( 5,16)( 6, 9)( 8,12)(10,24)(11,22)(14,23)(15,19)(17,21)\n(18,20)", "weight": 1}, {"from": "()", "to": "( 1, 3, 4, 9)( 2, 6, 7,13)( 5,10,11,17)( 8,14,15,20)(12,18,19,23)(16,21,22,24)", "weight": 1}, {"from": "()", "to": "( 1, 4)( 2, 7)( 3, 9)( 5,11)( 6,13)( 8,15)(10,17)(12,19)(14,20)(16,22)(18,23)\n(21,24)", "weight": 1}, {"from": "()", "to": "( 1, 5,12)( 2, 8,16)( 3,10,18)( 4,11,19)( 6,14,21)( 7,15,22)( 9,17,23)\n(13,20,24)", "weight": 1}, {"from": "()", "to": "( 1, 6)( 2, 3)( 4,13)( 5,21)( 7, 9)( 8,18)(10,16)(11,24)(12,14)(15,23)(17,22)\n(19,20)", "weight": 1}, {"from": "()", "to": "( 1, 7)( 2, 4)( 3, 6)( 5,22)( 8,19)( 9,13)(10,21)(11,16)(12,15)(14,18)(17,24)\n(20,23)", "weight": 1}, {"from": "()", "to": "( 1, 8)( 2, 5)( 3,20)( 4,15)( 6,17)( 7,11)( 9,14)(10,13)(12,16)(18,24)(19,22)\n(21,23)", "weight": 1}, {"from": "()", "to": "( 1, 9, 4, 3)( 2,13, 7, 6)( 5,17,11,10)( 8,20,15,14)(12,23,19,18)(16,24,22,21)", "weight": 1}, {"from": "()", "to": "( 1,10,19, 9, 5,18, 4,17,12, 3,11,23)( 2,14,22,13, 8,21, 7,20,16, 6,15,24)", "weight": 1}, {"from": "()", "to": "( 1,11,12, 4, 5,19)( 2,15,16, 7, 8,22)( 3,17,18, 9,10,23)( 6,20,21,13,14,24)", "weight": 1}, {"from": "()", "to": "( 1,12, 5)( 2,16, 8)( 3,18,10)( 4,19,11)( 6,21,14)( 7,22,15)( 9,23,17)\n(13,24,20)", "weight": 1}, {"from": "()", "to": "( 1,13)( 2, 9)( 3, 7)( 4, 6)( 5,24)( 8,23)(10,22)(11,21)(12,20)(14,19)(15,18)\n(16,17)", "weight": 1}, {"from": "()", "to": "( 1,14)( 2,10)( 3, 8)( 4,20)( 5, 6)( 7,17)( 9,15)(11,13)(12,21)(16,18)(19,24)\n(22,23)", "weight": 1}, {"from": "()", "to": "( 1,15)( 2,11)( 3,14)( 4, 8)( 5, 7)( 6,10)( 9,20)(12,22)(13,17)(16,19)(18,21)\n(23,24)", "weight": 1}, {"from": "()", "to": "( 1,16)( 2,12)( 3,24)( 4,22)( 5, 8)( 6,23)( 7,19)( 9,21)(10,20)(11,15)(13,18)\n(14,17)", "weight": 1}, {"from": "()", "to": "( 1,17,19, 3, 5,23, 4,10,12, 9,11,18)( 2,20,22, 6, 8,24, 7,14,16,13,15,21)", "weight": 1}, {"from": "()", "to": "( 1,18,11, 9,12,10, 4,23, 5, 3,19,17)( 2,21,15,13,16,14, 7,24, 8, 6,22,20)", "weight": 1}, {"from": "()", "to": "( 1,19, 5, 4,12,11)( 2,22, 8, 7,16,15)( 3,23,10, 9,18,17)( 6,24,14,13,21,20)", "weight": 1}, {"from": "()", "to": "( 1,20)( 2,17)( 3,15)( 4,14)( 5,13)( 6,11)( 7,10)( 8, 9)(12,24)(16,23)(18,22)\n(19,21)", "weight": 1}, {"from": "()", "to": "( 1,21)( 2,18)( 3,16)( 4,24)( 5,14)( 6,12)( 7,23)( 8,10)( 9,22)(11,20)(13,19)\n(15,17)", "weight": 1}, {"from": "()", "to": "( 1,22)( 2,19)( 3,21)( 4,16)( 5,15)( 6,18)( 7,12)( 8,11)( 9,24)(10,14)(13,23)\n(17,20)", "weight": 1}, {"from": "()", "to": "( 1,23,11, 3,12,17, 4,18, 5, 9,19,10)( 2,24,15, 6,16,20, 7,21, 8,13,22,14)", "weight": 1}, {"from": "()", "to": "( 1,24)( 2,23)( 3,22)( 4,21)( 5,20)( 6,19)( 7,18)( 8,17)( 9,16)(10,15)(11,14)\n(12,13)", "weight": 1}, {"from": "( 1, 2)( 3,13)( 4, 7)( 5,16)( 6, 9)( 8,12)(10,24)(11,22)(14,23)(15,19)(17,21)\n(18,20)", "to": "( 1, 4)( 2, 7)( 3, 9)( 5,11)( 6,13)( 8,15)(10,17)(12,19)(14,20)(16,22)(18,23)\n(21,24)", "weight": 1}, {"from": "( 1, 2)( 3,13)( 4, 7)( 5,16)( 6, 9)( 8,12)(10,24)(11,22)(14,23)(15,19)(17,21)\n(18,20)", "to": "( 1, 7)( 2, 4)( 3, 6)( 5,22)( 8,19)( 9,13)(10,21)(11,16)(12,15)(14,18)(17,24)\n(20,23)", "weight": 1}, {"from": "( 1, 3, 4, 9)( 2, 6, 7,13)( 5,10,11,17)( 8,14,15,20)(12,18,19,23)(16,21,22,24)", "to": "( 1, 4)( 2, 7)( 3, 9)( 5,11)( 6,13)( 8,15)(10,17)(12,19)(14,20)(16,22)(18,23)\n(21,24)", "weight": 1}, {"from": "( 1, 3, 4, 9)( 2, 6, 7,13)( 5,10,11,17)( 8,14,15,20)(12,18,19,23)(16,21,22,24)", "to": "( 1, 5,12)( 2, 8,16)( 3,10,18)( 4,11,19)( 6,14,21)( 7,15,22)( 9,17,23)\n(13,20,24)", "weight": 1}, {"from": "( 1, 3, 4, 9)( 2, 6, 7,13)( 5,10,11,17)( 8,14,15,20)(12,18,19,23)(16,21,22,24)", "to": "( 1, 9, 4, 3)( 2,13, 7, 6)( 5,17,11,10)( 8,20,15,14)(12,23,19,18)(16,24,22,21)", "weight": 1}, {"from": "( 1, 3, 4, 9)( 2, 6, 7,13)( 5,10,11,17)( 8,14,15,20)(12,18,19,23)(16,21,22,24)", "to": "( 1,10,19, 9, 5,18, 4,17,12, 3,11,23)( 2,14,22,13, 8,21, 7,20,16, 6,15,24)", "weight": 1}, {"from": "( 1, 3, 4, 9)( 2, 6, 7,13)( 5,10,11,17)( 8,14,15,20)(12,18,19,23)(16,21,22,24)", "to": "( 1,11,12, 4, 5,19)( 2,15,16, 7, 8,22)( 3,17,18, 9,10,23)( 6,20,21,13,14,24)", "weight": 1}, {"from": "( 1, 3, 4, 9)( 2, 6, 7,13)( 5,10,11,17)( 8,14,15,20)(12,18,19,23)(16,21,22,24)", "to": "( 1,12, 5)( 2,16, 8)( 3,18,10)( 4,19,11)( 6,21,14)( 7,22,15)( 9,23,17)\n(13,24,20)", "weight": 1}, {"from": "( 1, 3, 4, 9)( 2, 6, 7,13)( 5,10,11,17)( 8,14,15,20)(12,18,19,23)(16,21,22,24)", "to": "( 1,17,19, 3, 5,23, 4,10,12, 9,11,18)( 2,20,22, 6, 8,24, 7,14,16,13,15,21)", "weight": 1}, {"from": "( 1, 3, 4, 9)( 2, 6, 7,13)( 5,10,11,17)( 8,14,15,20)(12,18,19,23)(16,21,22,24)", "to": "( 1,18,11, 9,12,10, 4,23, 5, 3,19,17)( 2,21,15,13,16,14, 7,24, 8, 6,22,20)", "weight": 1}, {"from": "( 1, 3, 4, 9)( 2, 6, 7,13)( 5,10,11,17)( 8,14,15,20)(12,18,19,23)(16,21,22,24)", "to": "( 1,19, 5, 4,12,11)( 2,22, 8, 7,16,15)( 3,23,10, 9,18,17)( 6,24,14,13,21,20)", "weight": 1}, {"from": "( 1, 3, 4, 9)( 2, 6, 7,13)( 5,10,11,17)( 8,14,15,20)(12,18,19,23)(16,21,22,24)", "to": "( 1,23,11, 3,12,17, 4,18, 5, 9,19,10)( 2,24,15, 6,16,20, 7,21, 8,13,22,14)", "weight": 1}, {"from": "( 1, 4)( 2, 7)( 3, 9)( 5,11)( 6,13)( 8,15)(10,17)(12,19)(14,20)(16,22)(18,23)\n(21,24)", "to": "( 1, 5,12)( 2, 8,16)( 3,10,18)( 4,11,19)( 6,14,21)( 7,15,22)( 9,17,23)\n(13,20,24)", "weight": 1}, {"from": "( 1, 4)( 2, 7)( 3, 9)( 5,11)( 6,13)( 8,15)(10,17)(12,19)(14,20)(16,22)(18,23)\n(21,24)", "to": "( 1, 6)( 2, 3)( 4,13)( 5,21)( 7, 9)( 8,18)(10,16)(11,24)(12,14)(15,23)(17,22)\n(19,20)", "weight": 1}, {"from": "( 1, 4)( 2, 7)( 3, 9)( 5,11)( 6,13)( 8,15)(10,17)(12,19)(14,20)(16,22)(18,23)\n(21,24)", "to": "( 1, 7)( 2, 4)( 3, 6)( 5,22)( 8,19)( 9,13)(10,21)(11,16)(12,15)(14,18)(17,24)\n(20,23)", "weight": 1}, {"from": "( 1, 4)( 2, 7)( 3, 9)( 5,11)( 6,13)( 8,15)(10,17)(12,19)(14,20)(16,22)(18,23)\n(21,24)", "to": "( 1, 8)( 2, 5)( 3,20)( 4,15)( 6,17)( 7,11)( 9,14)(10,13)(12,16)(18,24)(19,22)\n(21,23)", "weight": 1}, {"from": "( 1, 4)( 2, 7)( 3, 9)( 5,11)( 6,13)( 8,15)(10,17)(12,19)(14,20)(16,22)(18,23)\n(21,24)", "to": "( 1, 9, 4, 3)( 2,13, 7, 6)( 5,17,11,10)( 8,20,15,14)(12,23,19,18)(16,24,22,21)", "weight": 1}, {"from": "( 1, 4)( 2, 7)( 3, 9)( 5,11)( 6,13)( 8,15)(10,17)(12,19)(14,20)(16,22)(18,23)\n(21,24)", "to": "( 1,10,19, 9, 5,18, 4,17,12, 3,11,23)( 2,14,22,13, 8,21, 7,20,16, 6,15,24)", "weight": 1}, {"from": "( 1, 4)( 2, 7)( 3, 9)( 5,11)( 6,13)( 8,15)(10,17)(12,19)(14,20)(16,22)(18,23)\n(21,24)", "to": "( 1,11,12, 4, 5,19)( 2,15,16, 7, 8,22)( 3,17,18, 9,10,23)( 6,20,21,13,14,24)", "weight": 1}, {"from": "( 1, 4)( 2, 7)( 3, 9)( 5,11)( 6,13)( 8,15)(10,17)(12,19)(14,20)(16,22)(18,23)\n(21,24)", "to": "( 1,12, 5)( 2,16, 8)( 3,18,10)( 4,19,11)( 6,21,14)( 7,22,15)( 9,23,17)\n(13,24,20)", "weight": 1}, {"from": "( 1, 4)( 2, 7)( 3, 9)( 5,11)( 6,13)( 8,15)(10,17)(12,19)(14,20)(16,22)(18,23)\n(21,24)", "to": "( 1,13)( 2, 9)( 3, 7)( 4, 6)( 5,24)( 8,23)(10,22)(11,21)(12,20)(14,19)(15,18)\n(16,17)", "weight": 1}, {"from": "( 1, 4)( 2, 7)( 3, 9)( 5,11)( 6,13)( 8,15)(10,17)(12,19)(14,20)(16,22)(18,23)\n(21,24)", "to": "( 1,14)( 2,10)( 3, 8)( 4,20)( 5, 6)( 7,17)( 9,15)(11,13)(12,21)(16,18)(19,24)\n(22,23)", "weight": 1}, {"from": "( 1, 4)( 2, 7)( 3, 9)( 5,11)( 6,13)( 8,15)(10,17)(12,19)(14,20)(16,22)(18,23)\n(21,24)", "to": "( 1,15)( 2,11)( 3,14)( 4, 8)( 5, 7)( 6,10)( 9,20)(12,22)(13,17)(16,19)(18,21)\n(23,24)", "weight": 1}, {"from": "( 1, 4)( 2, 7)( 3, 9)( 5,11)( 6,13)( 8,15)(10,17)(12,19)(14,20)(16,22)(18,23)\n(21,24)", "to": "( 1,16)( 2,12)( 3,24)( 4,22)( 5, 8)( 6,23)( 7,19)( 9,21)(10,20)(11,15)(13,18)\n(14,17)", "weight": 1}, {"from": "( 1, 4)( 2, 7)( 3, 9)( 5,11)( 6,13)( 8,15)(10,17)(12,19)(14,20)(16,22)(18,23)\n(21,24)", "to": "( 1,17,19, 3, 5,23, 4,10,12, 9,11,18)( 2,20,22, 6, 8,24, 7,14,16,13,15,21)", "weight": 1}, {"from": "( 1, 4)( 2, 7)( 3, 9)( 5,11)( 6,13)( 8,15)(10,17)(12,19)(14,20)(16,22)(18,23)\n(21,24)", "to": "( 1,18,11, 9,12,10, 4,23, 5, 3,19,17)( 2,21,15,13,16,14, 7,24, 8, 6,22,20)", "weight": 1}, {"from": "( 1, 4)( 2, 7)( 3, 9)( 5,11)( 6,13)( 8,15)(10,17)(12,19)(14,20)(16,22)(18,23)\n(21,24)", "to": "( 1,19, 5, 4,12,11)( 2,22, 8, 7,16,15)( 3,23,10, 9,18,17)( 6,24,14,13,21,20)", "weight": 1}, {"from": "( 1, 4)( 2, 7)( 3, 9)( 5,11)( 6,13)( 8,15)(10,17)(12,19)(14,20)(16,22)(18,23)\n(21,24)", "to": "( 1,20)( 2,17)( 3,15)( 4,14)( 5,13)( 6,11)( 7,10)( 8, 9)(12,24)(16,23)(18,22)\n(19,21)", "weight": 1}, {"from": "( 1, 4)( 2, 7)( 3, 9)( 5,11)( 6,13)( 8,15)(10,17)(12,19)(14,20)(16,22)(18,23)\n(21,24)", "to": "( 1,21)( 2,18)( 3,16)( 4,24)( 5,14)( 6,12)( 7,23)( 8,10)( 9,22)(11,20)(13,19)\n(15,17)", "weight": 1}, {"from": "( 1, 4)( 2, 7)( 3, 9)( 5,11)( 6,13)( 8,15)(10,17)(12,19)(14,20)(16,22)(18,23)\n(21,24)", "to": "( 1,22)( 2,19)( 3,21)( 4,16)( 5,15)( 6,18)( 7,12)( 8,11)( 9,24)(10,14)(13,23)\n(17,20)", "weight": 1}, {"from": "( 1, 4)( 2, 7)( 3, 9)( 5,11)( 6,13)( 8,15)(10,17)(12,19)(14,20)(16,22)(18,23)\n(21,24)", "to": "( 1,23,11, 3,12,17, 4,18, 5, 9,19,10)( 2,24,15, 6,16,20, 7,21, 8,13,22,14)", "weight": 1}, {"from": "( 1, 4)( 2, 7)( 3, 9)( 5,11)( 6,13)( 8,15)(10,17)(12,19)(14,20)(16,22)(18,23)\n(21,24)", "to": "( 1,24)( 2,23)( 3,22)( 4,21)( 5,20)( 6,19)( 7,18)( 8,17)( 9,16)(10,15)(11,14)\n(12,13)", "weight": 1}, {"from": "( 1, 5,12)( 2, 8,16)( 3,10,18)( 4,11,19)( 6,14,21)( 7,15,22)( 9,17,23)\n(13,20,24)", "to": "( 1, 9, 4, 3)( 2,13, 7, 6)( 5,17,11,10)( 8,20,15,14)(12,23,19,18)(16,24,22,21)", "weight": 1}, {"from": "( 1, 5,12)( 2, 8,16)( 3,10,18)( 4,11,19)( 6,14,21)( 7,15,22)( 9,17,23)\n(13,20,24)", "to": "( 1,10,19, 9, 5,18, 4,17,12, 3,11,23)( 2,14,22,13, 8,21, 7,20,16, 6,15,24)", "weight": 1}, {"from": "( 1, 5,12)( 2, 8,16)( 3,10,18)( 4,11,19)( 6,14,21)( 7,15,22)( 9,17,23)\n(13,20,24)", "to": "( 1,11,12, 4, 5,19)( 2,15,16, 7, 8,22)( 3,17,18, 9,10,23)( 6,20,21,13,14,24)", "weight": 1}, {"from": "( 1, 5,12)( 2, 8,16)( 3,10,18)( 4,11,19)( 6,14,21)( 7,15,22)( 9,17,23)\n(13,20,24)", "to": "( 1,12, 5)( 2,16, 8)( 3,18,10)( 4,19,11)( 6,21,14)( 7,22,15)( 9,23,17)\n(13,24,20)", "weight": 1}, {"from": "( 1, 5,12)( 2, 8,16)( 3,10,18)( 4,11,19)( 6,14,21)( 7,15,22)( 9,17,23)\n(13,20,24)", "to": "( 1,17,19, 3, 5,23, 4,10,12, 9,11,18)( 2,20,22, 6, 8,24, 7,14,16,13,15,21)", "weight": 1}, {"from": "( 1, 5,12)( 2, 8,16)( 3,10,18)( 4,11,19)( 6,14,21)( 7,15,22)( 9,17,23)\n(13,20,24)", "to": "( 1,18,11, 9,12,10, 4,23, 5, 3,19,17)( 2,21,15,13,16,14, 7,24, 8, 6,22,20)", "weight": 1}, {"from": "( 1, 5,12)( 2, 8,16)( 3,10,18)( 4,11,19)( 6,14,21)( 7,15,22)( 9,17,23)\n(13,20,24)", "to": "( 1,19, 5, 4,12,11)( 2,22, 8, 7,16,15)( 3,23,10, 9,18,17)( 6,24,14,13,21,20)", "weight": 1}, {"from": "( 1, 5,12)( 2, 8,16)( 3,10,18)( 4,11,19)( 6,14,21)( 7,15,22)( 9,17,23)\n(13,20,24)", "to": "( 1,23,11, 3,12,17, 4,18, 5, 9,19,10)( 2,24,15, 6,16,20, 7,21, 8,13,22,14)", "weight": 1}, {"from": "( 1, 6)( 2, 3)( 4,13)( 5,21)( 7, 9)( 8,18)(10,16)(11,24)(12,14)(15,23)(17,22)\n(19,20)", "to": "( 1,13)( 2, 9)( 3, 7)( 4, 6)( 5,24)( 8,23)(10,22)(11,21)(12,20)(14,19)(15,18)\n(16,17)", "weight": 1}, {"from": "( 1, 8)( 2, 5)( 3,20)( 4,15)( 6,17)( 7,11)( 9,14)(10,13)(12,16)(18,24)(19,22)\n(21,23)", "to": "( 1,15)( 2,11)( 3,14)( 4, 8)( 5, 7)( 6,10)( 9,20)(12,22)(13,17)(16,19)(18,21)\n(23,24)", "weight": 1}, {"from": "( 1, 9, 4, 3)( 2,13, 7, 6)( 5,17,11,10)( 8,20,15,14)(12,23,19,18)(16,24,22,21)", "to": "( 1,10,19, 9, 5,18, 4,17,12, 3,11,23)( 2,14,22,13, 8,21, 7,20,16, 6,15,24)", "weight": 1}, {"from": "( 1, 9, 4, 3)( 2,13, 7, 6)( 5,17,11,10)( 8,20,15,14)(12,23,19,18)(16,24,22,21)", "to": "( 1,11,12, 4, 5,19)( 2,15,16, 7, 8,22)( 3,17,18, 9,10,23)( 6,20,21,13,14,24)", "weight": 1}, {"from": "( 1, 9, 4, 3)( 2,13, 7, 6)( 5,17,11,10)( 8,20,15,14)(12,23,19,18)(16,24,22,21)", "to": "( 1,12, 5)( 2,16, 8)( 3,18,10)( 4,19,11)( 6,21,14)( 7,22,15)( 9,23,17)\n(13,24,20)", "weight": 1}, {"from": "( 1, 9, 4, 3)( 2,13, 7, 6)( 5,17,11,10)( 8,20,15,14)(12,23,19,18)(16,24,22,21)", "to": "( 1,17,19, 3, 5,23, 4,10,12, 9,11,18)( 2,20,22, 6, 8,24, 7,14,16,13,15,21)", "weight": 1}, {"from": "( 1, 9, 4, 3)( 2,13, 7, 6)( 5,17,11,10)( 8,20,15,14)(12,23,19,18)(16,24,22,21)", "to": "( 1,18,11, 9,12,10, 4,23, 5, 3,19,17)( 2,21,15,13,16,14, 7,24, 8, 6,22,20)", "weight": 1}, {"from": "( 1, 9, 4, 3)( 2,13, 7, 6)( 5,17,11,10)( 8,20,15,14)(12,23,19,18)(16,24,22,21)", "to": "( 1,19, 5, 4,12,11)( 2,22, 8, 7,16,15)( 3,23,10, 9,18,17)( 6,24,14,13,21,20)", "weight": 1}, {"from": "( 1, 9, 4, 3)( 2,13, 7, 6)( 5,17,11,10)( 8,20,15,14)(12,23,19,18)(16,24,22,21)", "to": "( 1,23,11, 3,12,17, 4,18, 5, 9,19,10)( 2,24,15, 6,16,20, 7,21, 8,13,22,14)", "weight": 1}, {"from": "( 1,10,19, 9, 5,18, 4,17,12, 3,11,23)( 2,14,22,13, 8,21, 7,20,16, 6,15,24)", "to": "( 1,11,12, 4, 5,19)( 2,15,16, 7, 8,22)( 3,17,18, 9,10,23)( 6,20,21,13,14,24)", "weight": 1}, {"from": "( 1,10,19, 9, 5,18, 4,17,12, 3,11,23)( 2,14,22,13, 8,21, 7,20,16, 6,15,24)", "to": "( 1,12, 5)( 2,16, 8)( 3,18,10)( 4,19,11)( 6,21,14)( 7,22,15)( 9,23,17)\n(13,24,20)", "weight": 1}, {"from": "( 1,10,19, 9, 5,18, 4,17,12, 3,11,23)( 2,14,22,13, 8,21, 7,20,16, 6,15,24)", "to": "( 1,17,19, 3, 5,23, 4,10,12, 9,11,18)( 2,20,22, 6, 8,24, 7,14,16,13,15,21)", "weight": 1}, {"from": "( 1,10,19, 9, 5,18, 4,17,12, 3,11,23)( 2,14,22,13, 8,21, 7,20,16, 6,15,24)", "to": "( 1,18,11, 9,12,10, 4,23, 5, 3,19,17)( 2,21,15,13,16,14, 7,24, 8, 6,22,20)", "weight": 1}, {"from": "( 1,10,19, 9, 5,18, 4,17,12, 3,11,23)( 2,14,22,13, 8,21, 7,20,16, 6,15,24)", "to": "( 1,19, 5, 4,12,11)( 2,22, 8, 7,16,15)( 3,23,10, 9,18,17)( 6,24,14,13,21,20)", "weight": 1}, {"from": "( 1,10,19, 9, 5,18, 4,17,12, 3,11,23)( 2,14,22,13, 8,21, 7,20,16, 6,15,24)", "to": "( 1,23,11, 3,12,17, 4,18, 5, 9,19,10)( 2,24,15, 6,16,20, 7,21, 8,13,22,14)", "weight": 1}, {"from": "( 1,11,12, 4, 5,19)( 2,15,16, 7, 8,22)( 3,17,18, 9,10,23)( 6,20,21,13,14,24)", "to": "( 1,12, 5)( 2,16, 8)( 3,18,10)( 4,19,11)( 6,21,14)( 7,22,15)( 9,23,17)\n(13,24,20)", "weight": 1}, {"from": "( 1,11,12, 4, 5,19)( 2,15,16, 7, 8,22)( 3,17,18, 9,10,23)( 6,20,21,13,14,24)", "to": "( 1,17,19, 3, 5,23, 4,10,12, 9,11,18)( 2,20,22, 6, 8,24, 7,14,16,13,15,21)", "weight": 1}, {"from": "( 1,11,12, 4, 5,19)( 2,15,16, 7, 8,22)( 3,17,18, 9,10,23)( 6,20,21,13,14,24)", "to": "( 1,18,11, 9,12,10, 4,23, 5, 3,19,17)( 2,21,15,13,16,14, 7,24, 8, 6,22,20)", "weight": 1}, {"from": "( 1,11,12, 4, 5,19)( 2,15,16, 7, 8,22)( 3,17,18, 9,10,23)( 6,20,21,13,14,24)", "to": "( 1,19, 5, 4,12,11)( 2,22, 8, 7,16,15)( 3,23,10, 9,18,17)( 6,24,14,13,21,20)", "weight": 1}, {"from": "( 1,11,12, 4, 5,19)( 2,15,16, 7, 8,22)( 3,17,18, 9,10,23)( 6,20,21,13,14,24)", "to": "( 1,23,11, 3,12,17, 4,18, 5, 9,19,10)( 2,24,15, 6,16,20, 7,21, 8,13,22,14)", "weight": 1}, {"from": "( 1,12, 5)( 2,16, 8)( 3,18,10)( 4,19,11)( 6,21,14)( 7,22,15)( 9,23,17)\n(13,24,20)", "to": "( 1,17,19, 3, 5,23, 4,10,12, 9,11,18)( 2,20,22, 6, 8,24, 7,14,16,13,15,21)", "weight": 1}, {"from": "( 1,12, 5)( 2,16, 8)( 3,18,10)( 4,19,11)( 6,21,14)( 7,22,15)( 9,23,17)\n(13,24,20)", "to": "( 1,18,11, 9,12,10, 4,23, 5, 3,19,17)( 2,21,15,13,16,14, 7,24, 8, 6,22,20)", "weight": 1}, {"from": "( 1,12, 5)( 2,16, 8)( 3,18,10)( 4,19,11)( 6,21,14)( 7,22,15)( 9,23,17)\n(13,24,20)", "to": "( 1,19, 5, 4,12,11)( 2,22, 8, 7,16,15)( 3,23,10, 9,18,17)( 6,24,14,13,21,20)", "weight": 1}, {"from": "( 1,12, 5)( 2,16, 8)( 3,18,10)( 4,19,11)( 6,21,14)( 7,22,15)( 9,23,17)\n(13,24,20)", "to": "( 1,23,11, 3,12,17, 4,18, 5, 9,19,10)( 2,24,15, 6,16,20, 7,21, 8,13,22,14)", "weight": 1}, {"from": "( 1,14)( 2,10)( 3, 8)( 4,20)( 5, 6)( 7,17)( 9,15)(11,13)(12,21)(16,18)(19,24)\n(22,23)", "to": "( 1,20)( 2,17)( 3,15)( 4,14)( 5,13)( 6,11)( 7,10)( 8, 9)(12,24)(16,23)(18,22)\n(19,21)", "weight": 1}, {"from": "( 1,16)( 2,12)( 3,24)( 4,22)( 5, 8)( 6,23)( 7,19)( 9,21)(10,20)(11,15)(13,18)\n(14,17)", "to": "( 1,22)( 2,19)( 3,21)( 4,16)( 5,15)( 6,18)( 7,12)( 8,11)( 9,24)(10,14)(13,23)\n(17,20)", "weight": 1}, {"from": "( 1,17,19, 3, 5,23, 4,10,12, 9,11,18)( 2,20,22, 6, 8,24, 7,14,16,13,15,21)", "to": "( 1,18,11, 9,12,10, 4,23, 5, 3,19,17)( 2,21,15,13,16,14, 7,24, 8, 6,22,20)", "weight": 1}, {"from": "( 1,17,19, 3, 5,23, 4,10,12, 9,11,18)( 2,20,22, 6, 8,24, 7,14,16,13,15,21)", "to": "( 1,19, 5, 4,12,11)( 2,22, 8, 7,16,15)( 3,23,10, 9,18,17)( 6,24,14,13,21,20)", "weight": 1}, {"from": "( 1,17,19, 3, 5,23, 4,10,12, 9,11,18)( 2,20,22, 6, 8,24, 7,14,16,13,15,21)", "to": "( 1,23,11, 3,12,17, 4,18, 5, 9,19,10)( 2,24,15, 6,16,20, 7,21, 8,13,22,14)", "weight": 1}, {"from": "( 1,18,11, 9,12,10, 4,23, 5, 3,19,17)( 2,21,15,13,16,14, 7,24, 8, 6,22,20)", "to": "( 1,19, 5, 4,12,11)( 2,22, 8, 7,16,15)( 3,23,10, 9,18,17)( 6,24,14,13,21,20)", "weight": 1}, {"from": "( 1,18,11, 9,12,10, 4,23, 5, 3,19,17)( 2,21,15,13,16,14, 7,24, 8, 6,22,20)", "to": "( 1,23,11, 3,12,17, 4,18, 5, 9,19,10)( 2,24,15, 6,16,20, 7,21, 8,13,22,14)", "weight": 1}, {"from": "( 1,19, 5, 4,12,11)( 2,22, 8, 7,16,15)( 3,23,10, 9,18,17)( 6,24,14,13,21,20)", "to": "( 1,23,11, 3,12,17, 4,18, 5, 9,19,10)( 2,24,15, 6,16,20, 7,21, 8,13,22,14)", "weight": 1}, {"from": "( 1,21)( 2,18)( 3,16)( 4,24)( 5,14)( 6,12)( 7,23)( 8,10)( 9,22)(11,20)(13,19)\n(15,17)", "to": "( 1,24)( 2,23)( 3,22)( 4,21)( 5,20)( 6,19)( 7,18)( 8,17)( 9,16)(10,15)(11,14)\n(12,13)", "weight": 1}]);

        // adding nodes and edges to the graph
        data = {nodes: nodes, edges: edges};

        var options = {
    "configure": {
        "enabled": true
    },
    "edges": {
        "color": {
            "inherit": true
        },
        "smooth": {
            "enabled": false,
            "type": "continuous"
        }
    },
    "interaction": {
        "dragNodes": true,
        "hideEdgesOnDrag": false,
        "hideNodesOnDrag": false
    },
    "physics": {
        "enabled": true,
        "stabilization": {
            "enabled": true,
            "fit": true,
            "iterations": 1000,
            "onlyDynamicEdges": false,
            "updateInterval": 50
        }
    }
};
        
        

        
        // if this network requires displaying the configure window,
        // put it in its div
        options.configure["container"] = document.getElementById("config");
        

        network = new vis.Network(container, data, options);
	 
        


        

        return network;

    }

    drawGraph();

</script>
</body>
</html>