<html>
<head>
<link rel="stylesheet" href="https://cdnjs.cloudflare.com/ajax/libs/vis/4.16.1/vis.css" type="text/css" />
<script type="text/javascript" src="https://cdnjs.cloudflare.com/ajax/libs/vis/4.16.1/vis-network.min.js"> </script>
<center>
<h1></h1>
</center>

<!-- <link rel="stylesheet" href="../node_modules/vis/dist/vis.min.css" type="text/css" />
<script type="text/javascript" src="../node_modules/vis/dist/vis.js"> </script>-->

<style type="text/css">

        #mynetwork {
            width: 80%;
            height: 1000px;
            background-color: #ffffff;
            border: 1px solid lightgray;
            position: relative;
            float: left;
        }

        

        
        #config {
            float: left;
            width: 400px;
            height: 600px;
        }
        

        
</style>

</head>

<body>
<div id = "mynetwork"></div>


<div id = "config"></div>

<script type="text/javascript">

    // initialize global variables.
    var edges;
    var nodes;
    var network; 
    var container;
    var options, data;

    
    // This method is responsible for drawing the graph, returns the drawn network
    function drawGraph() {
        var container = document.getElementById('mynetwork');
        
        

        // parsing and collecting nodes and edges from the python
        nodes = new vis.DataSet([{"id": "()", "label": "()", "shape": "dot", "size": 10}, {"id": "( 1, 2)( 3, 5)( 4,12)( 6, 9)( 7,10)( 8,18)(11,15)(13,16)(14,24)(17,21)(19,22)\n(20,28)(23,26)(25,30)(27,29)", "label": "( 1, 2)( 3, 5)( 4,12)( 6, 9)( 7,10)( 8,18)(11,15)(13,16)(14,24)(17,21)(19,22)\n(20,28)(23,26)(25,30)(27,29)", "shape": "dot", "size": 10}, {"id": "( 1, 3, 7,13,19)( 2, 5,10,16,22)( 4, 8,14,20,25)( 6,11,17,23,27)\n( 9,15,21,26,29)(12,18,24,28,30)", "label": "( 1, 3, 7,13,19)( 2, 5,10,16,22)( 4, 8,14,20,25)( 6,11,17,23,27)\n( 9,15,21,26,29)(12,18,24,28,30)", "shape": "dot", "size": 10}, {"id": "( 1, 4, 9)( 2, 6,12)( 3, 8,15)( 5,11,18)( 7,14,21)(10,17,24)(13,20,26)\n(16,23,28)(19,25,29)(22,27,30)", "label": "( 1, 4, 9)( 2, 6,12)( 3, 8,15)( 5,11,18)( 7,14,21)(10,17,24)(13,20,26)\n(16,23,28)(19,25,29)(22,27,30)", "shape": "dot", "size": 10}, {"id": "( 1, 5, 7,16,19, 2, 3,10,13,22)( 4,18,14,28,25,12, 8,24,20,30)( 6,15,17,26,27,\n 9,11,21,23,29)", "label": "( 1, 5, 7,16,19, 2, 3,10,13,22)( 4,18,14,28,25,12, 8,24,20,30)( 6,15,17,26,27,\n 9,11,21,23,29)", "shape": "dot", "size": 10}, {"id": "( 1, 6)( 2, 4)( 3,11)( 5, 8)( 7,17)( 9,12)(10,14)(13,23)(15,18)(16,20)(19,27)\n(21,24)(22,25)(26,28)(29,30)", "label": "( 1, 6)( 2, 4)( 3,11)( 5, 8)( 7,17)( 9,12)(10,14)(13,23)(15,18)(16,20)(19,27)\n(21,24)(22,25)(26,28)(29,30)", "shape": "dot", "size": 10}, {"id": "( 1, 7,19, 3,13)( 2,10,22, 5,16)( 4,14,25, 8,20)( 6,17,27,11,23)\n( 9,21,29,15,26)(12,24,30,18,28)", "label": "( 1, 7,19, 3,13)( 2,10,22, 5,16)( 4,14,25, 8,20)( 6,17,27,11,23)\n( 9,21,29,15,26)(12,24,30,18,28)", "shape": "dot", "size": 10}, {"id": "( 1, 8,21,13,25, 9, 3,14,26,19, 4,15, 7,20,29)( 2,11,24,16,27,12, 5,17,28,22,\n  6,18,10,23,30)", "label": "( 1, 8,21,13,25, 9, 3,14,26,19, 4,15, 7,20,29)( 2,11,24,16,27,12, 5,17,28,22,\n  6,18,10,23,30)", "shape": "dot", "size": 10}, {"id": "( 1, 9, 4)( 2,12, 6)( 3,15, 8)( 5,18,11)( 7,21,14)(10,24,17)(13,26,20)\n(16,28,23)(19,29,25)(22,30,27)", "label": "( 1, 9, 4)( 2,12, 6)( 3,15, 8)( 5,18,11)( 7,21,14)(10,24,17)(13,26,20)\n(16,28,23)(19,29,25)(22,30,27)", "shape": "dot", "size": 10}, {"id": "( 1,10,19, 5,13, 2, 7,22, 3,16)( 4,24,25,18,20,12,14,30, 8,28)( 6,21,27,15,23,\n 9,17,29,11,26)", "label": "( 1,10,19, 5,13, 2, 7,22, 3,16)( 4,24,25,18,20,12,14,30, 8,28)( 6,21,27,15,23,\n 9,17,29,11,26)", "shape": "dot", "size": 10}, {"id": "( 1,11, 7,23,19, 6, 3,17,13,27)( 2, 8,10,20,22, 4, 5,14,16,25)( 9,18,21,28,29,\n 12,15,24,26,30)", "label": "( 1,11, 7,23,19, 6, 3,17,13,27)( 2, 8,10,20,22, 4, 5,14,16,25)( 9,18,21,28,29,\n 12,15,24,26,30)", "shape": "dot", "size": 10}, {"id": "( 1,12)( 2, 9)( 3,18)( 4, 6)( 5,15)( 7,24)( 8,11)(10,21)(13,28)(14,17)(16,26)\n(19,30)(20,23)(22,29)(25,27)", "label": "( 1,12)( 2, 9)( 3,18)( 4, 6)( 5,15)( 7,24)( 8,11)(10,21)(13,28)(14,17)(16,26)\n(19,30)(20,23)(22,29)(25,27)", "shape": "dot", "size": 10}, {"id": "( 1,13, 3,19, 7)( 2,16, 5,22,10)( 4,20, 8,25,14)( 6,23,11,27,17)\n( 9,26,15,29,21)(12,28,18,30,24)", "label": "( 1,13, 3,19, 7)( 2,16, 5,22,10)( 4,20, 8,25,14)( 6,23,11,27,17)\n( 9,26,15,29,21)(12,28,18,30,24)", "shape": "dot", "size": 10}, {"id": "( 1,14,29, 3,20, 9, 7,25,15,13, 4,21,19, 8,26)( 2,17,30, 5,23,12,10,27,18,16,\n  6,24,22,11,28)", "label": "( 1,14,29, 3,20, 9, 7,25,15,13, 4,21,19, 8,26)( 2,17,30, 5,23,12,10,27,18,16,\n  6,24,22,11,28)", "shape": "dot", "size": 10}, {"id": "( 1,15,14,13,29, 4, 3,21,20,19, 9, 8, 7,26,25)( 2,18,17,16,30, 6, 5,24,23,22,\n 12,11,10,28,27)", "label": "( 1,15,14,13,29, 4, 3,21,20,19, 9, 8, 7,26,25)( 2,18,17,16,30, 6, 5,24,23,22,\n 12,11,10,28,27)", "shape": "dot", "size": 10}, {"id": "( 1,16, 3,22, 7, 2,13, 5,19,10)( 4,28, 8,30,14,12,20,18,25,24)( 6,26,11,29,17,\n 9,23,15,27,21)", "label": "( 1,16, 3,22, 7, 2,13, 5,19,10)( 4,28, 8,30,14,12,20,18,25,24)( 6,26,11,29,17,\n 9,23,15,27,21)", "shape": "dot", "size": 10}, {"id": "( 1,17,19,11,13, 6, 7,27, 3,23)( 2,14,22, 8,16, 4,10,25, 5,20)( 9,24,29,18,26,\n 12,21,30,15,28)", "label": "( 1,17,19,11,13, 6, 7,27, 3,23)( 2,14,22, 8,16, 4,10,25, 5,20)( 9,24,29,18,26,\n 12,21,30,15,28)", "shape": "dot", "size": 10}, {"id": "( 1,18, 7,28,19,12, 3,24,13,30)( 2,15,10,26,22, 9, 5,21,16,29)( 4,11,14,23,25,\n 6, 8,17,20,27)", "label": "( 1,18, 7,28,19,12, 3,24,13,30)( 2,15,10,26,22, 9, 5,21,16,29)( 4,11,14,23,25,\n 6, 8,17,20,27)", "shape": "dot", "size": 10}, {"id": "( 1,19,13, 7, 3)( 2,22,16,10, 5)( 4,25,20,14, 8)( 6,27,23,17,11)\n( 9,29,26,21,15)(12,30,28,24,18)", "label": "( 1,19,13, 7, 3)( 2,22,16,10, 5)( 4,25,20,14, 8)( 6,27,23,17,11)\n( 9,29,26,21,15)(12,30,28,24,18)", "shape": "dot", "size": 10}, {"id": "( 1,20,15,19,14, 9,13, 8,29, 7, 4,26, 3,25,21)( 2,23,18,22,17,12,16,11,30,10,\n  6,28, 5,27,24)", "label": "( 1,20,15,19,14, 9,13, 8,29, 7, 4,26, 3,25,21)( 2,23,18,22,17,12,16,11,30,10,\n  6,28, 5,27,24)", "shape": "dot", "size": 10}, {"id": "( 1,21,25, 3,26, 4, 7,29, 8,13, 9,14,19,15,20)( 2,24,27, 5,28, 6,10,30,11,16,\n 12,17,22,18,23)", "label": "( 1,21,25, 3,26, 4, 7,29, 8,13, 9,14,19,15,20)( 2,24,27, 5,28, 6,10,30,11,16,\n 12,17,22,18,23)", "shape": "dot", "size": 10}, {"id": "( 1,22,13,10, 3, 2,19,16, 7, 5)( 4,30,20,24, 8,12,25,28,14,18)( 6,29,23,21,11,\n 9,27,26,17,15)", "label": "( 1,22,13,10, 3, 2,19,16, 7, 5)( 4,30,20,24, 8,12,25,28,14,18)( 6,29,23,21,11,\n 9,27,26,17,15)", "shape": "dot", "size": 10}, {"id": "( 1,23, 3,27, 7, 6,13,11,19,17)( 2,20, 5,25,10, 4,16, 8,22,14)( 9,28,15,30,21,\n 12,26,18,29,24)", "label": "( 1,23, 3,27, 7, 6,13,11,19,17)( 2,20, 5,25,10, 4,16, 8,22,14)( 9,28,15,30,21,\n 12,26,18,29,24)", "shape": "dot", "size": 10}, {"id": "( 1,24,19,18,13,12, 7,30, 3,28)( 2,21,22,15,16, 9,10,29, 5,26)( 4,17,25,11,20,\n 6,14,27, 8,23)", "label": "( 1,24,19,18,13,12, 7,30, 3,28)( 2,21,22,15,16, 9,10,29, 5,26)( 4,17,25,11,20,\n 6,14,27, 8,23)", "shape": "dot", "size": 10}, {"id": "( 1,25,26, 7, 8, 9,19,20,21, 3, 4,29,13,14,15)( 2,27,28,10,11,12,22,23,24, 5,\n  6,30,16,17,18)", "label": "( 1,25,26, 7, 8, 9,19,20,21, 3, 4,29,13,14,15)( 2,27,28,10,11,12,22,23,24, 5,\n  6,30,16,17,18)", "shape": "dot", "size": 10}, {"id": "( 1,26, 8,19,21, 4,13,15,25, 7, 9,20, 3,29,14)( 2,28,11,22,24, 6,16,18,27,10,\n 12,23, 5,30,17)", "label": "( 1,26, 8,19,21, 4,13,15,25, 7, 9,20, 3,29,14)( 2,28,11,22,24, 6,16,18,27,10,\n 12,23, 5,30,17)", "shape": "dot", "size": 10}, {"id": "( 1,27,13,17, 3, 6,19,23, 7,11)( 2,25,16,14, 5, 4,22,20,10, 8)( 9,30,26,24,15,\n 12,29,28,21,18)", "label": "( 1,27,13,17, 3, 6,19,23, 7,11)( 2,25,16,14, 5, 4,22,20,10, 8)( 9,30,26,24,15,\n 12,29,28,21,18)", "shape": "dot", "size": 10}, {"id": "( 1,28, 3,30, 7,12,13,18,19,24)( 2,26, 5,29,10, 9,16,15,22,21)( 4,23, 8,27,14,\n 6,20,11,25,17)", "label": "( 1,28, 3,30, 7,12,13,18,19,24)( 2,26, 5,29,10, 9,16,15,22,21)( 4,23, 8,27,14,\n 6,20,11,25,17)", "shape": "dot", "size": 10}, {"id": "( 1,29,20, 7,15, 4,19,26,14, 3, 9,25,13,21, 8)( 2,30,23,10,18, 6,22,28,17, 5,\n 12,27,16,24,11)", "label": "( 1,29,20, 7,15, 4,19,26,14, 3, 9,25,13,21, 8)( 2,30,23,10,18, 6,22,28,17, 5,\n 12,27,16,24,11)", "shape": "dot", "size": 10}, {"id": "( 1,30,13,24, 3,12,19,28, 7,18)( 2,29,16,21, 5, 9,22,26,10,15)( 4,27,20,17, 8,\n 6,25,23,14,11)", "label": "( 1,30,13,24, 3,12,19,28, 7,18)( 2,29,16,21, 5, 9,22,26,10,15)( 4,27,20,17, 8,\n 6,25,23,14,11)", "shape": "dot", "size": 10}]);
        edges = new vis.DataSet([{"from": "()", "to": "( 1, 2)( 3, 5)( 4,12)( 6, 9)( 7,10)( 8,18)(11,15)(13,16)(14,24)(17,21)(19,22)\n(20,28)(23,26)(25,30)(27,29)", "weight": 1}, {"from": "()", "to": "( 1, 3, 7,13,19)( 2, 5,10,16,22)( 4, 8,14,20,25)( 6,11,17,23,27)\n( 9,15,21,26,29)(12,18,24,28,30)", "weight": 1}, {"from": "()", "to": "( 1, 4, 9)( 2, 6,12)( 3, 8,15)( 5,11,18)( 7,14,21)(10,17,24)(13,20,26)\n(16,23,28)(19,25,29)(22,27,30)", "weight": 1}, {"from": "()", "to": "( 1, 5, 7,16,19, 2, 3,10,13,22)( 4,18,14,28,25,12, 8,24,20,30)( 6,15,17,26,27,\n 9,11,21,23,29)", "weight": 1}, {"from": "()", "to": "( 1, 6)( 2, 4)( 3,11)( 5, 8)( 7,17)( 9,12)(10,14)(13,23)(15,18)(16,20)(19,27)\n(21,24)(22,25)(26,28)(29,30)", "weight": 1}, {"from": "()", "to": "( 1, 7,19, 3,13)( 2,10,22, 5,16)( 4,14,25, 8,20)( 6,17,27,11,23)\n( 9,21,29,15,26)(12,24,30,18,28)", "weight": 1}, {"from": "()", "to": "( 1, 8,21,13,25, 9, 3,14,26,19, 4,15, 7,20,29)( 2,11,24,16,27,12, 5,17,28,22,\n  6,18,10,23,30)", "weight": 1}, {"from": "()", "to": "( 1, 9, 4)( 2,12, 6)( 3,15, 8)( 5,18,11)( 7,21,14)(10,24,17)(13,26,20)\n(16,28,23)(19,29,25)(22,30,27)", "weight": 1}, {"from": "()", "to": "( 1,10,19, 5,13, 2, 7,22, 3,16)( 4,24,25,18,20,12,14,30, 8,28)( 6,21,27,15,23,\n 9,17,29,11,26)", "weight": 1}, {"from": "()", "to": "( 1,11, 7,23,19, 6, 3,17,13,27)( 2, 8,10,20,22, 4, 5,14,16,25)( 9,18,21,28,29,\n 12,15,24,26,30)", "weight": 1}, {"from": "()", "to": "( 1,12)( 2, 9)( 3,18)( 4, 6)( 5,15)( 7,24)( 8,11)(10,21)(13,28)(14,17)(16,26)\n(19,30)(20,23)(22,29)(25,27)", "weight": 1}, {"from": "()", "to": "( 1,13, 3,19, 7)( 2,16, 5,22,10)( 4,20, 8,25,14)( 6,23,11,27,17)\n( 9,26,15,29,21)(12,28,18,30,24)", "weight": 1}, {"from": "()", "to": "( 1,14,29, 3,20, 9, 7,25,15,13, 4,21,19, 8,26)( 2,17,30, 5,23,12,10,27,18,16,\n  6,24,22,11,28)", "weight": 1}, {"from": "()", "to": "( 1,15,14,13,29, 4, 3,21,20,19, 9, 8, 7,26,25)( 2,18,17,16,30, 6, 5,24,23,22,\n 12,11,10,28,27)", "weight": 1}, {"from": "()", "to": "( 1,16, 3,22, 7, 2,13, 5,19,10)( 4,28, 8,30,14,12,20,18,25,24)( 6,26,11,29,17,\n 9,23,15,27,21)", "weight": 1}, {"from": "()", "to": "( 1,17,19,11,13, 6, 7,27, 3,23)( 2,14,22, 8,16, 4,10,25, 5,20)( 9,24,29,18,26,\n 12,21,30,15,28)", "weight": 1}, {"from": "()", "to": "( 1,18, 7,28,19,12, 3,24,13,30)( 2,15,10,26,22, 9, 5,21,16,29)( 4,11,14,23,25,\n 6, 8,17,20,27)", "weight": 1}, {"from": "()", "to": "( 1,19,13, 7, 3)( 2,22,16,10, 5)( 4,25,20,14, 8)( 6,27,23,17,11)\n( 9,29,26,21,15)(12,30,28,24,18)", "weight": 1}, {"from": "()", "to": "( 1,20,15,19,14, 9,13, 8,29, 7, 4,26, 3,25,21)( 2,23,18,22,17,12,16,11,30,10,\n  6,28, 5,27,24)", "weight": 1}, {"from": "()", "to": "( 1,21,25, 3,26, 4, 7,29, 8,13, 9,14,19,15,20)( 2,24,27, 5,28, 6,10,30,11,16,\n 12,17,22,18,23)", "weight": 1}, {"from": "()", "to": "( 1,22,13,10, 3, 2,19,16, 7, 5)( 4,30,20,24, 8,12,25,28,14,18)( 6,29,23,21,11,\n 9,27,26,17,15)", "weight": 1}, {"from": "()", "to": "( 1,23, 3,27, 7, 6,13,11,19,17)( 2,20, 5,25,10, 4,16, 8,22,14)( 9,28,15,30,21,\n 12,26,18,29,24)", "weight": 1}, {"from": "()", "to": "( 1,24,19,18,13,12, 7,30, 3,28)( 2,21,22,15,16, 9,10,29, 5,26)( 4,17,25,11,20,\n 6,14,27, 8,23)", "weight": 1}, {"from": "()", "to": "( 1,25,26, 7, 8, 9,19,20,21, 3, 4,29,13,14,15)( 2,27,28,10,11,12,22,23,24, 5,\n  6,30,16,17,18)", "weight": 1}, {"from": "()", "to": "( 1,26, 8,19,21, 4,13,15,25, 7, 9,20, 3,29,14)( 2,28,11,22,24, 6,16,18,27,10,\n 12,23, 5,30,17)", "weight": 1}, {"from": "()", "to": "( 1,27,13,17, 3, 6,19,23, 7,11)( 2,25,16,14, 5, 4,22,20,10, 8)( 9,30,26,24,15,\n 12,29,28,21,18)", "weight": 1}, {"from": "()", "to": "( 1,28, 3,30, 7,12,13,18,19,24)( 2,26, 5,29,10, 9,16,15,22,21)( 4,23, 8,27,14,\n 6,20,11,25,17)", "weight": 1}, {"from": "()", "to": "( 1,29,20, 7,15, 4,19,26,14, 3, 9,25,13,21, 8)( 2,30,23,10,18, 6,22,28,17, 5,\n 12,27,16,24,11)", "weight": 1}, {"from": "()", "to": "( 1,30,13,24, 3,12,19,28, 7,18)( 2,29,16,21, 5, 9,22,26,10,15)( 4,27,20,17, 8,\n 6,25,23,14,11)", "weight": 1}, {"from": "( 1, 2)( 3, 5)( 4,12)( 6, 9)( 7,10)( 8,18)(11,15)(13,16)(14,24)(17,21)(19,22)\n(20,28)(23,26)(25,30)(27,29)", "to": "( 1, 3, 7,13,19)( 2, 5,10,16,22)( 4, 8,14,20,25)( 6,11,17,23,27)\n( 9,15,21,26,29)(12,18,24,28,30)", "weight": 1}, {"from": "( 1, 2)( 3, 5)( 4,12)( 6, 9)( 7,10)( 8,18)(11,15)(13,16)(14,24)(17,21)(19,22)\n(20,28)(23,26)(25,30)(27,29)", "to": "( 1, 5, 7,16,19, 2, 3,10,13,22)( 4,18,14,28,25,12, 8,24,20,30)( 6,15,17,26,27,\n 9,11,21,23,29)", "weight": 1}, {"from": "( 1, 2)( 3, 5)( 4,12)( 6, 9)( 7,10)( 8,18)(11,15)(13,16)(14,24)(17,21)(19,22)\n(20,28)(23,26)(25,30)(27,29)", "to": "( 1, 7,19, 3,13)( 2,10,22, 5,16)( 4,14,25, 8,20)( 6,17,27,11,23)\n( 9,21,29,15,26)(12,24,30,18,28)", "weight": 1}, {"from": "( 1, 2)( 3, 5)( 4,12)( 6, 9)( 7,10)( 8,18)(11,15)(13,16)(14,24)(17,21)(19,22)\n(20,28)(23,26)(25,30)(27,29)", "to": "( 1,10,19, 5,13, 2, 7,22, 3,16)( 4,24,25,18,20,12,14,30, 8,28)( 6,21,27,15,23,\n 9,17,29,11,26)", "weight": 1}, {"from": "( 1, 2)( 3, 5)( 4,12)( 6, 9)( 7,10)( 8,18)(11,15)(13,16)(14,24)(17,21)(19,22)\n(20,28)(23,26)(25,30)(27,29)", "to": "( 1,13, 3,19, 7)( 2,16, 5,22,10)( 4,20, 8,25,14)( 6,23,11,27,17)\n( 9,26,15,29,21)(12,28,18,30,24)", "weight": 1}, {"from": "( 1, 2)( 3, 5)( 4,12)( 6, 9)( 7,10)( 8,18)(11,15)(13,16)(14,24)(17,21)(19,22)\n(20,28)(23,26)(25,30)(27,29)", "to": "( 1,16, 3,22, 7, 2,13, 5,19,10)( 4,28, 8,30,14,12,20,18,25,24)( 6,26,11,29,17,\n 9,23,15,27,21)", "weight": 1}, {"from": "( 1, 2)( 3, 5)( 4,12)( 6, 9)( 7,10)( 8,18)(11,15)(13,16)(14,24)(17,21)(19,22)\n(20,28)(23,26)(25,30)(27,29)", "to": "( 1,19,13, 7, 3)( 2,22,16,10, 5)( 4,25,20,14, 8)( 6,27,23,17,11)\n( 9,29,26,21,15)(12,30,28,24,18)", "weight": 1}, {"from": "( 1, 2)( 3, 5)( 4,12)( 6, 9)( 7,10)( 8,18)(11,15)(13,16)(14,24)(17,21)(19,22)\n(20,28)(23,26)(25,30)(27,29)", "to": "( 1,22,13,10, 3, 2,19,16, 7, 5)( 4,30,20,24, 8,12,25,28,14,18)( 6,29,23,21,11,\n 9,27,26,17,15)", "weight": 1}, {"from": "( 1, 3, 7,13,19)( 2, 5,10,16,22)( 4, 8,14,20,25)( 6,11,17,23,27)\n( 9,15,21,26,29)(12,18,24,28,30)", "to": "( 1, 4, 9)( 2, 6,12)( 3, 8,15)( 5,11,18)( 7,14,21)(10,17,24)(13,20,26)\n(16,23,28)(19,25,29)(22,27,30)", "weight": 1}, {"from": "( 1, 3, 7,13,19)( 2, 5,10,16,22)( 4, 8,14,20,25)( 6,11,17,23,27)\n( 9,15,21,26,29)(12,18,24,28,30)", "to": "( 1, 5, 7,16,19, 2, 3,10,13,22)( 4,18,14,28,25,12, 8,24,20,30)( 6,15,17,26,27,\n 9,11,21,23,29)", "weight": 1}, {"from": "( 1, 3, 7,13,19)( 2, 5,10,16,22)( 4, 8,14,20,25)( 6,11,17,23,27)\n( 9,15,21,26,29)(12,18,24,28,30)", "to": "( 1, 6)( 2, 4)( 3,11)( 5, 8)( 7,17)( 9,12)(10,14)(13,23)(15,18)(16,20)(19,27)\n(21,24)(22,25)(26,28)(29,30)", "weight": 1}, {"from": "( 1, 3, 7,13,19)( 2, 5,10,16,22)( 4, 8,14,20,25)( 6,11,17,23,27)\n( 9,15,21,26,29)(12,18,24,28,30)", "to": "( 1, 7,19, 3,13)( 2,10,22, 5,16)( 4,14,25, 8,20)( 6,17,27,11,23)\n( 9,21,29,15,26)(12,24,30,18,28)", "weight": 1}, {"from": "( 1, 3, 7,13,19)( 2, 5,10,16,22)( 4, 8,14,20,25)( 6,11,17,23,27)\n( 9,15,21,26,29)(12,18,24,28,30)", "to": "( 1, 8,21,13,25, 9, 3,14,26,19, 4,15, 7,20,29)( 2,11,24,16,27,12, 5,17,28,22,\n  6,18,10,23,30)", "weight": 1}, {"from": "( 1, 3, 7,13,19)( 2, 5,10,16,22)( 4, 8,14,20,25)( 6,11,17,23,27)\n( 9,15,21,26,29)(12,18,24,28,30)", "to": "( 1, 9, 4)( 2,12, 6)( 3,15, 8)( 5,18,11)( 7,21,14)(10,24,17)(13,26,20)\n(16,28,23)(19,29,25)(22,30,27)", "weight": 1}, {"from": "( 1, 3, 7,13,19)( 2, 5,10,16,22)( 4, 8,14,20,25)( 6,11,17,23,27)\n( 9,15,21,26,29)(12,18,24,28,30)", "to": "( 1,10,19, 5,13, 2, 7,22, 3,16)( 4,24,25,18,20,12,14,30, 8,28)( 6,21,27,15,23,\n 9,17,29,11,26)", "weight": 1}, {"from": "( 1, 3, 7,13,19)( 2, 5,10,16,22)( 4, 8,14,20,25)( 6,11,17,23,27)\n( 9,15,21,26,29)(12,18,24,28,30)", "to": "( 1,11, 7,23,19, 6, 3,17,13,27)( 2, 8,10,20,22, 4, 5,14,16,25)( 9,18,21,28,29,\n 12,15,24,26,30)", "weight": 1}, {"from": "( 1, 3, 7,13,19)( 2, 5,10,16,22)( 4, 8,14,20,25)( 6,11,17,23,27)\n( 9,15,21,26,29)(12,18,24,28,30)", "to": "( 1,12)( 2, 9)( 3,18)( 4, 6)( 5,15)( 7,24)( 8,11)(10,21)(13,28)(14,17)(16,26)\n(19,30)(20,23)(22,29)(25,27)", "weight": 1}, {"from": "( 1, 3, 7,13,19)( 2, 5,10,16,22)( 4, 8,14,20,25)( 6,11,17,23,27)\n( 9,15,21,26,29)(12,18,24,28,30)", "to": "( 1,13, 3,19, 7)( 2,16, 5,22,10)( 4,20, 8,25,14)( 6,23,11,27,17)\n( 9,26,15,29,21)(12,28,18,30,24)", "weight": 1}, {"from": "( 1, 3, 7,13,19)( 2, 5,10,16,22)( 4, 8,14,20,25)( 6,11,17,23,27)\n( 9,15,21,26,29)(12,18,24,28,30)", "to": "( 1,14,29, 3,20, 9, 7,25,15,13, 4,21,19, 8,26)( 2,17,30, 5,23,12,10,27,18,16,\n  6,24,22,11,28)", "weight": 1}, {"from": "( 1, 3, 7,13,19)( 2, 5,10,16,22)( 4, 8,14,20,25)( 6,11,17,23,27)\n( 9,15,21,26,29)(12,18,24,28,30)", "to": "( 1,15,14,13,29, 4, 3,21,20,19, 9, 8, 7,26,25)( 2,18,17,16,30, 6, 5,24,23,22,\n 12,11,10,28,27)", "weight": 1}, {"from": "( 1, 3, 7,13,19)( 2, 5,10,16,22)( 4, 8,14,20,25)( 6,11,17,23,27)\n( 9,15,21,26,29)(12,18,24,28,30)", "to": "( 1,16, 3,22, 7, 2,13, 5,19,10)( 4,28, 8,30,14,12,20,18,25,24)( 6,26,11,29,17,\n 9,23,15,27,21)", "weight": 1}, {"from": "( 1, 3, 7,13,19)( 2, 5,10,16,22)( 4, 8,14,20,25)( 6,11,17,23,27)\n( 9,15,21,26,29)(12,18,24,28,30)", "to": "( 1,17,19,11,13, 6, 7,27, 3,23)( 2,14,22, 8,16, 4,10,25, 5,20)( 9,24,29,18,26,\n 12,21,30,15,28)", "weight": 1}, {"from": "( 1, 3, 7,13,19)( 2, 5,10,16,22)( 4, 8,14,20,25)( 6,11,17,23,27)\n( 9,15,21,26,29)(12,18,24,28,30)", "to": "( 1,18, 7,28,19,12, 3,24,13,30)( 2,15,10,26,22, 9, 5,21,16,29)( 4,11,14,23,25,\n 6, 8,17,20,27)", "weight": 1}, {"from": "( 1, 3, 7,13,19)( 2, 5,10,16,22)( 4, 8,14,20,25)( 6,11,17,23,27)\n( 9,15,21,26,29)(12,18,24,28,30)", "to": "( 1,19,13, 7, 3)( 2,22,16,10, 5)( 4,25,20,14, 8)( 6,27,23,17,11)\n( 9,29,26,21,15)(12,30,28,24,18)", "weight": 1}, {"from": "( 1, 3, 7,13,19)( 2, 5,10,16,22)( 4, 8,14,20,25)( 6,11,17,23,27)\n( 9,15,21,26,29)(12,18,24,28,30)", "to": "( 1,20,15,19,14, 9,13, 8,29, 7, 4,26, 3,25,21)( 2,23,18,22,17,12,16,11,30,10,\n  6,28, 5,27,24)", "weight": 1}, {"from": "( 1, 3, 7,13,19)( 2, 5,10,16,22)( 4, 8,14,20,25)( 6,11,17,23,27)\n( 9,15,21,26,29)(12,18,24,28,30)", "to": "( 1,21,25, 3,26, 4, 7,29, 8,13, 9,14,19,15,20)( 2,24,27, 5,28, 6,10,30,11,16,\n 12,17,22,18,23)", "weight": 1}, {"from": "( 1, 3, 7,13,19)( 2, 5,10,16,22)( 4, 8,14,20,25)( 6,11,17,23,27)\n( 9,15,21,26,29)(12,18,24,28,30)", "to": "( 1,22,13,10, 3, 2,19,16, 7, 5)( 4,30,20,24, 8,12,25,28,14,18)( 6,29,23,21,11,\n 9,27,26,17,15)", "weight": 1}, {"from": "( 1, 3, 7,13,19)( 2, 5,10,16,22)( 4, 8,14,20,25)( 6,11,17,23,27)\n( 9,15,21,26,29)(12,18,24,28,30)", "to": "( 1,23, 3,27, 7, 6,13,11,19,17)( 2,20, 5,25,10, 4,16, 8,22,14)( 9,28,15,30,21,\n 12,26,18,29,24)", "weight": 1}, {"from": "( 1, 3, 7,13,19)( 2, 5,10,16,22)( 4, 8,14,20,25)( 6,11,17,23,27)\n( 9,15,21,26,29)(12,18,24,28,30)", "to": "( 1,24,19,18,13,12, 7,30, 3,28)( 2,21,22,15,16, 9,10,29, 5,26)( 4,17,25,11,20,\n 6,14,27, 8,23)", "weight": 1}, {"from": "( 1, 3, 7,13,19)( 2, 5,10,16,22)( 4, 8,14,20,25)( 6,11,17,23,27)\n( 9,15,21,26,29)(12,18,24,28,30)", "to": "( 1,25,26, 7, 8, 9,19,20,21, 3, 4,29,13,14,15)( 2,27,28,10,11,12,22,23,24, 5,\n  6,30,16,17,18)", "weight": 1}, {"from": "( 1, 3, 7,13,19)( 2, 5,10,16,22)( 4, 8,14,20,25)( 6,11,17,23,27)\n( 9,15,21,26,29)(12,18,24,28,30)", "to": "( 1,26, 8,19,21, 4,13,15,25, 7, 9,20, 3,29,14)( 2,28,11,22,24, 6,16,18,27,10,\n 12,23, 5,30,17)", "weight": 1}, {"from": "( 1, 3, 7,13,19)( 2, 5,10,16,22)( 4, 8,14,20,25)( 6,11,17,23,27)\n( 9,15,21,26,29)(12,18,24,28,30)", "to": "( 1,27,13,17, 3, 6,19,23, 7,11)( 2,25,16,14, 5, 4,22,20,10, 8)( 9,30,26,24,15,\n 12,29,28,21,18)", "weight": 1}, {"from": "( 1, 3, 7,13,19)( 2, 5,10,16,22)( 4, 8,14,20,25)( 6,11,17,23,27)\n( 9,15,21,26,29)(12,18,24,28,30)", "to": "( 1,28, 3,30, 7,12,13,18,19,24)( 2,26, 5,29,10, 9,16,15,22,21)( 4,23, 8,27,14,\n 6,20,11,25,17)", "weight": 1}, {"from": "( 1, 3, 7,13,19)( 2, 5,10,16,22)( 4, 8,14,20,25)( 6,11,17,23,27)\n( 9,15,21,26,29)(12,18,24,28,30)", "to": "( 1,29,20, 7,15, 4,19,26,14, 3, 9,25,13,21, 8)( 2,30,23,10,18, 6,22,28,17, 5,\n 12,27,16,24,11)", "weight": 1}, {"from": "( 1, 3, 7,13,19)( 2, 5,10,16,22)( 4, 8,14,20,25)( 6,11,17,23,27)\n( 9,15,21,26,29)(12,18,24,28,30)", "to": "( 1,30,13,24, 3,12,19,28, 7,18)( 2,29,16,21, 5, 9,22,26,10,15)( 4,27,20,17, 8,\n 6,25,23,14,11)", "weight": 1}, {"from": "( 1, 4, 9)( 2, 6,12)( 3, 8,15)( 5,11,18)( 7,14,21)(10,17,24)(13,20,26)\n(16,23,28)(19,25,29)(22,27,30)", "to": "( 1, 7,19, 3,13)( 2,10,22, 5,16)( 4,14,25, 8,20)( 6,17,27,11,23)\n( 9,21,29,15,26)(12,24,30,18,28)", "weight": 1}, {"from": "( 1, 4, 9)( 2, 6,12)( 3, 8,15)( 5,11,18)( 7,14,21)(10,17,24)(13,20,26)\n(16,23,28)(19,25,29)(22,27,30)", "to": "( 1, 8,21,13,25, 9, 3,14,26,19, 4,15, 7,20,29)( 2,11,24,16,27,12, 5,17,28,22,\n  6,18,10,23,30)", "weight": 1}, {"from": "( 1, 4, 9)( 2, 6,12)( 3, 8,15)( 5,11,18)( 7,14,21)(10,17,24)(13,20,26)\n(16,23,28)(19,25,29)(22,27,30)", "to": "( 1, 9, 4)( 2,12, 6)( 3,15, 8)( 5,18,11)( 7,21,14)(10,24,17)(13,26,20)\n(16,28,23)(19,29,25)(22,30,27)", "weight": 1}, {"from": "( 1, 4, 9)( 2, 6,12)( 3, 8,15)( 5,11,18)( 7,14,21)(10,17,24)(13,20,26)\n(16,23,28)(19,25,29)(22,27,30)", "to": "( 1,13, 3,19, 7)( 2,16, 5,22,10)( 4,20, 8,25,14)( 6,23,11,27,17)\n( 9,26,15,29,21)(12,28,18,30,24)", "weight": 1}, {"from": "( 1, 4, 9)( 2, 6,12)( 3, 8,15)( 5,11,18)( 7,14,21)(10,17,24)(13,20,26)\n(16,23,28)(19,25,29)(22,27,30)", "to": "( 1,14,29, 3,20, 9, 7,25,15,13, 4,21,19, 8,26)( 2,17,30, 5,23,12,10,27,18,16,\n  6,24,22,11,28)", "weight": 1}, {"from": "( 1, 4, 9)( 2, 6,12)( 3, 8,15)( 5,11,18)( 7,14,21)(10,17,24)(13,20,26)\n(16,23,28)(19,25,29)(22,27,30)", "to": "( 1,15,14,13,29, 4, 3,21,20,19, 9, 8, 7,26,25)( 2,18,17,16,30, 6, 5,24,23,22,\n 12,11,10,28,27)", "weight": 1}, {"from": "( 1, 4, 9)( 2, 6,12)( 3, 8,15)( 5,11,18)( 7,14,21)(10,17,24)(13,20,26)\n(16,23,28)(19,25,29)(22,27,30)", "to": "( 1,19,13, 7, 3)( 2,22,16,10, 5)( 4,25,20,14, 8)( 6,27,23,17,11)\n( 9,29,26,21,15)(12,30,28,24,18)", "weight": 1}, {"from": "( 1, 4, 9)( 2, 6,12)( 3, 8,15)( 5,11,18)( 7,14,21)(10,17,24)(13,20,26)\n(16,23,28)(19,25,29)(22,27,30)", "to": "( 1,20,15,19,14, 9,13, 8,29, 7, 4,26, 3,25,21)( 2,23,18,22,17,12,16,11,30,10,\n  6,28, 5,27,24)", "weight": 1}, {"from": "( 1, 4, 9)( 2, 6,12)( 3, 8,15)( 5,11,18)( 7,14,21)(10,17,24)(13,20,26)\n(16,23,28)(19,25,29)(22,27,30)", "to": "( 1,21,25, 3,26, 4, 7,29, 8,13, 9,14,19,15,20)( 2,24,27, 5,28, 6,10,30,11,16,\n 12,17,22,18,23)", "weight": 1}, {"from": "( 1, 4, 9)( 2, 6,12)( 3, 8,15)( 5,11,18)( 7,14,21)(10,17,24)(13,20,26)\n(16,23,28)(19,25,29)(22,27,30)", "to": "( 1,25,26, 7, 8, 9,19,20,21, 3, 4,29,13,14,15)( 2,27,28,10,11,12,22,23,24, 5,\n  6,30,16,17,18)", "weight": 1}, {"from": "( 1, 4, 9)( 2, 6,12)( 3, 8,15)( 5,11,18)( 7,14,21)(10,17,24)(13,20,26)\n(16,23,28)(19,25,29)(22,27,30)", "to": "( 1,26, 8,19,21, 4,13,15,25, 7, 9,20, 3,29,14)( 2,28,11,22,24, 6,16,18,27,10,\n 12,23, 5,30,17)", "weight": 1}, {"from": "( 1, 4, 9)( 2, 6,12)( 3, 8,15)( 5,11,18)( 7,14,21)(10,17,24)(13,20,26)\n(16,23,28)(19,25,29)(22,27,30)", "to": "( 1,29,20, 7,15, 4,19,26,14, 3, 9,25,13,21, 8)( 2,30,23,10,18, 6,22,28,17, 5,\n 12,27,16,24,11)", "weight": 1}, {"from": "( 1, 5, 7,16,19, 2, 3,10,13,22)( 4,18,14,28,25,12, 8,24,20,30)( 6,15,17,26,27,\n 9,11,21,23,29)", "to": "( 1, 7,19, 3,13)( 2,10,22, 5,16)( 4,14,25, 8,20)( 6,17,27,11,23)\n( 9,21,29,15,26)(12,24,30,18,28)", "weight": 1}, {"from": "( 1, 5, 7,16,19, 2, 3,10,13,22)( 4,18,14,28,25,12, 8,24,20,30)( 6,15,17,26,27,\n 9,11,21,23,29)", "to": "( 1,10,19, 5,13, 2, 7,22, 3,16)( 4,24,25,18,20,12,14,30, 8,28)( 6,21,27,15,23,\n 9,17,29,11,26)", "weight": 1}, {"from": "( 1, 5, 7,16,19, 2, 3,10,13,22)( 4,18,14,28,25,12, 8,24,20,30)( 6,15,17,26,27,\n 9,11,21,23,29)", "to": "( 1,13, 3,19, 7)( 2,16, 5,22,10)( 4,20, 8,25,14)( 6,23,11,27,17)\n( 9,26,15,29,21)(12,28,18,30,24)", "weight": 1}, {"from": "( 1, 5, 7,16,19, 2, 3,10,13,22)( 4,18,14,28,25,12, 8,24,20,30)( 6,15,17,26,27,\n 9,11,21,23,29)", "to": "( 1,16, 3,22, 7, 2,13, 5,19,10)( 4,28, 8,30,14,12,20,18,25,24)( 6,26,11,29,17,\n 9,23,15,27,21)", "weight": 1}, {"from": "( 1, 5, 7,16,19, 2, 3,10,13,22)( 4,18,14,28,25,12, 8,24,20,30)( 6,15,17,26,27,\n 9,11,21,23,29)", "to": "( 1,19,13, 7, 3)( 2,22,16,10, 5)( 4,25,20,14, 8)( 6,27,23,17,11)\n( 9,29,26,21,15)(12,30,28,24,18)", "weight": 1}, {"from": "( 1, 5, 7,16,19, 2, 3,10,13,22)( 4,18,14,28,25,12, 8,24,20,30)( 6,15,17,26,27,\n 9,11,21,23,29)", "to": "( 1,22,13,10, 3, 2,19,16, 7, 5)( 4,30,20,24, 8,12,25,28,14,18)( 6,29,23,21,11,\n 9,27,26,17,15)", "weight": 1}, {"from": "( 1, 6)( 2, 4)( 3,11)( 5, 8)( 7,17)( 9,12)(10,14)(13,23)(15,18)(16,20)(19,27)\n(21,24)(22,25)(26,28)(29,30)", "to": "( 1, 7,19, 3,13)( 2,10,22, 5,16)( 4,14,25, 8,20)( 6,17,27,11,23)\n( 9,21,29,15,26)(12,24,30,18,28)", "weight": 1}, {"from": "( 1, 6)( 2, 4)( 3,11)( 5, 8)( 7,17)( 9,12)(10,14)(13,23)(15,18)(16,20)(19,27)\n(21,24)(22,25)(26,28)(29,30)", "to": "( 1,11, 7,23,19, 6, 3,17,13,27)( 2, 8,10,20,22, 4, 5,14,16,25)( 9,18,21,28,29,\n 12,15,24,26,30)", "weight": 1}, {"from": "( 1, 6)( 2, 4)( 3,11)( 5, 8)( 7,17)( 9,12)(10,14)(13,23)(15,18)(16,20)(19,27)\n(21,24)(22,25)(26,28)(29,30)", "to": "( 1,13, 3,19, 7)( 2,16, 5,22,10)( 4,20, 8,25,14)( 6,23,11,27,17)\n( 9,26,15,29,21)(12,28,18,30,24)", "weight": 1}, {"from": "( 1, 6)( 2, 4)( 3,11)( 5, 8)( 7,17)( 9,12)(10,14)(13,23)(15,18)(16,20)(19,27)\n(21,24)(22,25)(26,28)(29,30)", "to": "( 1,17,19,11,13, 6, 7,27, 3,23)( 2,14,22, 8,16, 4,10,25, 5,20)( 9,24,29,18,26,\n 12,21,30,15,28)", "weight": 1}, {"from": "( 1, 6)( 2, 4)( 3,11)( 5, 8)( 7,17)( 9,12)(10,14)(13,23)(15,18)(16,20)(19,27)\n(21,24)(22,25)(26,28)(29,30)", "to": "( 1,19,13, 7, 3)( 2,22,16,10, 5)( 4,25,20,14, 8)( 6,27,23,17,11)\n( 9,29,26,21,15)(12,30,28,24,18)", "weight": 1}, {"from": "( 1, 6)( 2, 4)( 3,11)( 5, 8)( 7,17)( 9,12)(10,14)(13,23)(15,18)(16,20)(19,27)\n(21,24)(22,25)(26,28)(29,30)", "to": "( 1,23, 3,27, 7, 6,13,11,19,17)( 2,20, 5,25,10, 4,16, 8,22,14)( 9,28,15,30,21,\n 12,26,18,29,24)", "weight": 1}, {"from": "( 1, 6)( 2, 4)( 3,11)( 5, 8)( 7,17)( 9,12)(10,14)(13,23)(15,18)(16,20)(19,27)\n(21,24)(22,25)(26,28)(29,30)", "to": "( 1,27,13,17, 3, 6,19,23, 7,11)( 2,25,16,14, 5, 4,22,20,10, 8)( 9,30,26,24,15,\n 12,29,28,21,18)", "weight": 1}, {"from": "( 1, 7,19, 3,13)( 2,10,22, 5,16)( 4,14,25, 8,20)( 6,17,27,11,23)\n( 9,21,29,15,26)(12,24,30,18,28)", "to": "( 1, 8,21,13,25, 9, 3,14,26,19, 4,15, 7,20,29)( 2,11,24,16,27,12, 5,17,28,22,\n  6,18,10,23,30)", "weight": 1}, {"from": "( 1, 7,19, 3,13)( 2,10,22, 5,16)( 4,14,25, 8,20)( 6,17,27,11,23)\n( 9,21,29,15,26)(12,24,30,18,28)", "to": "( 1, 9, 4)( 2,12, 6)( 3,15, 8)( 5,18,11)( 7,21,14)(10,24,17)(13,26,20)\n(16,28,23)(19,29,25)(22,30,27)", "weight": 1}, {"from": "( 1, 7,19, 3,13)( 2,10,22, 5,16)( 4,14,25, 8,20)( 6,17,27,11,23)\n( 9,21,29,15,26)(12,24,30,18,28)", "to": "( 1,10,19, 5,13, 2, 7,22, 3,16)( 4,24,25,18,20,12,14,30, 8,28)( 6,21,27,15,23,\n 9,17,29,11,26)", "weight": 1}, {"from": "( 1, 7,19, 3,13)( 2,10,22, 5,16)( 4,14,25, 8,20)( 6,17,27,11,23)\n( 9,21,29,15,26)(12,24,30,18,28)", "to": "( 1,11, 7,23,19, 6, 3,17,13,27)( 2, 8,10,20,22, 4, 5,14,16,25)( 9,18,21,28,29,\n 12,15,24,26,30)", "weight": 1}, {"from": "( 1, 7,19, 3,13)( 2,10,22, 5,16)( 4,14,25, 8,20)( 6,17,27,11,23)\n( 9,21,29,15,26)(12,24,30,18,28)", "to": "( 1,12)( 2, 9)( 3,18)( 4, 6)( 5,15)( 7,24)( 8,11)(10,21)(13,28)(14,17)(16,26)\n(19,30)(20,23)(22,29)(25,27)", "weight": 1}, {"from": "( 1, 7,19, 3,13)( 2,10,22, 5,16)( 4,14,25, 8,20)( 6,17,27,11,23)\n( 9,21,29,15,26)(12,24,30,18,28)", "to": "( 1,13, 3,19, 7)( 2,16, 5,22,10)( 4,20, 8,25,14)( 6,23,11,27,17)\n( 9,26,15,29,21)(12,28,18,30,24)", "weight": 1}, {"from": "( 1, 7,19, 3,13)( 2,10,22, 5,16)( 4,14,25, 8,20)( 6,17,27,11,23)\n( 9,21,29,15,26)(12,24,30,18,28)", "to": "( 1,14,29, 3,20, 9, 7,25,15,13, 4,21,19, 8,26)( 2,17,30, 5,23,12,10,27,18,16,\n  6,24,22,11,28)", "weight": 1}, {"from": "( 1, 7,19, 3,13)( 2,10,22, 5,16)( 4,14,25, 8,20)( 6,17,27,11,23)\n( 9,21,29,15,26)(12,24,30,18,28)", "to": "( 1,15,14,13,29, 4, 3,21,20,19, 9, 8, 7,26,25)( 2,18,17,16,30, 6, 5,24,23,22,\n 12,11,10,28,27)", "weight": 1}, {"from": "( 1, 7,19, 3,13)( 2,10,22, 5,16)( 4,14,25, 8,20)( 6,17,27,11,23)\n( 9,21,29,15,26)(12,24,30,18,28)", "to": "( 1,16, 3,22, 7, 2,13, 5,19,10)( 4,28, 8,30,14,12,20,18,25,24)( 6,26,11,29,17,\n 9,23,15,27,21)", "weight": 1}, {"from": "( 1, 7,19, 3,13)( 2,10,22, 5,16)( 4,14,25, 8,20)( 6,17,27,11,23)\n( 9,21,29,15,26)(12,24,30,18,28)", "to": "( 1,17,19,11,13, 6, 7,27, 3,23)( 2,14,22, 8,16, 4,10,25, 5,20)( 9,24,29,18,26,\n 12,21,30,15,28)", "weight": 1}, {"from": "( 1, 7,19, 3,13)( 2,10,22, 5,16)( 4,14,25, 8,20)( 6,17,27,11,23)\n( 9,21,29,15,26)(12,24,30,18,28)", "to": "( 1,18, 7,28,19,12, 3,24,13,30)( 2,15,10,26,22, 9, 5,21,16,29)( 4,11,14,23,25,\n 6, 8,17,20,27)", "weight": 1}, {"from": "( 1, 7,19, 3,13)( 2,10,22, 5,16)( 4,14,25, 8,20)( 6,17,27,11,23)\n( 9,21,29,15,26)(12,24,30,18,28)", "to": "( 1,19,13, 7, 3)( 2,22,16,10, 5)( 4,25,20,14, 8)( 6,27,23,17,11)\n( 9,29,26,21,15)(12,30,28,24,18)", "weight": 1}, {"from": "( 1, 7,19, 3,13)( 2,10,22, 5,16)( 4,14,25, 8,20)( 6,17,27,11,23)\n( 9,21,29,15,26)(12,24,30,18,28)", "to": "( 1,20,15,19,14, 9,13, 8,29, 7, 4,26, 3,25,21)( 2,23,18,22,17,12,16,11,30,10,\n  6,28, 5,27,24)", "weight": 1}, {"from": "( 1, 7,19, 3,13)( 2,10,22, 5,16)( 4,14,25, 8,20)( 6,17,27,11,23)\n( 9,21,29,15,26)(12,24,30,18,28)", "to": "( 1,21,25, 3,26, 4, 7,29, 8,13, 9,14,19,15,20)( 2,24,27, 5,28, 6,10,30,11,16,\n 12,17,22,18,23)", "weight": 1}, {"from": "( 1, 7,19, 3,13)( 2,10,22, 5,16)( 4,14,25, 8,20)( 6,17,27,11,23)\n( 9,21,29,15,26)(12,24,30,18,28)", "to": "( 1,22,13,10, 3, 2,19,16, 7, 5)( 4,30,20,24, 8,12,25,28,14,18)( 6,29,23,21,11,\n 9,27,26,17,15)", "weight": 1}, {"from": "( 1, 7,19, 3,13)( 2,10,22, 5,16)( 4,14,25, 8,20)( 6,17,27,11,23)\n( 9,21,29,15,26)(12,24,30,18,28)", "to": "( 1,23, 3,27, 7, 6,13,11,19,17)( 2,20, 5,25,10, 4,16, 8,22,14)( 9,28,15,30,21,\n 12,26,18,29,24)", "weight": 1}, {"from": "( 1, 7,19, 3,13)( 2,10,22, 5,16)( 4,14,25, 8,20)( 6,17,27,11,23)\n( 9,21,29,15,26)(12,24,30,18,28)", "to": "( 1,24,19,18,13,12, 7,30, 3,28)( 2,21,22,15,16, 9,10,29, 5,26)( 4,17,25,11,20,\n 6,14,27, 8,23)", "weight": 1}, {"from": "( 1, 7,19, 3,13)( 2,10,22, 5,16)( 4,14,25, 8,20)( 6,17,27,11,23)\n( 9,21,29,15,26)(12,24,30,18,28)", "to": "( 1,25,26, 7, 8, 9,19,20,21, 3, 4,29,13,14,15)( 2,27,28,10,11,12,22,23,24, 5,\n  6,30,16,17,18)", "weight": 1}, {"from": "( 1, 7,19, 3,13)( 2,10,22, 5,16)( 4,14,25, 8,20)( 6,17,27,11,23)\n( 9,21,29,15,26)(12,24,30,18,28)", "to": "( 1,26, 8,19,21, 4,13,15,25, 7, 9,20, 3,29,14)( 2,28,11,22,24, 6,16,18,27,10,\n 12,23, 5,30,17)", "weight": 1}, {"from": "( 1, 7,19, 3,13)( 2,10,22, 5,16)( 4,14,25, 8,20)( 6,17,27,11,23)\n( 9,21,29,15,26)(12,24,30,18,28)", "to": "( 1,27,13,17, 3, 6,19,23, 7,11)( 2,25,16,14, 5, 4,22,20,10, 8)( 9,30,26,24,15,\n 12,29,28,21,18)", "weight": 1}, {"from": "( 1, 7,19, 3,13)( 2,10,22, 5,16)( 4,14,25, 8,20)( 6,17,27,11,23)\n( 9,21,29,15,26)(12,24,30,18,28)", "to": "( 1,28, 3,30, 7,12,13,18,19,24)( 2,26, 5,29,10, 9,16,15,22,21)( 4,23, 8,27,14,\n 6,20,11,25,17)", "weight": 1}, {"from": "( 1, 7,19, 3,13)( 2,10,22, 5,16)( 4,14,25, 8,20)( 6,17,27,11,23)\n( 9,21,29,15,26)(12,24,30,18,28)", "to": "( 1,29,20, 7,15, 4,19,26,14, 3, 9,25,13,21, 8)( 2,30,23,10,18, 6,22,28,17, 5,\n 12,27,16,24,11)", "weight": 1}, {"from": "( 1, 7,19, 3,13)( 2,10,22, 5,16)( 4,14,25, 8,20)( 6,17,27,11,23)\n( 9,21,29,15,26)(12,24,30,18,28)", "to": "( 1,30,13,24, 3,12,19,28, 7,18)( 2,29,16,21, 5, 9,22,26,10,15)( 4,27,20,17, 8,\n 6,25,23,14,11)", "weight": 1}, {"from": "( 1, 8,21,13,25, 9, 3,14,26,19, 4,15, 7,20,29)( 2,11,24,16,27,12, 5,17,28,22,\n  6,18,10,23,30)", "to": "( 1, 9, 4)( 2,12, 6)( 3,15, 8)( 5,18,11)( 7,21,14)(10,24,17)(13,26,20)\n(16,28,23)(19,29,25)(22,30,27)", "weight": 1}, {"from": "( 1, 8,21,13,25, 9, 3,14,26,19, 4,15, 7,20,29)( 2,11,24,16,27,12, 5,17,28,22,\n  6,18,10,23,30)", "to": "( 1,13, 3,19, 7)( 2,16, 5,22,10)( 4,20, 8,25,14)( 6,23,11,27,17)\n( 9,26,15,29,21)(12,28,18,30,24)", "weight": 1}, {"from": "( 1, 8,21,13,25, 9, 3,14,26,19, 4,15, 7,20,29)( 2,11,24,16,27,12, 5,17,28,22,\n  6,18,10,23,30)", "to": "( 1,14,29, 3,20, 9, 7,25,15,13, 4,21,19, 8,26)( 2,17,30, 5,23,12,10,27,18,16,\n  6,24,22,11,28)", "weight": 1}, {"from": "( 1, 8,21,13,25, 9, 3,14,26,19, 4,15, 7,20,29)( 2,11,24,16,27,12, 5,17,28,22,\n  6,18,10,23,30)", "to": "( 1,15,14,13,29, 4, 3,21,20,19, 9, 8, 7,26,25)( 2,18,17,16,30, 6, 5,24,23,22,\n 12,11,10,28,27)", "weight": 1}, {"from": "( 1, 8,21,13,25, 9, 3,14,26,19, 4,15, 7,20,29)( 2,11,24,16,27,12, 5,17,28,22,\n  6,18,10,23,30)", "to": "( 1,19,13, 7, 3)( 2,22,16,10, 5)( 4,25,20,14, 8)( 6,27,23,17,11)\n( 9,29,26,21,15)(12,30,28,24,18)", "weight": 1}, {"from": "( 1, 8,21,13,25, 9, 3,14,26,19, 4,15, 7,20,29)( 2,11,24,16,27,12, 5,17,28,22,\n  6,18,10,23,30)", "to": "( 1,20,15,19,14, 9,13, 8,29, 7, 4,26, 3,25,21)( 2,23,18,22,17,12,16,11,30,10,\n  6,28, 5,27,24)", "weight": 1}, {"from": "( 1, 8,21,13,25, 9, 3,14,26,19, 4,15, 7,20,29)( 2,11,24,16,27,12, 5,17,28,22,\n  6,18,10,23,30)", "to": "( 1,21,25, 3,26, 4, 7,29, 8,13, 9,14,19,15,20)( 2,24,27, 5,28, 6,10,30,11,16,\n 12,17,22,18,23)", "weight": 1}, {"from": "( 1, 8,21,13,25, 9, 3,14,26,19, 4,15, 7,20,29)( 2,11,24,16,27,12, 5,17,28,22,\n  6,18,10,23,30)", "to": "( 1,25,26, 7, 8, 9,19,20,21, 3, 4,29,13,14,15)( 2,27,28,10,11,12,22,23,24, 5,\n  6,30,16,17,18)", "weight": 1}, {"from": "( 1, 8,21,13,25, 9, 3,14,26,19, 4,15, 7,20,29)( 2,11,24,16,27,12, 5,17,28,22,\n  6,18,10,23,30)", "to": "( 1,26, 8,19,21, 4,13,15,25, 7, 9,20, 3,29,14)( 2,28,11,22,24, 6,16,18,27,10,\n 12,23, 5,30,17)", "weight": 1}, {"from": "( 1, 8,21,13,25, 9, 3,14,26,19, 4,15, 7,20,29)( 2,11,24,16,27,12, 5,17,28,22,\n  6,18,10,23,30)", "to": "( 1,29,20, 7,15, 4,19,26,14, 3, 9,25,13,21, 8)( 2,30,23,10,18, 6,22,28,17, 5,\n 12,27,16,24,11)", "weight": 1}, {"from": "( 1, 9, 4)( 2,12, 6)( 3,15, 8)( 5,18,11)( 7,21,14)(10,24,17)(13,26,20)\n(16,28,23)(19,29,25)(22,30,27)", "to": "( 1,13, 3,19, 7)( 2,16, 5,22,10)( 4,20, 8,25,14)( 6,23,11,27,17)\n( 9,26,15,29,21)(12,28,18,30,24)", "weight": 1}, {"from": "( 1, 9, 4)( 2,12, 6)( 3,15, 8)( 5,18,11)( 7,21,14)(10,24,17)(13,26,20)\n(16,28,23)(19,29,25)(22,30,27)", "to": "( 1,14,29, 3,20, 9, 7,25,15,13, 4,21,19, 8,26)( 2,17,30, 5,23,12,10,27,18,16,\n  6,24,22,11,28)", "weight": 1}, {"from": "( 1, 9, 4)( 2,12, 6)( 3,15, 8)( 5,18,11)( 7,21,14)(10,24,17)(13,26,20)\n(16,28,23)(19,29,25)(22,30,27)", "to": "( 1,15,14,13,29, 4, 3,21,20,19, 9, 8, 7,26,25)( 2,18,17,16,30, 6, 5,24,23,22,\n 12,11,10,28,27)", "weight": 1}, {"from": "( 1, 9, 4)( 2,12, 6)( 3,15, 8)( 5,18,11)( 7,21,14)(10,24,17)(13,26,20)\n(16,28,23)(19,29,25)(22,30,27)", "to": "( 1,19,13, 7, 3)( 2,22,16,10, 5)( 4,25,20,14, 8)( 6,27,23,17,11)\n( 9,29,26,21,15)(12,30,28,24,18)", "weight": 1}, {"from": "( 1, 9, 4)( 2,12, 6)( 3,15, 8)( 5,18,11)( 7,21,14)(10,24,17)(13,26,20)\n(16,28,23)(19,29,25)(22,30,27)", "to": "( 1,20,15,19,14, 9,13, 8,29, 7, 4,26, 3,25,21)( 2,23,18,22,17,12,16,11,30,10,\n  6,28, 5,27,24)", "weight": 1}, {"from": "( 1, 9, 4)( 2,12, 6)( 3,15, 8)( 5,18,11)( 7,21,14)(10,24,17)(13,26,20)\n(16,28,23)(19,29,25)(22,30,27)", "to": "( 1,21,25, 3,26, 4, 7,29, 8,13, 9,14,19,15,20)( 2,24,27, 5,28, 6,10,30,11,16,\n 12,17,22,18,23)", "weight": 1}, {"from": "( 1, 9, 4)( 2,12, 6)( 3,15, 8)( 5,18,11)( 7,21,14)(10,24,17)(13,26,20)\n(16,28,23)(19,29,25)(22,30,27)", "to": "( 1,25,26, 7, 8, 9,19,20,21, 3, 4,29,13,14,15)( 2,27,28,10,11,12,22,23,24, 5,\n  6,30,16,17,18)", "weight": 1}, {"from": "( 1, 9, 4)( 2,12, 6)( 3,15, 8)( 5,18,11)( 7,21,14)(10,24,17)(13,26,20)\n(16,28,23)(19,29,25)(22,30,27)", "to": "( 1,26, 8,19,21, 4,13,15,25, 7, 9,20, 3,29,14)( 2,28,11,22,24, 6,16,18,27,10,\n 12,23, 5,30,17)", "weight": 1}, {"from": "( 1, 9, 4)( 2,12, 6)( 3,15, 8)( 5,18,11)( 7,21,14)(10,24,17)(13,26,20)\n(16,28,23)(19,29,25)(22,30,27)", "to": "( 1,29,20, 7,15, 4,19,26,14, 3, 9,25,13,21, 8)( 2,30,23,10,18, 6,22,28,17, 5,\n 12,27,16,24,11)", "weight": 1}, {"from": "( 1,10,19, 5,13, 2, 7,22, 3,16)( 4,24,25,18,20,12,14,30, 8,28)( 6,21,27,15,23,\n 9,17,29,11,26)", "to": "( 1,13, 3,19, 7)( 2,16, 5,22,10)( 4,20, 8,25,14)( 6,23,11,27,17)\n( 9,26,15,29,21)(12,28,18,30,24)", "weight": 1}, {"from": "( 1,10,19, 5,13, 2, 7,22, 3,16)( 4,24,25,18,20,12,14,30, 8,28)( 6,21,27,15,23,\n 9,17,29,11,26)", "to": "( 1,16, 3,22, 7, 2,13, 5,19,10)( 4,28, 8,30,14,12,20,18,25,24)( 6,26,11,29,17,\n 9,23,15,27,21)", "weight": 1}, {"from": "( 1,10,19, 5,13, 2, 7,22, 3,16)( 4,24,25,18,20,12,14,30, 8,28)( 6,21,27,15,23,\n 9,17,29,11,26)", "to": "( 1,19,13, 7, 3)( 2,22,16,10, 5)( 4,25,20,14, 8)( 6,27,23,17,11)\n( 9,29,26,21,15)(12,30,28,24,18)", "weight": 1}, {"from": "( 1,10,19, 5,13, 2, 7,22, 3,16)( 4,24,25,18,20,12,14,30, 8,28)( 6,21,27,15,23,\n 9,17,29,11,26)", "to": "( 1,22,13,10, 3, 2,19,16, 7, 5)( 4,30,20,24, 8,12,25,28,14,18)( 6,29,23,21,11,\n 9,27,26,17,15)", "weight": 1}, {"from": "( 1,11, 7,23,19, 6, 3,17,13,27)( 2, 8,10,20,22, 4, 5,14,16,25)( 9,18,21,28,29,\n 12,15,24,26,30)", "to": "( 1,13, 3,19, 7)( 2,16, 5,22,10)( 4,20, 8,25,14)( 6,23,11,27,17)\n( 9,26,15,29,21)(12,28,18,30,24)", "weight": 1}, {"from": "( 1,11, 7,23,19, 6, 3,17,13,27)( 2, 8,10,20,22, 4, 5,14,16,25)( 9,18,21,28,29,\n 12,15,24,26,30)", "to": "( 1,17,19,11,13, 6, 7,27, 3,23)( 2,14,22, 8,16, 4,10,25, 5,20)( 9,24,29,18,26,\n 12,21,30,15,28)", "weight": 1}, {"from": "( 1,11, 7,23,19, 6, 3,17,13,27)( 2, 8,10,20,22, 4, 5,14,16,25)( 9,18,21,28,29,\n 12,15,24,26,30)", "to": "( 1,19,13, 7, 3)( 2,22,16,10, 5)( 4,25,20,14, 8)( 6,27,23,17,11)\n( 9,29,26,21,15)(12,30,28,24,18)", "weight": 1}, {"from": "( 1,11, 7,23,19, 6, 3,17,13,27)( 2, 8,10,20,22, 4, 5,14,16,25)( 9,18,21,28,29,\n 12,15,24,26,30)", "to": "( 1,23, 3,27, 7, 6,13,11,19,17)( 2,20, 5,25,10, 4,16, 8,22,14)( 9,28,15,30,21,\n 12,26,18,29,24)", "weight": 1}, {"from": "( 1,11, 7,23,19, 6, 3,17,13,27)( 2, 8,10,20,22, 4, 5,14,16,25)( 9,18,21,28,29,\n 12,15,24,26,30)", "to": "( 1,27,13,17, 3, 6,19,23, 7,11)( 2,25,16,14, 5, 4,22,20,10, 8)( 9,30,26,24,15,\n 12,29,28,21,18)", "weight": 1}, {"from": "( 1,12)( 2, 9)( 3,18)( 4, 6)( 5,15)( 7,24)( 8,11)(10,21)(13,28)(14,17)(16,26)\n(19,30)(20,23)(22,29)(25,27)", "to": "( 1,13, 3,19, 7)( 2,16, 5,22,10)( 4,20, 8,25,14)( 6,23,11,27,17)\n( 9,26,15,29,21)(12,28,18,30,24)", "weight": 1}, {"from": "( 1,12)( 2, 9)( 3,18)( 4, 6)( 5,15)( 7,24)( 8,11)(10,21)(13,28)(14,17)(16,26)\n(19,30)(20,23)(22,29)(25,27)", "to": "( 1,18, 7,28,19,12, 3,24,13,30)( 2,15,10,26,22, 9, 5,21,16,29)( 4,11,14,23,25,\n 6, 8,17,20,27)", "weight": 1}, {"from": "( 1,12)( 2, 9)( 3,18)( 4, 6)( 5,15)( 7,24)( 8,11)(10,21)(13,28)(14,17)(16,26)\n(19,30)(20,23)(22,29)(25,27)", "to": "( 1,19,13, 7, 3)( 2,22,16,10, 5)( 4,25,20,14, 8)( 6,27,23,17,11)\n( 9,29,26,21,15)(12,30,28,24,18)", "weight": 1}, {"from": "( 1,12)( 2, 9)( 3,18)( 4, 6)( 5,15)( 7,24)( 8,11)(10,21)(13,28)(14,17)(16,26)\n(19,30)(20,23)(22,29)(25,27)", "to": "( 1,24,19,18,13,12, 7,30, 3,28)( 2,21,22,15,16, 9,10,29, 5,26)( 4,17,25,11,20,\n 6,14,27, 8,23)", "weight": 1}, {"from": "( 1,12)( 2, 9)( 3,18)( 4, 6)( 5,15)( 7,24)( 8,11)(10,21)(13,28)(14,17)(16,26)\n(19,30)(20,23)(22,29)(25,27)", "to": "( 1,28, 3,30, 7,12,13,18,19,24)( 2,26, 5,29,10, 9,16,15,22,21)( 4,23, 8,27,14,\n 6,20,11,25,17)", "weight": 1}, {"from": "( 1,12)( 2, 9)( 3,18)( 4, 6)( 5,15)( 7,24)( 8,11)(10,21)(13,28)(14,17)(16,26)\n(19,30)(20,23)(22,29)(25,27)", "to": "( 1,30,13,24, 3,12,19,28, 7,18)( 2,29,16,21, 5, 9,22,26,10,15)( 4,27,20,17, 8,\n 6,25,23,14,11)", "weight": 1}, {"from": "( 1,13, 3,19, 7)( 2,16, 5,22,10)( 4,20, 8,25,14)( 6,23,11,27,17)\n( 9,26,15,29,21)(12,28,18,30,24)", "to": "( 1,