<html>
<head>
<link rel="stylesheet" href="https://cdnjs.cloudflare.com/ajax/libs/vis/4.16.1/vis.css" type="text/css" />
<script type="text/javascript" src="https://cdnjs.cloudflare.com/ajax/libs/vis/4.16.1/vis-network.min.js"> </script>
<center>
<h1></h1>
</center>

<!-- <link rel="stylesheet" href="../node_modules/vis/dist/vis.min.css" type="text/css" />
<script type="text/javascript" src="../node_modules/vis/dist/vis.js"> </script>-->

<style type="text/css">

        #mynetwork {
            width: 80%;
            height: 1000px;
            background-color: #ffffff;
            border: 1px solid lightgray;
            position: relative;
            float: left;
        }

        

        
        #config {
            float: left;
            width: 400px;
            height: 600px;
        }
        

        
</style>

</head>

<body>
<div id = "mynetwork"></div>


<div id = "config"></div>

<script type="text/javascript">

    // initialize global variables.
    var edges;
    var nodes;
    var network; 
    var container;
    var options, data;

    
    // This method is responsible for drawing the graph, returns the drawn network
    function drawGraph() {
        var container = document.getElementById('mynetwork');
        
        

        // parsing and collecting nodes and edges from the python
        nodes = new vis.DataSet([{"id": "()", "label": "()", "shape": "dot", "size": 10}, {"id": "( 1, 2)( 3, 5)( 4,24)( 6,21)( 7,10)( 8,28)( 9,18)(11,26)(12,15)(13,30)(14,23)\n(16,29)(17,20)(19,27)(22,25)", "label": "( 1, 2)( 3, 5)( 4,24)( 6,21)( 7,10)( 8,28)( 9,18)(11,26)(12,15)(13,30)(14,23)\n(16,29)(17,20)(19,27)(22,25)", "shape": "dot", "size": 10}, {"id": "( 1, 3, 7)( 2, 5,10)( 4, 8,13)( 6,11,16)( 9,14,19)(12,17,22)(15,20,25)\n(18,23,27)(21,26,29)(24,28,30)", "label": "( 1, 3, 7)( 2, 5,10)( 4, 8,13)( 6,11,16)( 9,14,19)(12,17,22)(15,20,25)\n(18,23,27)(21,26,29)(24,28,30)", "shape": "dot", "size": 10}, {"id": "( 1, 4, 9,15,21)( 2, 6,12,18,24)( 3, 8,14,20,26)( 5,11,17,23,28)\n( 7,13,19,25,29)(10,16,22,27,30)", "label": "( 1, 4, 9,15,21)( 2, 6,12,18,24)( 3, 8,14,20,26)( 5,11,17,23,28)\n( 7,13,19,25,29)(10,16,22,27,30)", "shape": "dot", "size": 10}, {"id": "( 1, 5, 7, 2, 3,10)( 4,28,13,24, 8,30)( 6,26,16,21,11,29)( 9,23,19,18,14,27)\n(12,20,22,15,17,25)", "label": "( 1, 5, 7, 2, 3,10)( 4,28,13,24, 8,30)( 6,26,16,21,11,29)( 9,23,19,18,14,27)\n(12,20,22,15,17,25)", "shape": "dot", "size": 10}, {"id": "( 1, 6)( 2, 4)( 3,11)( 5, 8)( 7,16)( 9,24)(10,13)(12,21)(14,28)(15,18)(17,26)\n(19,30)(20,23)(22,29)(25,27)", "label": "( 1, 6)( 2, 4)( 3,11)( 5, 8)( 7,16)( 9,24)(10,13)(12,21)(14,28)(15,18)(17,26)\n(19,30)(20,23)(22,29)(25,27)", "shape": "dot", "size": 10}, {"id": "( 1, 7, 3)( 2,10, 5)( 4,13, 8)( 6,16,11)( 9,19,14)(12,22,17)(15,25,20)\n(18,27,23)(21,29,26)(24,30,28)", "label": "( 1, 7, 3)( 2,10, 5)( 4,13, 8)( 6,16,11)( 9,19,14)(12,22,17)(15,25,20)\n(18,27,23)(21,29,26)(24,30,28)", "shape": "dot", "size": 10}, {"id": "( 1, 8,19,15,26, 7, 4,14,25,21, 3,13, 9,20,29)( 2,11,22,18,28,10, 6,17,27,24,\n  5,16,12,23,30)", "label": "( 1, 8,19,15,26, 7, 4,14,25,21, 3,13, 9,20,29)( 2,11,22,18,28,10, 6,17,27,24,\n  5,16,12,23,30)", "shape": "dot", "size": 10}, {"id": "( 1, 9,21, 4,15)( 2,12,24, 6,18)( 3,14,26, 8,20)( 5,17,28,11,23)\n( 7,19,29,13,25)(10,22,30,16,27)", "label": "( 1, 9,21, 4,15)( 2,12,24, 6,18)( 3,14,26, 8,20)( 5,17,28,11,23)\n( 7,19,29,13,25)(10,22,30,16,27)", "shape": "dot", "size": 10}, {"id": "( 1,10, 3, 2, 7, 5)( 4,30, 8,24,13,28)( 6,29,11,21,16,26)( 9,27,14,18,19,23)\n(12,25,17,15,22,20)", "label": "( 1,10, 3, 2, 7, 5)( 4,30, 8,24,13,28)( 6,29,11,21,16,26)( 9,27,14,18,19,23)\n(12,25,17,15,22,20)", "shape": "dot", "size": 10}, {"id": "( 1,11, 7, 6, 3,16)( 2, 8,10, 4, 5,13)( 9,28,19,24,14,30)(12,26,22,21,17,29)\n(15,23,25,18,20,27)", "label": "( 1,11, 7, 6, 3,16)( 2, 8,10, 4, 5,13)( 9,28,19,24,14,30)(12,26,22,21,17,29)\n(15,23,25,18,20,27)", "shape": "dot", "size": 10}, {"id": "( 1,12)( 2, 9)( 3,17)( 4, 6)( 5,14)( 7,22)( 8,11)(10,19)(13,16)(15,24)(18,21)\n(20,28)(23,26)(25,30)(27,29)", "label": "( 1,12)( 2, 9)( 3,17)( 4, 6)( 5,14)( 7,22)( 8,11)(10,19)(13,16)(15,24)(18,21)\n(20,28)(23,26)(25,30)(27,29)", "shape": "dot", "size": 10}, {"id": "( 1,13,14,15,29, 3, 4,19,20,21, 7, 8, 9,25,26)( 2,16,17,18,30, 5, 6,22,23,24,\n 10,11,12,27,28)", "label": "( 1,13,14,15,29, 3, 4,19,20,21, 7, 8, 9,25,26)( 2,16,17,18,30, 5, 6,22,23,24,\n 10,11,12,27,28)", "shape": "dot", "size": 10}, {"id": "( 1,14,29, 4,20, 7, 9,26,13,15, 3,19,21, 8,25)( 2,17,30, 6,23,10,12,28,16,18,\n  5,22,24,11,27)", "label": "( 1,14,29, 4,20, 7, 9,26,13,15, 3,19,21, 8,25)( 2,17,30, 6,23,10,12,28,16,18,\n  5,22,24,11,27)", "shape": "dot", "size": 10}, {"id": "( 1,15, 4,21, 9)( 2,18, 6,24,12)( 3,20, 8,26,14)( 5,23,11,28,17)\n( 7,25,13,29,19)(10,27,16,30,22)", "label": "( 1,15, 4,21, 9)( 2,18, 6,24,12)( 3,20, 8,26,14)( 5,23,11,28,17)\n( 7,25,13,29,19)(10,27,16,30,22)", "shape": "dot", "size": 10}, {"id": "( 1,16, 3, 6, 7,11)( 2,13, 5, 4,10, 8)( 9,30,14,24,19,28)(12,29,17,21,22,26)\n(15,27,20,18,25,23)", "label": "( 1,16, 3, 6, 7,11)( 2,13, 5, 4,10, 8)( 9,30,14,24,19,28)(12,29,17,21,22,26)\n(15,27,20,18,25,23)", "shape": "dot", "size": 10}, {"id": "( 1,17, 7,12, 3,22)( 2,14,10, 9, 5,19)( 4,11,13, 6, 8,16)(15,28,25,24,20,30)\n(18,26,27,21,23,29)", "label": "( 1,17, 7,12, 3,22)( 2,14,10, 9, 5,19)( 4,11,13, 6, 8,16)(15,28,25,24,20,30)\n(18,26,27,21,23,29)", "shape": "dot", "size": 10}, {"id": "( 1,18)( 2,15)( 3,23)( 4,12)( 5,20)( 6, 9)( 7,27)( 8,17)(10,25)(11,14)(13,22)\n(16,19)(21,24)(26,28)(29,30)", "label": "( 1,18)( 2,15)( 3,23)( 4,12)( 5,20)( 6, 9)( 7,27)( 8,17)(10,25)(11,14)(13,22)\n(16,19)(21,24)(26,28)(29,30)", "shape": "dot", "size": 10}, {"id": "( 1,19,26, 4,25, 3, 9,29, 8,15, 7,14,21,13,20)( 2,22,28, 6,27, 5,12,30,11,18,\n 10,17,24,16,23)", "label": "( 1,19,26, 4,25, 3, 9,29, 8,15, 7,14,21,13,20)( 2,22,28, 6,27, 5,12,30,11,18,\n 10,17,24,16,23)", "shape": "dot", "size": 10}, {"id": "( 1,20,13,21,14, 7,15, 8,29, 9, 3,25, 4,26,19)( 2,23,16,24,17,10,18,11,30,12,\n  5,27, 6,28,22)", "label": "( 1,20,13,21,14, 7,15, 8,29, 9, 3,25, 4,26,19)( 2,23,16,24,17,10,18,11,30,12,\n  5,27, 6,28,22)", "shape": "dot", "size": 10}, {"id": "( 1,21,15, 9, 4)( 2,24,18,12, 6)( 3,26,20,14, 8)( 5,28,23,17,11)\n( 7,29,25,19,13)(10,30,27,22,16)", "label": "( 1,21,15, 9, 4)( 2,24,18,12, 6)( 3,26,20,14, 8)( 5,28,23,17,11)\n( 7,29,25,19,13)(10,30,27,22,16)", "shape": "dot", "size": 10}, {"id": "( 1,22, 3,12, 7,17)( 2,19, 5, 9,10,14)( 4,16, 8, 6,13,11)(15,30,20,24,25,28)\n(18,29,23,21,27,26)", "label": "( 1,22, 3,12, 7,17)( 2,19, 5, 9,10,14)( 4,16, 8, 6,13,11)(15,30,20,24,25,28)\n(18,29,23,21,27,26)", "shape": "dot", "size": 10}, {"id": "( 1,23, 7,18, 3,27)( 2,20,10,15, 5,25)( 4,17,13,12, 8,22)( 6,14,16, 9,11,19)\n(21,28,29,24,26,30)", "label": "( 1,23, 7,18, 3,27)( 2,20,10,15, 5,25)( 4,17,13,12, 8,22)( 6,14,16, 9,11,19)\n(21,28,29,24,26,30)", "shape": "dot", "size": 10}, {"id": "( 1,24)( 2,21)( 3,28)( 4,18)( 5,26)( 6,15)( 7,30)( 8,23)( 9,12)(10,29)(11,20)\n(13,27)(14,17)(16,25)(19,22)", "label": "( 1,24)( 2,21)( 3,28)( 4,18)( 5,26)( 6,15)( 7,30)( 8,23)( 9,12)(10,29)(11,20)\n(13,27)(14,17)(16,25)(19,22)", "shape": "dot", "size": 10}, {"id": "( 1,25, 8,21,19, 3,15,13,26, 9, 7,20, 4,29,14)( 2,27,11,24,22, 5,18,16,28,12,\n 10,23, 6,30,17)", "label": "( 1,25, 8,21,19, 3,15,13,26, 9, 7,20, 4,29,14)( 2,27,11,24,22, 5,18,16,28,12,\n 10,23, 6,30,17)", "shape": "dot", "size": 10}, {"id": "( 1,26,25, 9, 8, 7,21,20,19, 4, 3,29,15,14,13)( 2,28,27,12,11,10,24,23,22, 6,\n  5,30,18,17,16)", "label": "( 1,26,25, 9, 8, 7,21,20,19, 4, 3,29,15,14,13)( 2,28,27,12,11,10,24,23,22, 6,\n  5,30,18,17,16)", "shape": "dot", "size": 10}, {"id": "( 1,27, 3,18, 7,23)( 2,25, 5,15,10,20)( 4,22, 8,12,13,17)( 6,19,11, 9,16,14)\n(21,30,26,24,29,28)", "label": "( 1,27, 3,18, 7,23)( 2,25, 5,15,10,20)( 4,22, 8,12,13,17)( 6,19,11, 9,16,14)\n(21,30,26,24,29,28)", "shape": "dot", "size": 10}, {"id": "( 1,28, 7,24, 3,30)( 2,26,10,21, 5,29)( 4,23,13,18, 8,27)( 6,20,16,15,11,25)\n( 9,17,19,12,14,22)", "label": "( 1,28, 7,24, 3,30)( 2,26,10,21, 5,29)( 4,23,13,18, 8,27)( 6,20,16,15,11,25)\n( 9,17,19,12,14,22)", "shape": "dot", "size": 10}, {"id": "( 1,29,20, 9,13, 3,21,25,14, 4, 7,26,15,19, 8)( 2,30,23,12,16, 5,24,27,17, 6,\n 10,28,18,22,11)", "label": "( 1,29,20, 9,13, 3,21,25,14, 4, 7,26,15,19, 8)( 2,30,23,12,16, 5,24,27,17, 6,\n 10,28,18,22,11)", "shape": "dot", "size": 10}, {"id": "( 1,30, 3,24, 7,28)( 2,29, 5,21,10,26)( 4,27, 8,18,13,23)( 6,25,11,15,16,20)\n( 9,22,14,12,19,17)", "label": "( 1,30, 3,24, 7,28)( 2,29, 5,21,10,26)( 4,27, 8,18,13,23)( 6,25,11,15,16,20)\n( 9,22,14,12,19,17)", "shape": "dot", "size": 10}]);
        edges = new vis.DataSet([{"from": "()", "to": "( 1, 2)( 3, 5)( 4,24)( 6,21)( 7,10)( 8,28)( 9,18)(11,26)(12,15)(13,30)(14,23)\n(16,29)(17,20)(19,27)(22,25)", "weight": 1}, {"from": "()", "to": "( 1, 3, 7)( 2, 5,10)( 4, 8,13)( 6,11,16)( 9,14,19)(12,17,22)(15,20,25)\n(18,23,27)(21,26,29)(24,28,30)", "weight": 1}, {"from": "()", "to": "( 1, 4, 9,15,21)( 2, 6,12,18,24)( 3, 8,14,20,26)( 5,11,17,23,28)\n( 7,13,19,25,29)(10,16,22,27,30)", "weight": 1}, {"from": "()", "to": "( 1, 5, 7, 2, 3,10)( 4,28,13,24, 8,30)( 6,26,16,21,11,29)( 9,23,19,18,14,27)\n(12,20,22,15,17,25)", "weight": 1}, {"from": "()", "to": "( 1, 6)( 2, 4)( 3,11)( 5, 8)( 7,16)( 9,24)(10,13)(12,21)(14,28)(15,18)(17,26)\n(19,30)(20,23)(22,29)(25,27)", "weight": 1}, {"from": "()", "to": "( 1, 7, 3)( 2,10, 5)( 4,13, 8)( 6,16,11)( 9,19,14)(12,22,17)(15,25,20)\n(18,27,23)(21,29,26)(24,30,28)", "weight": 1}, {"from": "()", "to": "( 1, 8,19,15,26, 7, 4,14,25,21, 3,13, 9,20,29)( 2,11,22,18,28,10, 6,17,27,24,\n  5,16,12,23,30)", "weight": 1}, {"from": "()", "to": "( 1, 9,21, 4,15)( 2,12,24, 6,18)( 3,14,26, 8,20)( 5,17,28,11,23)\n( 7,19,29,13,25)(10,22,30,16,27)", "weight": 1}, {"from": "()", "to": "( 1,10, 3, 2, 7, 5)( 4,30, 8,24,13,28)( 6,29,11,21,16,26)( 9,27,14,18,19,23)\n(12,25,17,15,22,20)", "weight": 1}, {"from": "()", "to": "( 1,11, 7, 6, 3,16)( 2, 8,10, 4, 5,13)( 9,28,19,24,14,30)(12,26,22,21,17,29)\n(15,23,25,18,20,27)", "weight": 1}, {"from": "()", "to": "( 1,12)( 2, 9)( 3,17)( 4, 6)( 5,14)( 7,22)( 8,11)(10,19)(13,16)(15,24)(18,21)\n(20,28)(23,26)(25,30)(27,29)", "weight": 1}, {"from": "()", "to": "( 1,13,14,15,29, 3, 4,19,20,21, 7, 8, 9,25,26)( 2,16,17,18,30, 5, 6,22,23,24,\n 10,11,12,27,28)", "weight": 1}, {"from": "()", "to": "( 1,14,29, 4,20, 7, 9,26,13,15, 3,19,21, 8,25)( 2,17,30, 6,23,10,12,28,16,18,\n  5,22,24,11,27)", "weight": 1}, {"from": "()", "to": "( 1,15, 4,21, 9)( 2,18, 6,24,12)( 3,20, 8,26,14)( 5,23,11,28,17)\n( 7,25,13,29,19)(10,27,16,30,22)", "weight": 1}, {"from": "()", "to": "( 1,16, 3, 6, 7,11)( 2,13, 5, 4,10, 8)( 9,30,14,24,19,28)(12,29,17,21,22,26)\n(15,27,20,18,25,23)", "weight": 1}, {"from": "()", "to": "( 1,17, 7,12, 3,22)( 2,14,10, 9, 5,19)( 4,11,13, 6, 8,16)(15,28,25,24,20,30)\n(18,26,27,21,23,29)", "weight": 1}, {"from": "()", "to": "( 1,18)( 2,15)( 3,23)( 4,12)( 5,20)( 6, 9)( 7,27)( 8,17)(10,25)(11,14)(13,22)\n(16,19)(21,24)(26,28)(29,30)", "weight": 1}, {"from": "()", "to": "( 1,19,26, 4,25, 3, 9,29, 8,15, 7,14,21,13,20)( 2,22,28, 6,27, 5,12,30,11,18,\n 10,17,24,16,23)", "weight": 1}, {"from": "()", "to": "( 1,20,13,21,14, 7,15, 8,29, 9, 3,25, 4,26,19)( 2,23,16,24,17,10,18,11,30,12,\n  5,27, 6,28,22)", "weight": 1}, {"from": "()", "to": "( 1,21,15, 9, 4)( 2,24,18,12, 6)( 3,26,20,14, 8)( 5,28,23,17,11)\n( 7,29,25,19,13)(10,30,27,22,16)", "weight": 1}, {"from": "()", "to": "( 1,22, 3,12, 7,17)( 2,19, 5, 9,10,14)( 4,16, 8, 6,13,11)(15,30,20,24,25,28)\n(18,29,23,21,27,26)", "weight": 1}, {"from": "()", "to": "( 1,23, 7,18, 3,27)( 2,20,10,15, 5,25)( 4,17,13,12, 8,22)( 6,14,16, 9,11,19)\n(21,28,29,24,26,30)", "weight": 1}, {"from": "()", "to": "( 1,24)( 2,21)( 3,28)( 4,18)( 5,26)( 6,15)( 7,30)( 8,23)( 9,12)(10,29)(11,20)\n(13,27)(14,17)(16,25)(19,22)", "weight": 1}, {"from": "()", "to": "( 1,25, 8,21,19, 3,15,13,26, 9, 7,20, 4,29,14)( 2,27,11,24,22, 5,18,16,28,12,\n 10,23, 6,30,17)", "weight": 1}, {"from": "()", "to": "( 1,26,25, 9, 8, 7,21,20,19, 4, 3,29,15,14,13)( 2,28,27,12,11,10,24,23,22, 6,\n  5,30,18,17,16)", "weight": 1}, {"from": "()", "to": "( 1,27, 3,18, 7,23)( 2,25, 5,15,10,20)( 4,22, 8,12,13,17)( 6,19,11, 9,16,14)\n(21,30,26,24,29,28)", "weight": 1}, {"from": "()", "to": "( 1,28, 7,24, 3,30)( 2,26,10,21, 5,29)( 4,23,13,18, 8,27)( 6,20,16,15,11,25)\n( 9,17,19,12,14,22)", "weight": 1}, {"from": "()", "to": "( 1,29,20, 9,13, 3,21,25,14, 4, 7,26,15,19, 8)( 2,30,23,12,16, 5,24,27,17, 6,\n 10,28,18,22,11)", "weight": 1}, {"from": "()", "to": "( 1,30, 3,24, 7,28)( 2,29, 5,21,10,26)( 4,27, 8,18,13,23)( 6,25,11,15,16,20)\n( 9,22,14,12,19,17)", "weight": 1}, {"from": "( 1, 2)( 3, 5)( 4,24)( 6,21)( 7,10)( 8,28)( 9,18)(11,26)(12,15)(13,30)(14,23)\n(16,29)(17,20)(19,27)(22,25)", "to": "( 1, 3, 7)( 2, 5,10)( 4, 8,13)( 6,11,16)( 9,14,19)(12,17,22)(15,20,25)\n(18,23,27)(21,26,29)(24,28,30)", "weight": 1}, {"from": "( 1, 2)( 3, 5)( 4,24)( 6,21)( 7,10)( 8,28)( 9,18)(11,26)(12,15)(13,30)(14,23)\n(16,29)(17,20)(19,27)(22,25)", "to": "( 1, 5, 7, 2, 3,10)( 4,28,13,24, 8,30)( 6,26,16,21,11,29)( 9,23,19,18,14,27)\n(12,20,22,15,17,25)", "weight": 1}, {"from": "( 1, 2)( 3, 5)( 4,24)( 6,21)( 7,10)( 8,28)( 9,18)(11,26)(12,15)(13,30)(14,23)\n(16,29)(17,20)(19,27)(22,25)", "to": "( 1, 7, 3)( 2,10, 5)( 4,13, 8)( 6,16,11)( 9,19,14)(12,22,17)(15,25,20)\n(18,27,23)(21,29,26)(24,30,28)", "weight": 1}, {"from": "( 1, 2)( 3, 5)( 4,24)( 6,21)( 7,10)( 8,28)( 9,18)(11,26)(12,15)(13,30)(14,23)\n(16,29)(17,20)(19,27)(22,25)", "to": "( 1,10, 3, 2, 7, 5)( 4,30, 8,24,13,28)( 6,29,11,21,16,26)( 9,27,14,18,19,23)\n(12,25,17,15,22,20)", "weight": 1}, {"from": "( 1, 3, 7)( 2, 5,10)( 4, 8,13)( 6,11,16)( 9,14,19)(12,17,22)(15,20,25)\n(18,23,27)(21,26,29)(24,28,30)", "to": "( 1, 4, 9,15,21)( 2, 6,12,18,24)( 3, 8,14,20,26)( 5,11,17,23,28)\n( 7,13,19,25,29)(10,16,22,27,30)", "weight": 1}, {"from": "( 1, 3, 7)( 2, 5,10)( 4, 8,13)( 6,11,16)( 9,14,19)(12,17,22)(15,20,25)\n(18,23,27)(21,26,29)(24,28,30)", "to": "( 1, 5, 7, 2, 3,10)( 4,28,13,24, 8,30)( 6,26,16,21,11,29)( 9,23,19,18,14,27)\n(12,20,22,15,17,25)", "weight": 1}, {"from": "( 1, 3, 7)( 2, 5,10)( 4, 8,13)( 6,11,16)( 9,14,19)(12,17,22)(15,20,25)\n(18,23,27)(21,26,29)(24,28,30)", "to": "( 1, 6)( 2, 4)( 3,11)( 5, 8)( 7,16)( 9,24)(10,13)(12,21)(14,28)(15,18)(17,26)\n(19,30)(20,23)(22,29)(25,27)", "weight": 1}, {"from": "( 1, 3, 7)( 2, 5,10)( 4, 8,13)( 6,11,16)( 9,14,19)(12,17,22)(15,20,25)\n(18,23,27)(21,26,29)(24,28,30)", "to": "( 1, 7, 3)( 2,10, 5)( 4,13, 8)( 6,16,11)( 9,19,14)(12,22,17)(15,25,20)\n(18,27,23)(21,29,26)(24,30,28)", "weight": 1}, {"from": "( 1, 3, 7)( 2, 5,10)( 4, 8,13)( 6,11,16)( 9,14,19)(12,17,22)(15,20,25)\n(18,23,27)(21,26,29)(24,28,30)", "to": "( 1, 8,19,15,26, 7, 4,14,25,21, 3,13, 9,20,29)( 2,11,22,18,28,10, 6,17,27,24,\n  5,16,12,23,30)", "weight": 1}, {"from": "( 1, 3, 7)( 2, 5,10)( 4, 8,13)( 6,11,16)( 9,14,19)(12,17,22)(15,20,25)\n(18,23,27)(21,26,29)(24,28,30)", "to": "( 1, 9,21, 4,15)( 2,12,24, 6,18)( 3,14,26, 8,20)( 5,17,28,11,23)\n( 7,19,29,13,25)(10,22,30,16,27)", "weight": 1}, {"from": "( 1, 3, 7)( 2, 5,10)( 4, 8,13)( 6,11,16)( 9,14,19)(12,17,22)(15,20,25)\n(18,23,27)(21,26,29)(24,28,30)", "to": "( 1,10, 3, 2, 7, 5)( 4,30, 8,24,13,28)( 6,29,11,21,16,26)( 9,27,14,18,19,23)\n(12,25,17,15,22,20)", "weight": 1}, {"from": "( 1, 3, 7)( 2, 5,10)( 4, 8,13)( 6,11,16)( 9,14,19)(12,17,22)(15,20,25)\n(18,23,27)(21,26,29)(24,28,30)", "to": "( 1,11, 7, 6, 3,16)( 2, 8,10, 4, 5,13)( 9,28,19,24,14,30)(12,26,22,21,17,29)\n(15,23,25,18,20,27)", "weight": 1}, {"from": "( 1, 3, 7)( 2, 5,10)( 4, 8,13)( 6,11,16)( 9,14,19)(12,17,22)(15,20,25)\n(18,23,27)(21,26,29)(24,28,30)", "to": "( 1,12)( 2, 9)( 3,17)( 4, 6)( 5,14)( 7,22)( 8,11)(10,19)(13,16)(15,24)(18,21)\n(20,28)(23,26)(25,30)(27,29)", "weight": 1}, {"from": "( 1, 3, 7)( 2, 5,10)( 4, 8,13)( 6,11,16)( 9,14,19)(12,17,22)(15,20,25)\n(18,23,27)(21,26,29)(24,28,30)", "to": "( 1,13,14,15,29, 3, 4,19,20,21, 7, 8, 9,25,26)( 2,16,17,18,30, 5, 6,22,23,24,\n 10,11,12,27,28)", "weight": 1}, {"from": "( 1, 3, 7)( 2, 5,10)( 4, 8,13)( 6,11,16)( 9,14,19)(12,17,22)(15,20,25)\n(18,23,27)(21,26,29)(24,28,30)", "to": "( 1,14,29, 4,20, 7, 9,26,13,15, 3,19,21, 8,25)( 2,17,30, 6,23,10,12,28,16,18,\n  5,22,24,11,27)", "weight": 1}, {"from": "( 1, 3, 7)( 2, 5,10)( 4, 8,13)( 6,11,16)( 9,14,19)(12,17,22)(15,20,25)\n(18,23,27)(21,26,29)(24,28,30)", "to": "( 1,15, 4,21, 9)( 2,18, 6,24,12)( 3,20, 8,26,14)( 5,23,11,28,17)\n( 7,25,13,29,19)(10,27,16,30,22)", "weight": 1}, {"from": "( 1, 3, 7)( 2, 5,10)( 4, 8,13)( 6,11,16)( 9,14,19)(12,17,22)(15,20,25)\n(18,23,27)(21,26,29)(24,28,30)", "to": "( 1,16, 3, 6, 7,11)( 2,13, 5, 4,10, 8)( 9,30,14,24,19,28)(12,29,17,21,22,26)\n(15,27,20,18,25,23)", "weight": 1}, {"from": "( 1, 3, 7)( 2, 5,10)( 4, 8,13)( 6,11,16)( 9,14,19)(12,17,22)(15,20,25)\n(18,23,27)(21,26,29)(24,28,30)", "to": "( 1,17, 7,12, 3,22)( 2,14,10, 9, 5,19)( 4,11,13, 6, 8,16)(15,28,25,24,20,30)\n(18,26,27,21,23,29)", "weight": 1}, {"from": "( 1, 3, 7)( 2, 5,10)( 4, 8,13)( 6,11,16)( 9,14,19)(12,17,22)(15,20,25)\n(18,23,27)(21,26,29)(24,28,30)", "to": "( 1,18)( 2,15)( 3,23)( 4,12)( 5,20)( 6, 9)( 7,27)( 8,17)(10,25)(11,14)(13,22)\n(16,19)(21,24)(26,28)(29,30)", "weight": 1}, {"from": "( 1, 3, 7)( 2, 5,10)( 4, 8,13)( 6,11,16)( 9,14,19)(12,17,22)(15,20,25)\n(18,23,27)(21,26,29)(24,28,30)", "to": "( 1,19,26, 4,25, 3, 9,29, 8,15, 7,14,21,13,20)( 2,22,28, 6,27, 5,12,30,11,18,\n 10,17,24,16,23)", "weight": 1}, {"from": "( 1, 3, 7)( 2, 5,10)( 4, 8,13)( 6,11,16)( 9,14,19)(12,17,22)(15,20,25)\n(18,23,27)(21,26,29)(24,28,30)", "to": "( 1,20,13,21,14, 7,15, 8,29, 9, 3,25, 4,26,19)( 2,23,16,24,17,10,18,11,30,12,\n  5,27, 6,28,22)", "weight": 1}, {"from": "( 1, 3, 7)( 2, 5,10)( 4, 8,13)( 6,11,16)( 9,14,19)(12,17,22)(15,20,25)\n(18,23,27)(21,26,29)(24,28,30)", "to": "( 1,21,15, 9, 4)( 2,24,18,12, 6)( 3,26,20,14, 8)( 5,28,23,17,11)\n( 7,29,25,19,13)(10,30,27,22,16)", "weight": 1}, {"from": "( 1, 3, 7)( 2, 5,10)( 4, 8,13)( 6,11,16)( 9,14,19)(12,17,22)(15,20,25)\n(18,23,27)(21,26,29)(24,28,30)", "to": "( 1,22, 3,12, 7,17)( 2,19, 5, 9,10,14)( 4,16, 8, 6,13,11)(15,30,20,24,25,28)\n(18,29,23,21,27,26)", "weight": 1}, {"from": "( 1, 3, 7)( 2, 5,10)( 4, 8,13)( 6,11,16)( 9,14,19)(12,17,22)(15,20,25)\n(18,23,27)(21,26,29)(24,28,30)", "to": "( 1,23, 7,18, 3,27)( 2,20,10,15, 5,25)( 4,17,13,12, 8,22)( 6,14,16, 9,11,19)\n(21,28,29,24,26,30)", "weight": 1}, {"from": "( 1, 3, 7)( 2, 5,10)( 4, 8,13)( 6,11,16)( 9,14,19)(12,17,22)(15,20,25)\n(18,23,27)(21,26,29)(24,28,30)", "to": "( 1,24)( 2,21)( 3,28)( 4,18)( 5,26)( 6,15)( 7,30)( 8,23)( 9,12)(10,29)(11,20)\n(13,27)(14,17)(16,25)(19,22)", "weight": 1}, {"from": "( 1, 3, 7)( 2, 5,10)( 4, 8,13)( 6,11,16)( 9,14,19)(12,17,22)(15,20,25)\n(18,23,27)(21,26,29)(24,28,30)", "to": "( 1,25, 8,21,19, 3,15,13,26, 9, 7,20, 4,29,14)( 2,27,11,24,22, 5,18,16,28,12,\n 10,23, 6,30,17)", "weight": 1}, {"from": "( 1, 3, 7)( 2, 5,10)( 4, 8,13)( 6,11,16)( 9,14,19)(12,17,22)(15,20,25)\n(18,23,27)(21,26,29)(24,28,30)", "to": "( 1,26,25, 9, 8, 7,21,20,19, 4, 3,29,15,14,13)( 2,28,27,12,11,10,24,23,22, 6,\n  5,30,18,17,16)", "weight": 1}, {"from": "( 1, 3, 7)( 2, 5,10)( 4, 8,13)( 6,11,16)( 9,14,19)(12,17,22)(15,20,25)\n(18,23,27)(21,26,29)(24,28,30)", "to": "( 1,27, 3,18, 7,23)( 2,25, 5,15,10,20)( 4,22, 8,12,13,17)( 6,19,11, 9,16,14)\n(21,30,26,24,29,28)", "weight": 1}, {"from": "( 1, 3, 7)( 2, 5,10)( 4, 8,13)( 6,11,16)( 9,14,19)(12,17,22)(15,20,25)\n(18,23,27)(21,26,29)(24,28,30)", "to": "( 1,28, 7,24, 3,30)( 2,26,10,21, 5,29)( 4,23,13,18, 8,27)( 6,20,16,15,11,25)\n( 9,17,19,12,14,22)", "weight": 1}, {"from": "( 1, 3, 7)( 2, 5,10)( 4, 8,13)( 6,11,16)( 9,14,19)(12,17,22)(15,20,25)\n(18,23,27)(21,26,29)(24,28,30)", "to": "( 1,29,20, 9,13, 3,21,25,14, 4, 7,26,15,19, 8)( 2,30,23,12,16, 5,24,27,17, 6,\n 10,28,18,22,11)", "weight": 1}, {"from": "( 1, 3, 7)( 2, 5,10)( 4, 8,13)( 6,11,16)( 9,14,19)(12,17,22)(15,20,25)\n(18,23,27)(21,26,29)(24,28,30)", "to": "( 1,30, 3,24, 7,28)( 2,29, 5,21,10,26)( 4,27, 8,18,13,23)( 6,25,11,15,16,20)\n( 9,22,14,12,19,17)", "weight": 1}, {"from": "( 1, 4, 9,15,21)( 2, 6,12,18,24)( 3, 8,14,20,26)( 5,11,17,23,28)\n( 7,13,19,25,29)(10,16,22,27,30)", "to": "( 1, 7, 3)( 2,10, 5)( 4,13, 8)( 6,16,11)( 9,19,14)(12,22,17)(15,25,20)\n(18,27,23)(21,29,26)(24,30,28)", "weight": 1}, {"from": "( 1, 4, 9,15,21)( 2, 6,12,18,24)( 3, 8,14,20,26)( 5,11,17,23,28)\n( 7,13,19,25,29)(10,16,22,27,30)", "to": "( 1, 8,19,15,26, 7, 4,14,25,21, 3,13, 9,20,29)( 2,11,22,18,28,10, 6,17,27,24,\n  5,16,12,23,30)", "weight": 1}, {"from": "( 1, 4, 9,15,21)( 2, 6,12,18,24)( 3, 8,14,20,26)( 5,11,17,23,28)\n( 7,13,19,25,29)(10,16,22,27,30)", "to": "( 1, 9,21, 4,15)( 2,12,24, 6,18)( 3,14,26, 8,20)( 5,17,28,11,23)\n( 7,19,29,13,25)(10,22,30,16,27)", "weight": 1}, {"from": "( 1, 4, 9,15,21)( 2, 6,12,18,24)( 3, 8,14,20,26)( 5,11,17,23,28)\n( 7,13,19,25,29)(10,16,22,27,30)", "to": "( 1,13,14,15,29, 3, 4,19,20,21, 7, 8, 9,25,26)( 2,16,17,18,30, 5, 6,22,23,24,\n 10,11,12,27,28)", "weight": 1}, {"from": "( 1, 4, 9,15,21)( 2, 6,12,18,24)( 3, 8,14,20,26)( 5,11,17,23,28)\n( 7,13,19,25,29)(10,16,22,27,30)", "to": "( 1,14,29, 4,20, 7, 9,26,13,15, 3,19,21, 8,25)( 2,17,30, 6,23,10,12,28,16,18,\n  5,22,24,11,27)", "weight": 1}, {"from": "( 1, 4, 9,15,21)( 2, 6,12,18,24)( 3, 8,14,20,26)( 5,11,17,23,28)\n( 7,13,19,25,29)(10,16,22,27,30)", "to": "( 1,15, 4,21, 9)( 2,18, 6,24,12)( 3,20, 8,26,14)( 5,23,11,28,17)\n( 7,25,13,29,19)(10,27,16,30,22)", "weight": 1}, {"from": "( 1, 4, 9,15,21)( 2, 6,12,18,24)( 3, 8,14,20,26)( 5,11,17,23,28)\n( 7,13,19,25,29)(10,16,22,27,30)", "to": "( 1,19,26, 4,25, 3, 9,29, 8,15, 7,14,21,13,20)( 2,22,28, 6,27, 5,12,30,11,18,\n 10,17,24,16,23)", "weight": 1}, {"from": "( 1, 4, 9,15,21)( 2, 6,12,18,24)( 3, 8,14,20,26)( 5,11,17,23,28)\n( 7,13,19,25,29)(10,16,22,27,30)", "to": "( 1,20,13,21,14, 7,15, 8,29, 9, 3,25, 4,26,19)( 2,23,16,24,17,10,18,11,30,12,\n  5,27, 6,28,22)", "weight": 1}, {"from": "( 1, 4, 9,15,21)( 2, 6,12,18,24)( 3, 8,14,20,26)( 5,11,17,23,28)\n( 7,13,19,25,29)(10,16,22,27,30)", "to": "( 1,21,15, 9, 4)( 2,24,18,12, 6)( 3,26,20,14, 8)( 5,28,23,17,11)\n( 7,29,25,19,13)(10,30,27,22,16)", "weight": 1}, {"from": "( 1, 4, 9,15,21)( 2, 6,12,18,24)( 3, 8,14,20,26)( 5,11,17,23,28)\n( 7,13,19,25,29)(10,16,22,27,30)", "to": "( 1,25, 8,21,19, 3,15,13,26, 9, 7,20, 4,29,14)( 2,27,11,24,22, 5,18,16,28,12,\n 10,23, 6,30,17)", "weight": 1}, {"from": "( 1, 4, 9,15,21)( 2, 6,12,18,24)( 3, 8,14,20,26)( 5,11,17,23,28)\n( 7,13,19,25,29)(10,16,22,27,30)", "to": "( 1,26,25, 9, 8, 7,21,20,19, 4, 3,29,15,14,13)( 2,28,27,12,11,10,24,23,22, 6,\n  5,30,18,17,16)", "weight": 1}, {"from": "( 1, 4, 9,15,21)( 2, 6,12,18,24)( 3, 8,14,20,26)( 5,11,17,23,28)\n( 7,13,19,25,29)(10,16,22,27,30)", "to": "( 1,29,20, 9,13, 3,21,25,14, 4, 7,26,15,19, 8)( 2,30,23,12,16, 5,24,27,17, 6,\n 10,28,18,22,11)", "weight": 1}, {"from": "( 1, 5, 7, 2, 3,10)( 4,28,13,24, 8,30)( 6,26,16,21,11,29)( 9,23,19,18,14,27)\n(12,20,22,15,17,25)", "to": "( 1, 7, 3)( 2,10, 5)( 4,13, 8)( 6,16,11)( 9,19,14)(12,22,17)(15,25,20)\n(18,27,23)(21,29,26)(24,30,28)", "weight": 1}, {"from": "( 1, 5, 7, 2, 3,10)( 4,28,13,24, 8,30)( 6,26,16,21,11,29)( 9,23,19,18,14,27)\n(12,20,22,15,17,25)", "to": "( 1,10, 3, 2, 7, 5)( 4,30, 8,24,13,28)( 6,29,11,21,16,26)( 9,27,14,18,19,23)\n(12,25,17,15,22,20)", "weight": 1}, {"from": "( 1, 6)( 2, 4)( 3,11)( 5, 8)( 7,16)( 9,24)(10,13)(12,21)(14,28)(15,18)(17,26)\n(19,30)(20,23)(22,29)(25,27)", "to": "( 1, 7, 3)( 2,10, 5)( 4,13, 8)( 6,16,11)( 9,19,14)(12,22,17)(15,25,20)\n(18,27,23)(21,29,26)(24,30,28)", "weight": 1}, {"from": "( 1, 6)( 2, 4)( 3,11)( 5, 8)( 7,16)( 9,24)(10,13)(12,21)(14,28)(15,18)(17,26)\n(19,30)(20,23)(22,29)(25,27)", "to": "( 1,11, 7, 6, 3,16)( 2, 8,10, 4, 5,13)( 9,28,19,24,14,30)(12,26,22,21,17,29)\n(15,23,25,18,20,27)", "weight": 1}, {"from": "( 1, 6)( 2, 4)( 3,11)( 5, 8)( 7,16)( 9,24)(10,13)(12,21)(14,28)(15,18)(17,26)\n(19,30)(20,23)(22,29)(25,27)", "to": "( 1,16, 3, 6, 7,11)( 2,13, 5, 4,10, 8)( 9,30,14,24,19,28)(12,29,17,21,22,26)\n(15,27,20,18,25,23)", "weight": 1}, {"from": "( 1, 7, 3)( 2,10, 5)( 4,13, 8)( 6,16,11)( 9,19,14)(12,22,17)(15,25,20)\n(18,27,23)(21,29,26)(24,30,28)", "to": "( 1, 8,19,15,26, 7, 4,14,25,21, 3,13, 9,20,29)( 2,11,22,18,28,10, 6,17,27,24,\n  5,16,12,23,30)", "weight": 1}, {"from": "( 1, 7, 3)( 2,10, 5)( 4,13, 8)( 6,16,11)( 9,19,14)(12,22,17)(15,25,20)\n(18,27,23)(21,29,26)(24,30,28)", "to": "( 1, 9,21, 4,15)( 2,12,24, 6,18)( 3,14,26, 8,20)( 5,17,28,11,23)\n( 7,19,29,13,25)(10,22,30,16,27)", "weight": 1}, {"from": "( 1, 7, 3)( 2,10, 5)( 4,13, 8)( 6,16,11)( 9,19,14)(12,22,17)(15,25,20)\n(18,27,23)(21,29,26)(24,30,28)", "to": "( 1,10, 3, 2, 7, 5)( 4,30, 8,24,13,28)( 6,29,11,21,16,26)( 9,27,14,18,19,23)\n(12,25,17,15,22,20)", "weight": 1}, {"from": "( 1, 7, 3)( 2,10, 5)( 4,13, 8)( 6,16,11)( 9,19,14)(12,22,17)(15,25,20)\n(18,27,23)(21,29,26)(24,30,28)", "to": "( 1,11, 7, 6, 3,16)( 2, 8,10, 4, 5,13)( 9,28,19,24,14,30)(12,26,22,21,17,29)\n(15,23,25,18,20,27)", "weight": 1}, {"from": "( 1, 7, 3)( 2,10, 5)( 4,13, 8)( 6,16,11)( 9,19,14)(12,22,17)(15,25,20)\n(18,27,23)(21,29,26)(24,30,28)", "to": "( 1,12)( 2, 9)( 3,17)( 4, 6)( 5,14)( 7,22)( 8,11)(10,19)(13,16)(15,24)(18,21)\n(20,28)(23,26)(25,30)(27,29)", "weight": 1}, {"from": "( 1, 7, 3)( 2,10, 5)( 4,13, 8)( 6,16,11)( 9,19,14)(12,22,17)(15,25,20)\n(18,27,23)(21,29,26)(24,30,28)", "to": "( 1,13,14,15,29, 3, 4,19,20,21, 7, 8, 9,25,26)( 2,16,17,18,30, 5, 6,22,23,24,\n 10,11,12,27,28)", "weight": 1}, {"from": "( 1, 7, 3)( 2,10, 5)( 4,13, 8)( 6,16,11)( 9,19,14)(12,22,17)(15,25,20)\n(18,27,23)(21,29,26)(24,30,28)", "to": "( 1,14,29, 4,20, 7, 9,26,13,15, 3,19,21, 8,25)( 2,17,30, 6,23,10,12,28,16,18,\n  5,22,24,11,27)", "weight": 1}, {"from": "( 1, 7, 3)( 2,10, 5)( 4,13, 8)( 6,16,11)( 9,19,14)(12,22,17)(15,25,20)\n(18,27,23)(21,29,26)(24,30,28)", "to": "( 1,15, 4,21, 9)( 2,18, 6,24,12)( 3,20, 8,26,14)( 5,23,11,28,17)\n( 7,25,13,29,19)(10,27,16,30,22)", "weight": 1}, {"from": "( 1, 7, 3)( 2,10, 5)( 4,13, 8)( 6,16,11)( 9,19,14)(12,22,17)(15,25,20)\n(18,27,23)(21,29,26)(24,30,28)", "to": "( 1,16, 3, 6, 7,11)( 2,13, 5, 4,10, 8)( 9,30,14,24,19,28)(12,29,17,21,22,26)\n(15,27,20,18,25,23)", "weight": 1}, {"from": "( 1, 7, 3)( 2,10, 5)( 4,13, 8)( 6,16,11)( 9,19,14)(12,22,17)(15,25,20)\n(18,27,23)(21,29,26)(24,30,28)", "to": "( 1,17, 7,12, 3,22)( 2,14,10, 9, 5,19)( 4,11,13, 6, 8,16)(15,28,25,24,20,30)\n(18,26,27,21,23,29)", "weight": 1}, {"from": "( 1, 7, 3)( 2,10, 5)( 4,13, 8)( 6,16,11)( 9,19,14)(12,22,17)(15,25,20)\n(18,27,23)(21,29,26)(24,30,28)", "to": "( 1,18)( 2,15)( 3,23)( 4,12)( 5,20)( 6, 9)( 7,27)( 8,17)(10,25)(11,14)(13,22)\n(16,19)(21,24)(26,28)(29,30)", "weight": 1}, {"from": "( 1, 7, 3)( 2,10, 5)( 4,13, 8)( 6,16,11)( 9,19,14)(12,22,17)(15,25,20)\n(18,27,23)(21,29,26)(24,30,28)", "to": "( 1,19,26, 4,25, 3, 9,29, 8,15, 7,14,21,13,20)( 2,22,28, 6,27, 5,12,30,11,18,\n 10,17,24,16,23)", "weight": 1}, {"from": "( 1, 7, 3)( 2,10, 5)( 4,13, 8)( 6,16,11)( 9,19,14)(12,22,17)(15,25,20)\n(18,27,23)(21,29,26)(24,30,28)", "to": "( 1,20,13,21,14, 7,15, 8,29, 9, 3,25, 4,26,19)( 2,23,16,24,17,10,18,11,30,12,\n  5,27, 6,28,22)", "weight": 1}, {"from": "( 1, 7, 3)( 2,10, 5)( 4,13, 8)( 6,16,11)( 9,19,14)(12,22,17)(15,25,20)\n(18,27,23)(21,29,26)(24,30,28)", "to": "( 1,21,15, 9, 4)( 2,24,18,12, 6)( 3,26,20,14, 8)( 5,28,23,17,11)\n( 7,29,25,19,13)(10,30,27,22,16)", "weight": 1}, {"from": "( 1, 7, 3)( 2,10, 5)( 4,13, 8)( 6,16,11)( 9,19,14)(12,22,17)(15,25,20)\n(18,27,23)(21,29,26)(24,30,28)", "to": "( 1,22, 3,12, 7,17)( 2,19, 5, 9,10,14)( 4,16, 8, 6,13,11)(15,30,20,24,25,28)\n(18,29,23,21,27,26)", "weight": 1}, {"from": "( 1, 7, 3)( 2,10, 5)( 4,13, 8)( 6,16,11)( 9,19,14)(12,22,17)(15,25,20)\n(18,27,23)(21,29,26)(24,30,28)", "to": "( 1,23, 7,18, 3,27)( 2,20,10,15, 5,25)( 4,17,13,12, 8,22)( 6,14,16, 9,11,19)\n(21,28,29,24,26,30)", "weight": 1}, {"from": "( 1, 7, 3)( 2,10, 5)( 4,13, 8)( 6,16,11)( 9,19,14)(12,22,17)(15,25,20)\n(18,27,23)(21,29,26)(24,30,28)", "to": "( 1,24)( 2,21)( 3,28)( 4,18)( 5,26)( 6,15)( 7,30)( 8,23)( 9,12)(10,29)(11,20)\n(13,27)(14,17)(16,25)(19,22)", "weight": 1}, {"from": "( 1, 7, 3)( 2,10, 5)( 4,13, 8)( 6,16,11)( 9,19,14)(12,22,17)(15,25,20)\n(18,27,23)(21,29,26)(24,30,28)", "to": "( 1,25, 8,21,19, 3,15,13,26, 9, 7,20, 4,29,14)( 2,27,11,24,22, 5,18,16,28,12,\n 10,23, 6,30,17)", "weight": 1}, {"from": "( 1, 7, 3)( 2,10, 5)( 4,13, 8)( 6,16,11)( 9,19,14)(12,22,17)(15,25,20)\n(18,27,23)(21,29,26)(24,30,28)", "to": "( 1,26,25, 9, 8, 7,21,20,19, 4, 3,29,15,14,13)( 2,28,27,12,11,10,24,23,22, 6,\n  5,30,18,17,16)", "weight": 1}, {"from": "( 1, 7, 3)( 2,10, 5)( 4,13, 8)( 6,16,11)( 9,19,14)(12,22,17)(15,25,20)\n(18,27,23)(21,29,26)(24,30,28)", "to": "( 1,27, 3,18, 7,23)( 2,25, 5,15,10,20)( 4,22, 8,12,13,17)( 6,19,11, 9,16,14)\n(21,30,26,24,29,28)", "weight": 1}, {"from": "( 1, 7, 3)( 2,10, 5)( 4,13, 8)( 6,16,11)( 9,19,14)(12,22,17)(15,25,20)\n(18,27,23)(21,29,26)(24,30,28)", "to": "( 1,28, 7,24, 3,30)( 2,26,10,21, 5,29)( 4,23,13,18, 8,27)( 6,20,16,15,11,25)\n( 9,17,19,12,14,22)", "weight": 1}, {"from": "( 1, 7, 3)( 2,10, 5)( 4,13, 8)( 6,16,11)( 9,19,14)(12,22,17)(15,25,20)\n(18,27,23)(21,29,26)(24,30,28)", "to": "( 1,29,20, 9,13, 3,21,25,14, 4, 7,26,15,19, 8)( 2,30,23,12,16, 5,24,27,17, 6,\n 10,28,18,22,11)", "weight": 1}, {"from": "( 1, 7, 3)( 2,10, 5)( 4,13, 8)( 6,16,11)( 9,19,14)(12,22,17)(15,25,20)\n(18,27,23)(21,29,26)(24,30,28)", "to": "( 1,30, 3,24, 7,28)( 2,29, 5,21,10,26)( 4,27, 8,18,13,23)( 6,25,11,15,16,20)\n( 9,22,14,12,19,17)", "weight": 1}, {"from": "( 1, 8,19,15,26, 7, 4,14,25,21, 3,13, 9,20,29)( 2,11,22,18,28,10, 6,17,27,24,\n  5,16,12,23,30)", "to": "( 1, 9,21, 4,15)( 2,12,24, 6,18)( 3,14,26, 8,20)( 5,17,28,11,23)\n( 7,19,29,13,25)(10,22,30,16,27)", "weight": 1}, {"from": "( 1, 8,19,15,26, 7, 4,14,25,21, 3,13, 9,20,29)( 2,11,22,18,28,10, 6,17,27,24,\n  5,16,12,23,30)", "to": "( 1,13,14,15,29, 3, 4,19,20,21, 7, 8, 9,25,26)( 2,16,17,18,30, 5, 6,22,23,24,\n 10,11,12,27,28)", "weight": 1}, {"from": "( 1, 8,19,15,26, 7, 4,14,25,21, 3,13, 9,20,29)( 2,11,22,18,28,10, 6,17,27,24,\n  5,16,12,23,30)", "to": "( 1,14,29, 4,20, 7, 9,26,13,15, 3,19,21, 8,25)( 2,17,30, 6,23,10,12,28,16,18,\n  5,22,24,11,27)", "weight": 1}, {"from": "( 1, 8,19,15,26, 7, 4,14,25,21, 3,13, 9,20,29)( 2,11,22,18,28,10, 6,17,27,24,\n  5,16,12,23,30)", "to": "( 1,15, 4,21, 9)( 2,18, 6,24,12)( 3,20, 8,26,14)( 5,23,11,28,17)\n( 7,25,13,29,19)(10,27,16,30,22)", "weight": 1}, {"from": "( 1, 8,19,15,26, 7, 4,14,25,21, 3,13, 9,20,29)( 2,11,22,18,28,10, 6,17,27,24,\n  5,16,12,23,30)", "to": "( 1,19,26, 4,25, 3, 9,29, 8,15, 7,14,21,13,20)( 2,22,28, 6,27, 5,12,30,11,18,\n 10,17,24,16,23)", "weight": 1}, {"from": "( 1, 8,19,15,26, 7, 4,14,25,21, 3,13, 9,20,29)( 2,11,22,18,28,10, 6,17,27,24,\n  5,16,12,23,30)", "to": "( 1,20,13,21,14, 7,15, 8,29, 9, 3,25, 4,26,19)( 2,23,16,24,17,10,18,11,30,12,\n  5,27, 6,28,22)", "weight": 1}, {"from": "( 1, 8,19,15,26, 7, 4,14,25,21, 3,13, 9,20,29)( 2,11,22,18,28,10, 6,17,27,24,\n  5,16,12,23,30)", "to": "( 1,21,15, 9, 4)( 2,24,18,12, 6)( 3,26,20,14, 8)( 5,28,23,17,11)\n( 7,29,25,19,13)(10,30,27,22,16)", "weight": 1}, {"from": "( 1, 8,19,15,26, 7, 4,14,25,21, 3,13, 9,20,29)( 2,11,22,18,28,10, 6,17,27,24,\n  5,16,12,23,30)", "to": "( 1,25, 8,21,19, 3,15,13,26, 9, 7,20, 4,29,14)( 2,27,11,24,22, 5,18,16,28,12,\n 10,23, 6,30,17)", "weight": 1}, {"from": "( 1, 8,19,15,26, 7, 4,14,25,21, 3,13, 9,20,29)( 2,11,22,18,28,10, 6,17,27,24,\n  5,16,12,23,30)", "to": "( 1,26,25, 9, 8, 7,21,20,19, 4, 3,29,15,14,13)( 2,28,27,12,11,10,24,23,22, 6,\n  5,30,18,17,16)", "weight": 1}, {"from": "( 1, 8,19,15,26, 7, 4,14,25,21, 3,13, 9,20,29)( 2,11,22,18,28,10, 6,17,27,24,\n  5,16,12,23,30)", "to": "( 1,29,20, 9,13, 3,21,25,14, 4, 7,26,15,19, 8)( 2,30,23,12,16, 5,24,27,17, 6,\n 10,28,18,22,11)", "weight": 1}, {"from": "( 1, 9,21, 4,15)( 2,12,24, 6,18)( 3,14,26, 8,20)( 5,17,28,11,23)\n( 7,19,29,13,25)(10,22,30,16,27)", "to": "( 1,13,14,15,29, 3, 4,19,20,21, 7, 8, 9,25,26)( 2,16,17,18,30, 5, 6,22,23,24,\n 10,11,12,27,28)", "weight": 1}, {"from": "( 1, 9,21, 4,15)( 2,12,24, 6,18)( 3,14,26, 8,20)( 5,17,28,11,23)\n( 7,19,29,13,25)(10,22,30,16,27)", "to": "( 1,14,29, 4,20, 7, 9,26,13,15, 3,19,21, 8,25)( 2,17,30, 6,23,10,12,28,16,18,\n  5,22,24,11,27)", "weight": 1}, {"from": "( 1, 9,21, 4,15)( 2,12,24, 6,18)( 3,14,26, 8,20)( 5,17,28,11,23)\n( 7,19,29,13,25)(10,22,30,16,27)", "to": "( 1,15, 4,21, 9)( 2,18, 6,24,12)( 3,20, 8,26,14)( 5,23,11,28,17)\n( 7,25,13,29,19)(10,27,16,30,22)", "weight": 1}, {"from": "( 1, 9,21, 4,15)( 2,12,24, 6,18)( 3,14,26, 8,20)( 5,17,28,11,23)\n( 7,19,29,13,25)(10,22,30,16,27)", "to": "( 1,19,26, 4,25, 3, 9,29, 8,15, 7,14,21,13,20)( 2,22,28, 6,27, 5,12,30,11,18,\n 10,17,24,16,23)", "weight": 1}, {"from": "( 1, 9,21, 4,15)( 2,12,24, 6,18)( 3,14,26, 8,20)( 5,17,28,11,23)\n( 7,19,29,13,25)(10,22,30,16,27)", "to": "( 1,20,13,21,14, 7,15, 8,29, 9, 3,25, 4,26,19)( 2,23,16,24,17,10,18,11,30,12,\n  5,27, 6,28,22)", "weight": 1}, {"from": "( 1, 9,21, 4,15)( 2,12,24, 6,18)( 3,14,26, 8,20)( 5,17,28,11,23)\n( 7,19,29,13,25)(10,22,30,16,27)", "to": "( 1,21,15, 9, 4)( 2,24,18,12, 6)( 3,26,20,14, 8)( 5,28,23,17,11)\n( 7,29,25,19,13)(10,30,27,22,16)", "weight": 1}, {"from": "( 1, 9,21, 4,15)( 2,12,24, 6,18)( 3,14,26, 8,20)( 5,17,28,11,23)\n( 7,19,29,13,25)(10,22,30,16,27)", "to": "( 1,25, 8,21,19, 3,15,13,26, 9, 7,20, 4,29,14)( 2,27,11,24,22, 5,18,16,28,12,\n 10,23, 6,30,17)", "weight": 1}, {"from": "( 1, 9,21, 4,15)( 2,12,24, 6,18)( 3,14,26, 8,20)( 5,17,28,11,23)\n( 7,19,29,13,25)(10,22,30,16,27)", "to": "( 1,26,25, 9, 8, 7,21,20,19, 4, 3,29,15,14,13)( 2,28,27,12,11,10,24,23,22, 6,\n  5,30,18,17,16)", "weight": 1}, {"from": "( 1, 9,21, 4,15)( 2,12,24, 6,18)( 3,14,26, 8,20)( 5,17,28,11,23)\n( 7,19,29,13,25)(10,22,30,16,27)", "to": "( 1,29,20, 9,13, 3,21,25,14, 4, 7,26,15,19, 8)( 2,30,23,12,16, 5,24,27,17, 6,\n 10,28,18,22,11)", "weight": 1}, {"from": "( 1,11, 7, 6, 3,16)( 2, 8,10, 4, 5,13)( 9,28,19,24,14,30)(12,26,22,21,17,29)\n(15,23,25,18,20,27)", "to": "( 1,16, 3, 6, 7,11)( 2,13, 5, 4,10, 8)( 9,30,14,24,19,28)(12,29,17,21,22,26)\n(15,27,20,18,25,23)", "weight": 1}, {"from": "( 1,12)( 2, 9)( 3,17)( 4, 6)( 5,14)( 7,22)( 8,11)(10,19)(13,16)(15,24)(18,21)\n(20,28)(23,26)(25,30)(27,29)", "to": "( 1,17, 7,12, 3,22)( 2,14,10, 9, 5,19)( 4,11,13, 6, 8,16)(15,28,25,24,20,30)\n(18,26,27,21,23,29)", "weight": 1}, {"from": "( 1,12)( 2, 9)( 3,17)( 4, 6)( 5,14)( 7,22)( 8,11)(10,19)(13,16)(15,24)(18,21)\n(20,28)(23,26)(25,30)(27,29)", "to": "( 1,22, 3,12, 7,17)( 2,19, 5, 9,10,14)( 4,16, 8, 6,13,11)(15,30,20,24,25,28)\n(18,29,23,21,27,26)", "weight": 1}, {"from": "( 1,13,14,15,29, 3, 4,19,20,21, 7, 8, 9,25,26)( 2,16,17,18,30, 5, 6,22,23,24,\n 10,11,12,27,28)", "to": "( 1,14,29, 4,20, 7, 9,26,13,15, 3,19,21, 8,25)( 2,17,30, 6,23,10,12,28,16,18,\n  5,22,24,11,27)", "weight": 1}, {"from": "( 1,13,14,15,29, 3, 4,19,20,21, 7, 8, 9,25,26)( 2,16,17,18,30, 5, 6,22,23,24,\n 10,11,12,27,28)", "to": "( 1,15, 4,21, 9)( 2,18, 6,24,12)( 3,20, 8,26,14)( 5,23,11,28,17)\n( 7,25,13,29,19)(10,27,16,30,22)", "weight": 1}, {"from": "( 1,13,14,15,29, 3, 4,19,20,21, 7, 8, 9,25,26)( 2,16,17,18,30, 5, 6,22,23,24,\n 10,11,12,27,28)", "to": "( 1,19,26, 4,25, 3, 9,29, 8,15, 7,14,21,13,20)( 2,22,28, 6,27, 5,12,30,11,18,\n 10,17,24,16,23)", "weight": 1}, {"from": "( 1,13,14,15,29, 3, 4,19,20,21, 7, 8, 9,25,26)( 2,16,17,18,30, 5, 6,22,23,24,\n 10,11,12,27,28)", "to": "( 1,20,13,21,14, 7,15, 8,29, 9, 3,25, 4,26,19)( 2,23,16,24,17,10,18,11,30,12,\n  5,27, 6,28,22)", "weight": 1}, {"from": "( 1,13,14,15,29, 3, 4,19,20,21, 7, 8, 9,25,26)( 2,16,17,18,30, 5, 6,22,23,24,\n 10,11,12,27,28)", "to": "( 1,21,15, 9, 4)( 2,24,18,12, 6)( 3,26,20,14, 8)( 5,28,23,17,11)\n( 7,29,25,19,13)(10,30,27,22,16)", "weight": 1}, {"from": "( 1,13,14,15,29, 3, 4,19,20,21, 7, 8, 9,25,26)( 2,16,17,18,30, 5, 6,22,23,24,\n 10,11,12,27,28)", "to": "( 1,25, 8,21,19, 3,15,13,26, 9, 7,20, 4,29,14)( 2,27,11,24,22, 5,18,16,28,12,\n 10,23, 6,30,17)", "weight": 1}, {"from": "( 1,13,14,15,29, 3, 4,19,20,21, 7, 8, 9,25,26)( 2,16,17,18,30, 5, 6,22,23,24,\n 10,11,12,27,28)", "to": "( 1,26,25, 9, 8, 7,21,20,19, 4, 3,29,15,14,13)( 2,28,27,12,11,10,24,23,22, 6,\n  5,30,18,17,16)", "weight": 1}, {"from": "( 1,13,14,15,29, 3, 4,19,20,21, 7, 8, 9,25,26)( 2,16,17,18,30, 5, 6,22,23,24,\n 10,11,12,27,28)", "to": "( 1,29,20, 9,13, 3,21,25,14, 4, 7,26,15,19, 8)( 2,30,23,12,16, 5,24,27,17, 6,\n 10,28,18,22,11)", "weight": 1}, {"from": "( 1,14,29, 4,20, 7, 9,26,13,15, 3,19,21, 8,25)( 2,17,30, 6,23,10,12,28,16,18,\n  5,22,24,11,27)", "to": "( 1,15, 4,21, 9)( 2,18, 6,24,12)( 3,20, 8,26,14)( 5,23,11,28,17)\n( 7,25,13,29,19)(10,27,16,30,22)", "weight": 1}, {"from": "( 1,14,29, 4,20, 7, 9,26,13,15, 3,19,21, 8,25)( 2,17,30, 6,23,10,12,28,16,18,\n  5,22,24,11,27)", "to": "( 1,19,26, 4,25, 3, 9,29, 8,15, 7,14,21,13,20)( 2,22,28, 6,27, 5,12,30,11,18,\n 10,17,24,16,23)", "weight": 1}, {"from": "( 1,14,29, 4,20, 7, 9,26,13,15, 3,19,21, 8,25)( 2,17,30, 6,23,10,12,28,16,18,\n  5,22,24,11,27)", "to": "( 1,20,13,21,14, 7,15, 8,29, 9, 3,25, 4,26,19)( 2,23,16,24,17,10,18,11,30,12,\n  5,27, 6,28,22)", "weight": 1}, {"from": "( 1,14,29, 4,20, 7, 9,26,13,15, 3,19,21, 8,25)( 2,17,30, 6,23,10,12,28,16,18,\n  5,22,24,11,27)", "to": "( 1,21,15, 9, 4)( 2,24,18,12, 6)( 3,26,20,14, 8)( 5,28,23,17,11)\n( 7,29,25,19,13)(10,30,27,22,16)", "weight": 1}, {"from": "( 1,14,29, 4,20, 7, 9,26,13,15, 3,19,21, 8,25)( 2,17,30, 6,23,10,12,28,16,18,\n  5,22,24,11,27)", "to": "( 1,25, 8,21,19, 3,15,13,26, 9, 7,20, 4,29,14)( 2,27,11,24,22, 5,18,16,28,12,\n 10,23, 6,30,17)", "weight": 1}, {"from": "( 1,14,29, 4,20, 7, 9,26,13,15, 3,19,21, 8,25)( 2,17,30, 6,23,10,12,28,16,18,\n  5,22,24,11,27)", "to": "( 1,26,25, 9, 8, 7,21,20,19, 4, 3,29,15,14,13)( 2,28,27,12,11,10,24,23,22, 6,\n  5,30,18,17,16)", "weight": 1}, {"from": "( 1,14,29, 4,20, 7, 9,26,13,15, 3,19,21, 8,25)( 2,17,30, 6,23,10,12,28,16,18,\n  5,22,24,11,27)", "to": "( 1,29,20, 9,13, 3,21,25,14, 4, 7,26,15,19, 8)( 2,30,23,12,16, 5,24,27,17, 6,\n 10,28,18,22,11)", "weight": 1}, {"from": "( 1,15, 4,21, 9)( 2,18, 6,24,12)( 3,20, 8,26,14)( 5,23,11,28,17)\n( 7,25,13,29,19)(10,27,16,30,22)", "to": "( 1,19,26, 4,25, 3, 9,29, 8,15, 7,14,21,13,20)( 2,22,28, 6,27, 5,12,30,11,18,\n 10,17,24,16,23)", "weight": 1}, {"from": "( 1,15, 4,21, 9)( 2,18, 6,24,12)( 3,20, 8,26,14)( 5,23,11,28,17)\n( 7,25,13,29,19)(10,27,16,30,22)", "to": "( 1,20,13,21,14, 7,15, 8,29, 9, 3,25, 4,26,19)( 2,23,16,24,17,10,18,11,30,12,\n  5,27, 6,28,22)", "weight": 1}, {"from": "( 1,15, 4,21, 9)( 2,18, 6,24,12)( 3,20, 8,26,14)( 5,23,11,28,17)\n( 7,25,13,29,19)(10,27,16,30,22)", "to": "( 1,21,15, 9, 4)( 2,24,18,12, 6)( 3,26,20,14, 8)( 5,28,23,17,11)\n( 7,29,25,19,13)(10,30,27,22,16)", "weight": 1}, {"from": "( 1,15, 4,21, 9)( 2,18, 6,24,12)( 3,20, 8,26,14)( 5,23,11,28,17)\n( 7,25,13,29,19)(10,27,16,30,22)", "to": "( 1,25, 8,21,19, 3,15,13,26, 9, 7,20, 4,29,14)( 2,27,11,24,22, 5,18,16,28,12,\n 10,23, 6,30,17)", "weight": 1}, {"from": "( 1,15, 4,21, 9)( 2,18, 6,24,12)( 3,20, 8,26,14)( 5,23,11,28,17)\n( 7,25,13,29,19)(10,27,16,30,22)", "to": "( 1,26,25, 9, 8, 7,21,20,19, 4, 3,29,15,14,13)( 2,28,27,12,11,10,24,23,22, 6,\n  5,30,18,17,16)", "weight": 1}, {"from": "( 1,15, 4,21, 9)( 2,18, 6,24,12)( 3,20, 8,26,14)( 5,23,11,28,17)\n( 7,25,13,29,19)(10,27,16,30,22)", "to": "( 1,29,20, 9,13, 3,21,25,14, 4, 7,26,15,19, 8)( 2,30,23,12,16, 5,24,27,17, 6,\n 10,28,18,22,11)", "weight": 1}, {"from": "( 1,17, 7,12, 3,22)( 2,14,10, 9, 5,19)( 4,11,13, 6, 8,16)(15,28,25,24,20,30)\n(18,26,27,21,23,29)", "to": "( 1,22, 3,12, 7,17)( 2,19, 5, 9,10,14)( 4,16, 8, 6,13,11)(15,30,20,24,25,28)\n(18,29,23,21,27,26)", "weight": 1}, {"from": "( 1,18)( 2,15)( 3,23)( 4,12)( 5,20)( 6, 9)( 7,27)( 8,17)(10,25)(11,14)(13,22)\n(16,19)(21,24)(26,28)(29,30)", "to": "( 1,23, 7,18, 3,27)( 2,20,10,15, 5,25)( 4,17,13,12, 8,22)( 6,14,16, 9,11,19)\n(21,28,29,24,26,30)", "weight": 1}, {"from": "( 1,18)( 2,15)( 3,23)( 4,12)( 5,20)( 6, 9)( 7,27)( 8,17)(10,25)(11,14)(13,22)\n(16,19)(21,24)(26,28)(29,30)", "to": "( 1,27, 3,18, 7,23)( 2,