<html>
<head>
<link rel="stylesheet" href="https://cdnjs.cloudflare.com/ajax/libs/vis/4.16.1/vis.css" type="text/css" />
<script type="text/javascript" src="https://cdnjs.cloudflare.com/ajax/libs/vis/4.16.1/vis-network.min.js"> </script>
<center>
<h1></h1>
</center>

<!-- <link rel="stylesheet" href="../node_modules/vis/dist/vis.min.css" type="text/css" />
<script type="text/javascript" src="../node_modules/vis/dist/vis.js"> </script>-->

<style type="text/css">

        #mynetwork {
            width: 80%;
            height: 1000px;
            background-color: #ffffff;
            border: 1px solid lightgray;
            position: relative;
            float: left;
        }

        

        
        #config {
            float: left;
            width: 400px;
            height: 600px;
        }
        

        
</style>

</head>

<body>
<div id = "mynetwork"></div>


<div id = "config"></div>

<script type="text/javascript">

    // initialize global variables.
    var edges;
    var nodes;
    var network; 
    var container;
    var options, data;

    
    // This method is responsible for drawing the graph, returns the drawn network
    function drawGraph() {
        var container = document.getElementById('mynetwork');
        
        

        // parsing and collecting nodes and edges from the python
        nodes = new vis.DataSet([{"id": "()", "label": "()", "shape": "dot", "size": 10}, {"id": "( 1, 2)( 3,19)( 4, 8)( 5, 9)( 6,10)( 7,13)(11,28)(12,29)(14,20)(15,21)(16,22)\n(17,24)(18,25)(23,32)(26,30)(27,31)", "label": "( 1, 2)( 3,19)( 4, 8)( 5, 9)( 6,10)( 7,13)(11,28)(12,29)(14,20)(15,21)(16,22)\n(17,24)(18,25)(23,32)(26,30)(27,31)", "shape": "dot", "size": 10}, {"id": "( 1, 3)( 2, 7)( 4,11)( 5,12)( 6,13)( 8,17)( 9,18)(10,19)(14,23)(15,24)(16,25)\n(20,27)(21,28)(22,29)(26,31)(30,32)", "label": "( 1, 3)( 2, 7)( 4,11)( 5,12)( 6,13)( 8,17)( 9,18)(10,19)(14,23)(15,24)(16,25)\n(20,27)(21,28)(22,29)(26,31)(30,32)", "shape": "dot", "size": 10}, {"id": "( 1, 4)( 2, 8)( 3,11)( 5,14)( 6,15)( 7,17)( 9,20)(10,21)(12,23)(13,24)(16,26)\n(18,27)(19,28)(22,30)(25,31)(29,32)", "label": "( 1, 4)( 2, 8)( 3,11)( 5,14)( 6,15)( 7,17)( 9,20)(10,21)(12,23)(13,24)(16,26)\n(18,27)(19,28)(22,30)(25,31)(29,32)", "shape": "dot", "size": 10}, {"id": "( 1, 5)( 2, 9)( 3,12)( 4,14)( 6,16)( 7,18)( 8,20)(10,22)(11,23)(13,25)(15,26)\n(17,27)(19,29)(21,30)(24,31)(28,32)", "label": "( 1, 5)( 2, 9)( 3,12)( 4,14)( 6,16)( 7,18)( 8,20)(10,22)(11,23)(13,25)(15,26)\n(17,27)(19,29)(21,30)(24,31)(28,32)", "shape": "dot", "size": 10}, {"id": "( 1, 6)( 2,10)( 3,13)( 4,15)( 5,16)( 7,19)( 8,21)( 9,22)(11,24)(12,25)(14,26)\n(17,28)(18,29)(20,30)(23,31)(27,32)", "label": "( 1, 6)( 2,10)( 3,13)( 4,15)( 5,16)( 7,19)( 8,21)( 9,22)(11,24)(12,25)(14,26)\n(17,28)(18,29)(20,30)(23,31)(27,32)", "shape": "dot", "size": 10}, {"id": "( 1, 7, 6,19)( 2, 3,10,13)( 4,17,15,28)( 5,18,16,29)( 8,11,21,24)( 9,12,22,25)\n(14,27,26,32)(20,23,30,31)", "label": "( 1, 7, 6,19)( 2, 3,10,13)( 4,17,15,28)( 5,18,16,29)( 8,11,21,24)( 9,12,22,25)\n(14,27,26,32)(20,23,30,31)", "shape": "dot", "size": 10}, {"id": "( 1, 8)( 2, 4)( 3,28)( 5,20)( 6,21)( 7,24)( 9,14)(10,15)(11,19)(12,32)(13,17)\n(16,30)(18,31)(22,26)(23,29)(25,27)", "label": "( 1, 8)( 2, 4)( 3,28)( 5,20)( 6,21)( 7,24)( 9,14)(10,15)(11,19)(12,32)(13,17)\n(16,30)(18,31)(22,26)(23,29)(25,27)", "shape": "dot", "size": 10}, {"id": "( 1, 9)( 2, 5)( 3,29)( 4,20)( 6,22)( 7,25)( 8,14)(10,16)(11,32)(12,19)(13,18)\n(15,30)(17,31)(21,26)(23,28)(24,27)", "label": "( 1, 9)( 2, 5)( 3,29)( 4,20)( 6,22)( 7,25)( 8,14)(10,16)(11,32)(12,19)(13,18)\n(15,30)(17,31)(21,26)(23,28)(24,27)", "shape": "dot", "size": 10}, {"id": "( 1,10)( 2, 6)( 3, 7)( 4,21)( 5,22)( 8,15)( 9,16)(11,17)(12,18)(13,19)(14,30)\n(20,26)(23,27)(24,28)(25,29)(31,32)", "label": "( 1,10)( 2, 6)( 3, 7)( 4,21)( 5,22)( 8,15)( 9,16)(11,17)(12,18)(13,19)(14,30)\n(20,26)(23,27)(24,28)(25,29)(31,32)", "shape": "dot", "size": 10}, {"id": "( 1,11)( 2,17)( 3, 4)( 5,23)( 6,24)( 7, 8)( 9,27)(10,28)(12,14)(13,15)(16,31)\n(18,20)(19,21)(22,32)(25,26)(29,30)", "label": "( 1,11)( 2,17)( 3, 4)( 5,23)( 6,24)( 7, 8)( 9,27)(10,28)(12,14)(13,15)(16,31)\n(18,20)(19,21)(22,32)(25,26)(29,30)", "shape": "dot", "size": 10}, {"id": "( 1,12)( 2,18)( 3, 5)( 4,23)( 6,25)( 7, 9)( 8,27)(10,29)(11,14)(13,16)(15,31)\n(17,20)(19,22)(21,32)(24,26)(28,30)", "label": "( 1,12)( 2,18)( 3, 5)( 4,23)( 6,25)( 7, 9)( 8,27)(10,29)(11,14)(13,16)(15,31)\n(17,20)(19,22)(21,32)(24,26)(28,30)", "shape": "dot", "size": 10}, {"id": "( 1,13)( 2,19)( 3, 6)( 4,24)( 5,25)( 7,10)( 8,28)( 9,29)(11,15)(12,16)(14,31)\n(17,21)(18,22)(20,32)(23,26)(27,30)", "label": "( 1,13)( 2,19)( 3, 6)( 4,24)( 5,25)( 7,10)( 8,28)( 9,29)(11,15)(12,16)(14,31)\n(17,21)(18,22)(20,32)(23,26)(27,30)", "shape": "dot", "size": 10}, {"id": "( 1,14)( 2,20)( 3,23)( 4, 5)( 6,26)( 7,27)( 8, 9)(10,30)(11,12)(13,31)(15,16)\n(17,18)(19,32)(21,22)(24,25)(28,29)", "label": "( 1,14)( 2,20)( 3,23)( 4, 5)( 6,26)( 7,27)( 8, 9)(10,30)(11,12)(13,31)(15,16)\n(17,18)(19,32)(21,22)(24,25)(28,29)", "shape": "dot", "size": 10}, {"id": "( 1,15)( 2,21)( 3,24)( 4, 6)( 5,26)( 7,28)( 8,10)( 9,30)(11,13)(12,31)(14,16)\n(17,19)(18,32)(20,22)(23,25)(27,29)", "label": "( 1,15)( 2,21)( 3,24)( 4, 6)( 5,26)( 7,28)( 8,10)( 9,30)(11,13)(12,31)(14,16)\n(17,19)(18,32)(20,22)(23,25)(27,29)", "shape": "dot", "size": 10}, {"id": "( 1,16)( 2,22)( 3,25)( 4,26)( 5, 6)( 7,29)( 8,30)( 9,10)(11,31)(12,13)(14,15)\n(17,32)(18,19)(20,21)(23,24)(27,28)", "label": "( 1,16)( 2,22)( 3,25)( 4,26)( 5, 6)( 7,29)( 8,30)( 9,10)(11,31)(12,13)(14,15)\n(17,32)(18,19)(20,21)(23,24)(27,28)", "shape": "dot", "size": 10}, {"id": "( 1,17, 6,28)( 2,11,10,24)( 3,21,13, 8)( 4, 7,15,19)( 5,27,16,32)( 9,23,22,31)\n(12,30,25,20)(14,18,26,29)", "label": "( 1,17, 6,28)( 2,11,10,24)( 3,21,13, 8)( 4, 7,15,19)( 5,27,16,32)( 9,23,22,31)\n(12,30,25,20)(14,18,26,29)", "shape": "dot", "size": 10}, {"id": "( 1,18, 6,29)( 2,12,10,25)( 3,22,13, 9)( 4,27,15,32)( 5, 7,16,19)( 8,23,21,31)\n(11,30,24,20)(14,17,26,28)", "label": "( 1,18, 6,29)( 2,12,10,25)( 3,22,13, 9)( 4,27,15,32)( 5, 7,16,19)( 8,23,21,31)\n(11,30,24,20)(14,17,26,28)", "shape": "dot", "size": 10}, {"id": "( 1,19, 6, 7)( 2,13,10, 3)( 4,28,15,17)( 5,29,16,18)( 8,24,21,11)( 9,25,22,12)\n(14,32,26,27)(20,31,30,23)", "label": "( 1,19, 6, 7)( 2,13,10, 3)( 4,28,15,17)( 5,29,16,18)( 8,24,21,11)( 9,25,22,12)\n(14,32,26,27)(20,31,30,23)", "shape": "dot", "size": 10}, {"id": "( 1,20)( 2,14)( 3,32)( 4, 9)( 5, 8)( 6,30)( 7,31)(10,26)(11,29)(12,28)(13,27)\n(15,22)(16,21)(17,25)(18,24)(19,23)", "label": "( 1,20)( 2,14)( 3,32)( 4, 9)( 5, 8)( 6,30)( 7,31)(10,26)(11,29)(12,28)(13,27)\n(15,22)(16,21)(17,25)(18,24)(19,23)", "shape": "dot", "size": 10}, {"id": "( 1,21)( 2,15)( 3,17)( 4,10)( 5,30)( 6, 8)( 7,11)( 9,26)(12,27)(13,28)(14,22)\n(16,20)(18,23)(19,24)(25,32)(29,31)", "label": "( 1,21)( 2,15)( 3,17)( 4,10)( 5,30)( 6, 8)( 7,11)( 9,26)(12,27)(13,28)(14,22)\n(16,20)(18,23)(19,24)(25,32)(29,31)", "shape": "dot", "size": 10}, {"id": "( 1,22)( 2,16)( 3,18)( 4,30)( 5,10)( 6, 9)( 7,12)( 8,26)(11,27)(13,29)(14,21)\n(15,20)(17,23)(19,25)(24,32)(28,31)", "label": "( 1,22)( 2,16)( 3,18)( 4,30)( 5,10)( 6, 9)( 7,12)( 8,26)(11,27)(13,29)(14,21)\n(15,20)(17,23)(19,25)(24,32)(28,31)", "shape": "dot", "size": 10}, {"id": "( 1,23)( 2,27)( 3,14)( 4,12)( 5,11)( 6,31)( 7,20)( 8,18)( 9,17)(10,32)(13,26)\n(15,25)(16,24)(19,30)(21,29)(22,28)", "label": "( 1,23)( 2,27)( 3,14)( 4,12)( 5,11)( 6,31)( 7,20)( 8,18)( 9,17)(10,32)(13,26)\n(15,25)(16,24)(19,30)(21,29)(22,28)", "shape": "dot", "size": 10}, {"id": "( 1,24)( 2,28)( 3,15)( 4,13)( 5,31)( 6,11)( 7,21)( 8,19)( 9,32)(10,17)(12,26)\n(14,25)(16,23)(18,30)(20,29)(22,27)", "label": "( 1,24)( 2,28)( 3,15)( 4,13)( 5,31)( 6,11)( 7,21)( 8,19)( 9,32)(10,17)(12,26)\n(14,25)(16,23)(18,30)(20,29)(22,27)", "shape": "dot", "size": 10}, {"id": "( 1,25)( 2,29)( 3,16)( 4,31)( 5,13)( 6,12)( 7,22)( 8,32)( 9,19)(10,18)(11,26)\n(14,24)(15,23)(17,30)(20,28)(21,27)", "label": "( 1,25)( 2,29)( 3,16)( 4,31)( 5,13)( 6,12)( 7,22)( 8,32)( 9,19)(10,18)(11,26)\n(14,24)(15,23)(17,30)(20,28)(21,27)", "shape": "dot", "size": 10}, {"id": "( 1,26)( 2,30)( 3,31)( 4,16)( 5,15)( 6,14)( 7,32)( 8,22)( 9,21)(10,20)(11,25)\n(12,24)(13,23)(17,29)(18,28)(19,27)", "label": "( 1,26)( 2,30)( 3,31)( 4,16)( 5,15)( 6,14)( 7,32)( 8,22)( 9,21)(10,20)(11,25)\n(12,24)(13,23)(17,29)(18,28)(19,27)", "shape": "dot", "size": 10}, {"id": "( 1,27, 6,32)( 2,23,10,31)( 3,30,13,20)( 4,18,15,29)( 5,17,16,28)( 7,26,19,14)\n( 8,12,21,25)( 9,11,22,24)", "label": "( 1,27, 6,32)( 2,23,10,31)( 3,30,13,20)( 4,18,15,29)( 5,17,16,28)( 7,26,19,14)\n( 8,12,21,25)( 9,11,22,24)", "shape": "dot", "size": 10}, {"id": "( 1,28, 6,17)( 2,24,10,11)( 3, 8,13,21)( 4,19,15, 7)( 5,32,16,27)( 9,31,22,23)\n(12,20,25,30)(14,29,26,18)", "label": "( 1,28, 6,17)( 2,24,10,11)( 3, 8,13,21)( 4,19,15, 7)( 5,32,16,27)( 9,31,22,23)\n(12,20,25,30)(14,29,26,18)", "shape": "dot", "size": 10}, {"id": "( 1,29, 6,18)( 2,25,10,12)( 3, 9,13,22)( 4,32,15,27)( 5,19,16, 7)( 8,31,21,23)\n(11,20,24,30)(14,28,26,17)", "label": "( 1,29, 6,18)( 2,25,10,12)( 3, 9,13,22)( 4,32,15,27)( 5,19,16, 7)( 8,31,21,23)\n(11,20,24,30)(14,28,26,17)", "shape": "dot", "size": 10}, {"id": "( 1,30)( 2,26)( 3,27)( 4,22)( 5,21)( 6,20)( 7,23)( 8,16)( 9,15)(10,14)(11,18)\n(12,17)(13,32)(19,31)(24,29)(25,28)", "label": "( 1,30)( 2,26)( 3,27)( 4,22)( 5,21)( 6,20)( 7,23)( 8,16)( 9,15)(10,14)(11,18)\n(12,17)(13,32)(19,31)(24,29)(25,28)", "shape": "dot", "size": 10}, {"id": "( 1,31)( 2,32)( 3,26)( 4,25)( 5,24)( 6,23)( 7,30)( 8,29)( 9,28)(10,27)(11,16)\n(12,15)(13,14)(17,22)(18,21)(19,20)", "label": "( 1,31)( 2,32)( 3,26)( 4,25)( 5,24)( 6,23)( 7,30)( 8,29)( 9,28)(10,27)(11,16)\n(12,15)(13,14)(17,22)(18,21)(19,20)", "shape": "dot", "size": 10}, {"id": "( 1,32, 6,27)( 2,31,10,23)( 3,20,13,30)( 4,29,15,18)( 5,28,16,17)( 7,14,19,26)\n( 8,25,21,12)( 9,24,22,11)", "label": "( 1,32, 6,27)( 2,31,10,23)( 3,20,13,30)( 4,29,15,18)( 5,28,16,17)( 7,14,19,26)\n( 8,25,21,12)( 9,24,22,11)", "shape": "dot", "size": 10}]);
        edges = new vis.DataSet([{"from": "()", "to": "( 1, 2)( 3,19)( 4, 8)( 5, 9)( 6,10)( 7,13)(11,28)(12,29)(14,20)(15,21)(16,22)\n(17,24)(18,25)(23,32)(26,30)(27,31)", "weight": 1}, {"from": "()", "to": "( 1, 3)( 2, 7)( 4,11)( 5,12)( 6,13)( 8,17)( 9,18)(10,19)(14,23)(15,24)(16,25)\n(20,27)(21,28)(22,29)(26,31)(30,32)", "weight": 1}, {"from": "()", "to": "( 1, 4)( 2, 8)( 3,11)( 5,14)( 6,15)( 7,17)( 9,20)(10,21)(12,23)(13,24)(16,26)\n(18,27)(19,28)(22,30)(25,31)(29,32)", "weight": 1}, {"from": "()", "to": "( 1, 5)( 2, 9)( 3,12)( 4,14)( 6,16)( 7,18)( 8,20)(10,22)(11,23)(13,25)(15,26)\n(17,27)(19,29)(21,30)(24,31)(28,32)", "weight": 1}, {"from": "()", "to": "( 1, 6)( 2,10)( 3,13)( 4,15)( 5,16)( 7,19)( 8,21)( 9,22)(11,24)(12,25)(14,26)\n(17,28)(18,29)(20,30)(23,31)(27,32)", "weight": 1}, {"from": "()", "to": "( 1, 7, 6,19)( 2, 3,10,13)( 4,17,15,28)( 5,18,16,29)( 8,11,21,24)( 9,12,22,25)\n(14,27,26,32)(20,23,30,31)", "weight": 1}, {"from": "()", "to": "( 1, 8)( 2, 4)( 3,28)( 5,20)( 6,21)( 7,24)( 9,14)(10,15)(11,19)(12,32)(13,17)\n(16,30)(18,31)(22,26)(23,29)(25,27)", "weight": 1}, {"from": "()", "to": "( 1, 9)( 2, 5)( 3,29)( 4,20)( 6,22)( 7,25)( 8,14)(10,16)(11,32)(12,19)(13,18)\n(15,30)(17,31)(21,26)(23,28)(24,27)", "weight": 1}, {"from": "()", "to": "( 1,10)( 2, 6)( 3, 7)( 4,21)( 5,22)( 8,15)( 9,16)(11,17)(12,18)(13,19)(14,30)\n(20,26)(23,27)(24,28)(25,29)(31,32)", "weight": 1}, {"from": "()", "to": "( 1,11)( 2,17)( 3, 4)( 5,23)( 6,24)( 7, 8)( 9,27)(10,28)(12,14)(13,15)(16,31)\n(18,20)(19,21)(22,32)(25,26)(29,30)", "weight": 1}, {"from": "()", "to": "( 1,12)( 2,18)( 3, 5)( 4,23)( 6,25)( 7, 9)( 8,27)(10,29)(11,14)(13,16)(15,31)\n(17,20)(19,22)(21,32)(24,26)(28,30)", "weight": 1}, {"from": "()", "to": "( 1,13)( 2,19)( 3, 6)( 4,24)( 5,25)( 7,10)( 8,28)( 9,29)(11,15)(12,16)(14,31)\n(17,21)(18,22)(20,32)(23,26)(27,30)", "weight": 1}, {"from": "()", "to": "( 1,14)( 2,20)( 3,23)( 4, 5)( 6,26)( 7,27)( 8, 9)(10,30)(11,12)(13,31)(15,16)\n(17,18)(19,32)(21,22)(24,25)(28,29)", "weight": 1}, {"from": "()", "to": "( 1,15)( 2,21)( 3,24)( 4, 6)( 5,26)( 7,28)( 8,10)( 9,30)(11,13)(12,31)(14,16)\n(17,19)(18,32)(20,22)(23,25)(27,29)", "weight": 1}, {"from": "()", "to": "( 1,16)( 2,22)( 3,25)( 4,26)( 5, 6)( 7,29)( 8,30)( 9,10)(11,31)(12,13)(14,15)\n(17,32)(18,19)(20,21)(23,24)(27,28)", "weight": 1}, {"from": "()", "to": "( 1,17, 6,28)( 2,11,10,24)( 3,21,13, 8)( 4, 7,15,19)( 5,27,16,32)( 9,23,22,31)\n(12,30,25,20)(14,18,26,29)", "weight": 1}, {"from": "()", "to": "( 1,18, 6,29)( 2,12,10,25)( 3,22,13, 9)( 4,27,15,32)( 5, 7,16,19)( 8,23,21,31)\n(11,30,24,20)(14,17,26,28)", "weight": 1}, {"from": "()", "to": "( 1,19, 6, 7)( 2,13,10, 3)( 4,28,15,17)( 5,29,16,18)( 8,24,21,11)( 9,25,22,12)\n(14,32,26,27)(20,31,30,23)", "weight": 1}, {"from": "()", "to": "( 1,20)( 2,14)( 3,32)( 4, 9)( 5, 8)( 6,30)( 7,31)(10,26)(11,29)(12,28)(13,27)\n(15,22)(16,21)(17,25)(18,24)(19,23)", "weight": 1}, {"from": "()", "to": "( 1,21)( 2,15)( 3,17)( 4,10)( 5,30)( 6, 8)( 7,11)( 9,26)(12,27)(13,28)(14,22)\n(16,20)(18,23)(19,24)(25,32)(29,31)", "weight": 1}, {"from": "()", "to": "( 1,22)( 2,16)( 3,18)( 4,30)( 5,10)( 6, 9)( 7,12)( 8,26)(11,27)(13,29)(14,21)\n(15,20)(17,23)(19,25)(24,32)(28,31)", "weight": 1}, {"from": "()", "to": "( 1,23)( 2,27)( 3,14)( 4,12)( 5,11)( 6,31)( 7,20)( 8,18)( 9,17)(10,32)(13,26)\n(15,25)(16,24)(19,30)(21,29)(22,28)", "weight": 1}, {"from": "()", "to": "( 1,24)( 2,28)( 3,15)( 4,13)( 5,31)( 6,11)( 7,21)( 8,19)( 9,32)(10,17)(12,26)\n(14,25)(16,23)(18,30)(20,29)(22,27)", "weight": 1}, {"from": "()", "to": "( 1,25)( 2,29)( 3,16)( 4,31)( 5,13)( 6,12)( 7,22)( 8,32)( 9,19)(10,18)(11,26)\n(14,24)(15,23)(17,30)(20,28)(21,27)", "weight": 1}, {"from": "()", "to": "( 1,26)( 2,30)( 3,31)( 4,16)( 5,15)( 6,14)( 7,32)( 8,22)( 9,21)(10,20)(11,25)\n(12,24)(13,23)(17,29)(18,28)(19,27)", "weight": 1}, {"from": "()", "to": "( 1,27, 6,32)( 2,23,10,31)( 3,30,13,20)( 4,18,15,29)( 5,17,16,28)( 7,26,19,14)\n( 8,12,21,25)( 9,11,22,24)", "weight": 1}, {"from": "()", "to": "( 1,28, 6,17)( 2,24,10,11)( 3, 8,13,21)( 4,19,15, 7)( 5,32,16,27)( 9,31,22,23)\n(12,20,25,30)(14,29,26,18)", "weight": 1}, {"from": "()", "to": "( 1,29, 6,18)( 2,25,10,12)( 3, 9,13,22)( 4,32,15,27)( 5,19,16, 7)( 8,31,21,23)\n(11,20,24,30)(14,28,26,17)", "weight": 1}, {"from": "()", "to": "( 1,30)( 2,26)( 3,27)( 4,22)( 5,21)( 6,20)( 7,23)( 8,16)( 9,15)(10,14)(11,18)\n(12,17)(13,32)(19,31)(24,29)(25,28)", "weight": 1}, {"from": "()", "to": "( 1,31)( 2,32)( 3,26)( 4,25)( 5,24)( 6,23)( 7,30)( 8,29)( 9,28)(10,27)(11,16)\n(12,15)(13,14)(17,22)(18,21)(19,20)", "weight": 1}, {"from": "()", "to": "( 1,32, 6,27)( 2,31,10,23)( 3,20,13,30)( 4,29,15,18)( 5,28,16,17)( 7,14,19,26)\n( 8,25,21,12)( 9,24,22,11)", "weight": 1}, {"from": "( 1, 2)( 3,19)( 4, 8)( 5, 9)( 6,10)( 7,13)(11,28)(12,29)(14,20)(15,21)(16,22)\n(17,24)(18,25)(23,32)(26,30)(27,31)", "to": "( 1, 4)( 2, 8)( 3,11)( 5,14)( 6,15)( 7,17)( 9,20)(10,21)(12,23)(13,24)(16,26)\n(18,27)(19,28)(22,30)(25,31)(29,32)", "weight": 1}, {"from": "( 1, 2)( 3,19)( 4, 8)( 5, 9)( 6,10)( 7,13)(11,28)(12,29)(14,20)(15,21)(16,22)\n(17,24)(18,25)(23,32)(26,30)(27,31)", "to": "( 1, 5)( 2, 9)( 3,12)( 4,14)( 6,16)( 7,18)( 8,20)(10,22)(11,23)(13,25)(15,26)\n(17,27)(19,29)(21,30)(24,31)(28,32)", "weight": 1}, {"from": "( 1, 2)( 3,19)( 4, 8)( 5, 9)( 6,10)( 7,13)(11,28)(12,29)(14,20)(15,21)(16,22)\n(17,24)(18,25)(23,32)(26,30)(27,31)", "to": "( 1, 6)( 2,10)( 3,13)( 4,15)( 5,16)( 7,19)( 8,21)( 9,22)(11,24)(12,25)(14,26)\n(17,28)(18,29)(20,30)(23,31)(27,32)", "weight": 1}, {"from": "( 1, 2)( 3,19)( 4, 8)( 5, 9)( 6,10)( 7,13)(11,28)(12,29)(14,20)(15,21)(16,22)\n(17,24)(18,25)(23,32)(26,30)(27,31)", "to": "( 1, 8)( 2, 4)( 3,28)( 5,20)( 6,21)( 7,24)( 9,14)(10,15)(11,19)(12,32)(13,17)\n(16,30)(18,31)(22,26)(23,29)(25,27)", "weight": 1}, {"from": "( 1, 2)( 3,19)( 4, 8)( 5, 9)( 6,10)( 7,13)(11,28)(12,29)(14,20)(15,21)(16,22)\n(17,24)(18,25)(23,32)(26,30)(27,31)", "to": "( 1, 9)( 2, 5)( 3,29)( 4,20)( 6,22)( 7,25)( 8,14)(10,16)(11,32)(12,19)(13,18)\n(15,30)(17,31)(21,26)(23,28)(24,27)", "weight": 1}, {"from": "( 1, 2)( 3,19)( 4, 8)( 5, 9)( 6,10)( 7,13)(11,28)(12,29)(14,20)(15,21)(16,22)\n(17,24)(18,25)(23,32)(26,30)(27,31)", "to": "( 1,10)( 2, 6)( 3, 7)( 4,21)( 5,22)( 8,15)( 9,16)(11,17)(12,18)(13,19)(14,30)\n(20,26)(23,27)(24,28)(25,29)(31,32)", "weight": 1}, {"from": "( 1, 2)( 3,19)( 4, 8)( 5, 9)( 6,10)( 7,13)(11,28)(12,29)(14,20)(15,21)(16,22)\n(17,24)(18,25)(23,32)(26,30)(27,31)", "to": "( 1,14)( 2,20)( 3,23)( 4, 5)( 6,26)( 7,27)( 8, 9)(10,30)(11,12)(13,31)(15,16)\n(17,18)(19,32)(21,22)(24,25)(28,29)", "weight": 1}, {"from": "( 1, 2)( 3,19)( 4, 8)( 5, 9)( 6,10)( 7,13)(11,28)(12,29)(14,20)(15,21)(16,22)\n(17,24)(18,25)(23,32)(26,30)(27,31)", "to": "( 1,15)( 2,21)( 3,24)( 4, 6)( 5,26)( 7,28)( 8,10)( 9,30)(11,13)(12,31)(14,16)\n(17,19)(18,32)(20,22)(23,25)(27,29)", "weight": 1}, {"from": "( 1, 2)( 3,19)( 4, 8)( 5, 9)( 6,10)( 7,13)(11,28)(12,29)(14,20)(15,21)(16,22)\n(17,24)(18,25)(23,32)(26,30)(27,31)", "to": "( 1,16)( 2,22)( 3,25)( 4,26)( 5, 6)( 7,29)( 8,30)( 9,10)(11,31)(12,13)(14,15)\n(17,32)(18,19)(20,21)(23,24)(27,28)", "weight": 1}, {"from": "( 1, 2)( 3,19)( 4, 8)( 5, 9)( 6,10)( 7,13)(11,28)(12,29)(14,20)(15,21)(16,22)\n(17,24)(18,25)(23,32)(26,30)(27,31)", "to": "( 1,20)( 2,14)( 3,32)( 4, 9)( 5, 8)( 6,30)( 7,31)(10,26)(11,29)(12,28)(13,27)\n(15,22)(16,21)(17,25)(18,24)(19,23)", "weight": 1}, {"from": "( 1, 2)( 3,19)( 4, 8)( 5, 9)( 6,10)( 7,13)(11,28)(12,29)(14,20)(15,21)(16,22)\n(17,24)(18,25)(23,32)(26,30)(27,31)", "to": "( 1,21)( 2,15)( 3,17)( 4,10)( 5,30)( 6, 8)( 7,11)( 9,26)(12,27)(13,28)(14,22)\n(16,20)(18,23)(19,24)(25,32)(29,31)", "weight": 1}, {"from": "( 1, 2)( 3,19)( 4, 8)( 5, 9)( 6,10)( 7,13)(11,28)(12,29)(14,20)(15,21)(16,22)\n(17,24)(18,25)(23,32)(26,30)(27,31)", "to": "( 1,22)( 2,16)( 3,18)( 4,30)( 5,10)( 6, 9)( 7,12)( 8,26)(11,27)(13,29)(14,21)\n(15,20)(17,23)(19,25)(24,32)(28,31)", "weight": 1}, {"from": "( 1, 2)( 3,19)( 4, 8)( 5, 9)( 6,10)( 7,13)(11,28)(12,29)(14,20)(15,21)(16,22)\n(17,24)(18,25)(23,32)(26,30)(27,31)", "to": "( 1,26)( 2,30)( 3,31)( 4,16)( 5,15)( 6,14)( 7,32)( 8,22)( 9,21)(10,20)(11,25)\n(12,24)(13,23)(17,29)(18,28)(19,27)", "weight": 1}, {"from": "( 1, 2)( 3,19)( 4, 8)( 5, 9)( 6,10)( 7,13)(11,28)(12,29)(14,20)(15,21)(16,22)\n(17,24)(18,25)(23,32)(26,30)(27,31)", "to": "( 1,30)( 2,26)( 3,27)( 4,22)( 5,21)( 6,20)( 7,23)( 8,16)( 9,15)(10,14)(11,18)\n(12,17)(13,32)(19,31)(24,29)(25,28)", "weight": 1}, {"from": "( 1, 3)( 2, 7)( 4,11)( 5,12)( 6,13)( 8,17)( 9,18)(10,19)(14,23)(15,24)(16,25)\n(20,27)(21,28)(22,29)(26,31)(30,32)", "to": "( 1, 4)( 2, 8)( 3,11)( 5,14)( 6,15)( 7,17)( 9,20)(10,21)(12,23)(13,24)(16,26)\n(18,27)(19,28)(22,30)(25,31)(29,32)", "weight": 1}, {"from": "( 1, 3)( 2, 7)( 4,11)( 5,12)( 6,13)( 8,17)( 9,18)(10,19)(14,23)(15,24)(16,25)\n(20,27)(21,28)(22,29)(26,31)(30,32)", "to": "( 1, 5)( 2, 9)( 3,12)( 4,14)( 6,16)( 7,18)( 8,20)(10,22)(11,23)(13,25)(15,26)\n(17,27)(19,29)(21,30)(24,31)(28,32)", "weight": 1}, {"from": "( 1, 3)( 2, 7)( 4,11)( 5,12)( 6,13)( 8,17)( 9,18)(10,19)(14,23)(15,24)(16,25)\n(20,27)(21,28)(22,29)(26,31)(30,32)", "to": "( 1, 6)( 2,10)( 3,13)( 4,15)( 5,16)( 7,19)( 8,21)( 9,22)(11,24)(12,25)(14,26)\n(17,28)(18,29)(20,30)(23,31)(27,32)", "weight": 1}, {"from": "( 1, 3)( 2, 7)( 4,11)( 5,12)( 6,13)( 8,17)( 9,18)(10,19)(14,23)(15,24)(16,25)\n(20,27)(21,28)(22,29)(26,31)(30,32)", "to": "( 1,11)( 2,17)( 3, 4)( 5,23)( 6,24)( 7, 8)( 9,27)(10,28)(12,14)(13,15)(16,31)\n(18,20)(19,21)(22,32)(25,26)(29,30)", "weight": 1}, {"from": "( 1, 3)( 2, 7)( 4,11)( 5,12)( 6,13)( 8,17)( 9,18)(10,19)(14,23)(15,24)(16,25)\n(20,27)(21,28)(22,29)(26,31)(30,32)", "to": "( 1,12)( 2,18)( 3, 5)( 4,23)( 6,25)( 7, 9)( 8,27)(10,29)(11,14)(13,16)(15,31)\n(17,20)(19,22)(21,32)(24,26)(28,30)", "weight": 1}, {"from": "( 1, 3)( 2, 7)( 4,11)( 5,12)( 6,13)( 8,17)( 9,18)(10,19)(14,23)(15,24)(16,25)\n(20,27)(21,28)(22,29)(26,31)(30,32)", "to": "( 1,13)( 2,19)( 3, 6)( 4,24)( 5,25)( 7,10)( 8,28)( 9,29)(11,15)(12,16)(14,31)\n(17,21)(18,22)(20,32)(23,26)(27,30)", "weight": 1}, {"from": "( 1, 3)( 2, 7)( 4,11)( 5,12)( 6,13)( 8,17)( 9,18)(10,19)(14,23)(15,24)(16,25)\n(20,27)(21,28)(22,29)(26,31)(30,32)", "to": "( 1,14)( 2,20)( 3,23)( 4, 5)( 6,26)( 7,27)( 8, 9)(10,30)(11,12)(13,31)(15,16)\n(17,18)(19,32)(21,22)(24,25)(28,29)", "weight": 1}, {"from": "( 1, 3)( 2, 7)( 4,11)( 5,12)( 6,13)( 8,17)( 9,18)(10,19)(14,23)(15,24)(16,25)\n(20,27)(21,28)(22,29)(26,31)(30,32)", "to": "( 1,15)( 2,21)( 3,24)( 4, 6)( 5,26)( 7,28)( 8,10)( 9,30)(11,13)(12,31)(14,16)\n(17,19)(18,32)(20,22)(23,25)(27,29)", "weight": 1}, {"from": "( 1, 3)( 2, 7)( 4,11)( 5,12)( 6,13)( 8,17)( 9,18)(10,19)(14,23)(15,24)(16,25)\n(20,27)(21,28)(22,29)(26,31)(30,32)", "to": "( 1,16)( 2,22)( 3,25)( 4,26)( 5, 6)( 7,29)( 8,30)( 9,10)(11,31)(12,13)(14,15)\n(17,32)(18,19)(20,21)(23,24)(27,28)", "weight": 1}, {"from": "( 1, 3)( 2, 7)( 4,11)( 5,12)( 6,13)( 8,17)( 9,18)(10,19)(14,23)(15,24)(16,25)\n(20,27)(21,28)(22,29)(26,31)(30,32)", "to": "( 1,23)( 2,27)( 3,14)( 4,12)( 5,11)( 6,31)( 7,20)( 8,18)( 9,17)(10,32)(13,26)\n(15,25)(16,24)(19,30)(21,29)(22,28)", "weight": 1}, {"from": "( 1, 3)( 2, 7)( 4,11)( 5,12)( 6,13)( 8,17)( 9,18)(10,19)(14,23)(15,24)(16,25)\n(20,27)(21,28)(22,29)(26,31)(30,32)", "to": "( 1,24)( 2,28)( 3,15)( 4,13)( 5,31)( 6,11)( 7,21)( 8,19)( 9,32)(10,17)(12,26)\n(14,25)(16,23)(18,30)(20,29)(22,27)", "weight": 1}, {"from": "( 1, 3)( 2, 7)( 4,11)( 5,12)( 6,13)( 8,17)( 9,18)(10,19)(14,23)(15,24)(16,25)\n(20,27)(21,28)(22,29)(26,31)(30,32)", "to": "( 1,25)( 2,29)( 3,16)( 4,31)( 5,13)( 6,12)( 7,22)( 8,32)( 9,19)(10,18)(11,26)\n(14,24)(15,23)(17,30)(20,28)(21,27)", "weight": 1}, {"from": "( 1, 3)( 2, 7)( 4,11)( 5,12)( 6,13)( 8,17)( 9,18)(10,19)(14,23)(15,24)(16,25)\n(20,27)(21,28)(22,29)(26,31)(30,32)", "to": "( 1,26)( 2,30)( 3,31)( 4,16)( 5,15)( 6,14)( 7,32)( 8,22)( 9,21)(10,20)(11,25)\n(12,24)(13,23)(17,29)(18,28)(19,27)", "weight": 1}, {"from": "( 1, 3)( 2, 7)( 4,11)( 5,12)( 6,13)( 8,17)( 9,18)(10,19)(14,23)(15,24)(16,25)\n(20,27)(21,28)(22,29)(26,31)(30,32)", "to": "( 1,31)( 2,32)( 3,26)( 4,25)( 5,24)( 6,23)( 7,30)( 8,29)( 9,28)(10,27)(11,16)\n(12,15)(13,14)(17,22)(18,21)(19,20)", "weight": 1}, {"from": "( 1, 4)( 2, 8)( 3,11)( 5,14)( 6,15)( 7,17)( 9,20)(10,21)(12,23)(13,24)(16,26)\n(18,27)(19,28)(22,30)(25,31)(29,32)", "to": "( 1, 5)( 2, 9)( 3,12)( 4,14)( 6,16)( 7,18)( 8,20)(10,22)(11,23)(13,25)(15,26)\n(17,27)(19,29)(21,30)(24,31)(28,32)", "weight": 1}, {"from": "( 1, 4)( 2, 8)( 3,11)( 5,14)( 6,15)( 7,17)( 9,20)(10,21)(12,23)(13,24)(16,26)\n(18,27)(19,28)(22,30)(25,31)(29,32)", "to": "( 1, 6)( 2,10)( 3,13)( 4,15)( 5,16)( 7,19)( 8,21)( 9,22)(11,24)(12,25)(14,26)\n(17,28)(18,29)(20,30)(23,31)(27,32)", "weight": 1}, {"from": "( 1, 4)( 2, 8)( 3,11)( 5,14)( 6,15)( 7,17)( 9,20)(10,21)(12,23)(13,24)(16,26)\n(18,27)(19,28)(22,30)(25,31)(29,32)", "to": "( 1, 7, 6,19)( 2, 3,10,13)( 4,17,15,28)( 5,18,16,29)( 8,11,21,24)( 9,12,22,25)\n(14,27,26,32)(20,23,30,31)", "weight": 1}, {"from": "( 1, 4)( 2, 8)( 3,11)( 5,14)( 6,15)( 7,17)( 9,20)(10,21)(12,23)(13,24)(16,26)\n(18,27)(19,28)(22,30)(25,31)(29,32)", "to": "( 1, 8)( 2, 4)( 3,28)( 5,20)( 6,21)( 7,24)( 9,14)(10,15)(11,19)(12,32)(13,17)\n(16,30)(18,31)(22,26)(23,29)(25,27)", "weight": 1}, {"from": "( 1, 4)( 2, 8)( 3,11)( 5,14)( 6,15)( 7,17)( 9,20)(10,21)(12,23)(13,24)(16,26)\n(18,27)(19,28)(22,30)(25,31)(29,32)", "to": "( 1, 9)( 2, 5)( 3,29)( 4,20)( 6,22)( 7,25)( 8,14)(10,16)(11,32)(12,19)(13,18)\n(15,30)(17,31)(21,26)(23,28)(24,27)", "weight": 1}, {"from": "( 1, 4)( 2, 8)( 3,11)( 5,14)( 6,15)( 7,17)( 9,20)(10,21)(12,23)(13,24)(16,26)\n(18,27)(19,28)(22,30)(25,31)(29,32)", "to": "( 1,10)( 2, 6)( 3, 7)( 4,21)( 5,22)( 8,15)( 9,16)(11,17)(12,18)(13,19)(14,30)\n(20,26)(23,27)(24,28)(25,29)(31,32)", "weight": 1}, {"from": "( 1, 4)( 2, 8)( 3,11)( 5,14)( 6,15)( 7,17)( 9,20)(10,21)(12,23)(13,24)(16,26)\n(18,27)(19,28)(22,30)(25,31)(29,32)", "to": "( 1,11)( 2,17)( 3, 4)( 5,23)( 6,24)( 7, 8)( 9,27)(10,28)(12,14)(13,15)(16,31)\n(18,20)(19,21)(22,32)(25,26)(29,30)", "weight": 1}, {"from": "( 1, 4)( 2, 8)( 3,11)( 5,14)( 6,15)( 7,17)( 9,20)(10,21)(12,23)(13,24)(16,26)\n(18,27)(19,28)(22,30)(25,31)(29,32)", "to": "( 1,12)( 2,18)( 3, 5)( 4,23)( 6,25)( 7, 9)( 8,27)(10,29)(11,14)(13,16)(15,31)\n(17,20)(19,22)(21,32)(24,26)(28,30)", "weight": 1}, {"from": "( 1, 4)( 2, 8)( 3,11)( 5,14)( 6,15)( 7,17)( 9,20)(10,21)(12,23)(13,24)(16,26)\n(18,27)(19,28)(22,30)(25,31)(29,32)", "to": "( 1,13)( 2,19)( 3, 6)( 4,24)( 5,25)( 7,10)( 8,28)( 9,29)(11,15)(12,16)(14,31)\n(17,21)(18,22)(20,32)(23,26)(27,30)", "weight": 1}, {"from": "( 1, 4)( 2, 8)( 3,11)( 5,14)( 6,15)( 7,17)( 9,20)(10,21)(12,23)(13,24)(16,26)\n(18,27)(19,28)(22,30)(25,31)(29,32)", "to": "( 1,14)( 2,20)( 3,23)( 4, 5)( 6,26)( 7,27)( 8, 9)(10,30)(11,12)(13,31)(15,16)\n(17,18)(19,32)(21,22)(24,25)(28,29)", "weight": 1}, {"from": "( 1, 4)( 2, 8)( 3,11)( 5,14)( 6,15)( 7,17)( 9,20)(10,21)(12,23)(13,24)(16,26)\n(18,27)(19,28)(22,30)(25,31)(29,32)", "to": "( 1,15)( 2,21)( 3,24)( 4, 6)( 5,26)( 7,28)( 8,10)( 9,30)(11,13)(12,31)(14,16)\n(17,19)(18,32)(20,22)(23,25)(27,29)", "weight": 1}, {"from": "( 1, 4)( 2, 8)( 3,11)( 5,14)( 6,15)( 7,17)( 9,20)(10,21)(12,23)(13,24)(16,26)\n(18,27)(19,28)(22,30)(25,31)(29,32)", "to": "( 1,16)( 2,22)( 3,25)( 4,26)( 5, 6)( 7,29)( 8,30)( 9,10)(11,31)(12,13)(14,15)\n(17,32)(18,19)(20,21)(23,24)(27,28)", "weight": 1}, {"from": "( 1, 4)( 2, 8)( 3,11)( 5,14)( 6,15)( 7,17)( 9,20)(10,21)(12,23)(13,24)(16,26)\n(18,27)(19,28)(22,30)(25,31)(29,32)", "to": "( 1,17, 6,28)( 2,11,10,24)( 3,21,13, 8)( 4, 7,15,19)( 5,27,16,32)( 9,23,22,31)\n(12,30,25,20)(14,18,26,29)", "weight": 1}, {"from": "( 1, 4)( 2, 8)( 3,11)( 5,14)( 6,15)( 7,17)( 9,20)(10,21)(12,23)(13,24)(16,26)\n(18,27)(19,28)(22,30)(25,31)(29,32)", "to": "( 1,18, 6,29)( 2,12,10,25)( 3,22,13, 9)( 4,27,15,32)( 5, 7,16,19)( 8,23,21,31)\n(11,30,24,20)(14,17,26,28)", "weight": 1}, {"from": "( 1, 4)( 2, 8)( 3,11)( 5,14)( 6,15)( 7,17)( 9,20)(10,21)(12,23)(13,24)(16,26)\n(18,27)(19,28)(22,30)(25,31)(29,32)", "to": "( 1,19, 6, 7)( 2,13,10, 3)( 4,28,15,17)( 5,29,16,18)( 8,24,21,11)( 9,25,22,12)\n(14,32,26,27)(20,31,30,23)", "weight": 1}, {"from": "( 1, 4)( 2, 8)( 3,11)( 5,14)( 6,15)( 7,17)( 9,20)(10,21)(12,23)(13,24)(16,26)\n(18,27)(19,28)(22,30)(25,31)(29,32)", "to": "( 1,20)( 2,14)( 3,32)( 4, 9)( 5, 8)( 6,30)( 7,31)(10,26)(11,29)(12,28)(13,27)\n(15,22)(16,21)(17,25)(18,24)(19,23)", "weight": 1}, {"from": "( 1, 4)( 2, 8)( 3,11)( 5,14)( 6,15)( 7,17)( 9,20)(10,21)(12,23)(13,24)(16,26)\n(18,27)(19,28)(22,30)(25,31)(29,32)", "to": "( 1,21)( 2,15)( 3,17)( 4,10)( 5,30)( 6, 8)( 7,11)( 9,26)(12,27)(13,28)(14,22)\n(16,20)(18,23)(19,24)(25,32)(29,31)", "weight": 1}, {"from": "( 1, 4)( 2, 8)( 3,11)( 5,14)( 6,15)( 7,17)( 9,20)(10,21)(12,23)(13,24)(16,26)\n(18,27)(19,28)(22,30)(25,31)(29,32)", "to": "( 1,22)( 2,16)( 3,18)( 4,30)( 5,10)( 6, 9)( 7,12)( 8,26)(11,27)(13,29)(14,21)\n(15,20)(17,23)(19,25)(24,32)(28,31)", "weight": 1}, {"from": "( 1, 4)( 2, 8)( 3,11)( 5,14)( 6,15)( 7,17)( 9,20)(10,21)(12,23)(13,24)(16,26)\n(18,27)(19,28)(22,30)(25,31)(29,32)", "to": "( 1,23)( 2,27)( 3,14)( 4,12)( 5,11)( 6,31)( 7,20)( 8,18)( 9,17)(10,32)(13,26)\n(15,25)(16,24)(19,30)(21,29)(22,28)", "weight": 1}, {"from": "( 1, 4)( 2, 8)( 3,11)( 5,14)( 6,15)( 7,17)( 9,20)(10,21)(12,23)(13,24)(16,26)\n(18,27)(19,28)(22,30)(25,31)(29,32)", "to": "( 1,24)( 2,28)( 3,15)( 4,13)( 5,31)( 6,11)( 7,21)( 8,19)( 9,32)(10,17)(12,26)\n(14,25)(16,23)(18,30)(20,29)(22,27)", "weight": 1}, {"from": "( 1, 4)( 2, 8)( 3,11)( 5,14)( 6,15)( 7,17)( 9,20)(10,21)(12,23)(13,24)(16,26)\n(18,27)(19,28)(22,30)(25,31)(29,32)", "to": "( 1,25)( 2,29)( 3,16)( 4,31)( 5,13)( 6,12)( 7,22)( 8,32)( 9,19)(10,18)(11,26)\n(14,24)(15,23)(17,30)(20,28)(21,27)", "weight": 1}, {"from": "( 1, 4)( 2, 8)( 3,11)( 5,14)( 6,15)( 7,17)( 9,20)(10,21)(12,23)(13,24)(16,26)\n(18,27)(19,28)(22,30)(25,31)(29,32)", "to": "( 1,26)( 2,30)( 3,31)( 4,16)( 5,15)( 6,14)( 7,32)( 8,22)( 9,21)(10,20)(11,25)\n(12,24)(13,23)(17,29)(18,28)(19,27)", "weight": 1}, {"from": "( 1, 4)( 2, 8)( 3,11)( 5,14)( 6,15)( 7,17)( 9,20)(10,21)(12,23)(13,24)(16,26)\n(18,27)(19,28)(22,30)(25,31)(29,32)", "to": "( 1,27, 6,32)( 2,23,10,31)( 3,30,13,20)( 4,18,15,29)( 5,17,16,28)( 7,26,19,14)\n( 8,12,21,25)( 9,11,22,24)", "weight": 1}, {"from": "( 1, 4)( 2, 8)( 3,11)( 5,14)( 6,15)( 7,17)( 9,20)(10,21)(12,23)(13,24)(16,26)\n(18,27)(19,28)(22,30)(25,31)(29,32)", "to": "( 1,28, 6,17)( 2,24,10,11)( 3, 8,13,21)( 4,19,15, 7)( 5,32,16,27)( 9,31,22,23)\n(12,20,25,30)(14,29,26,18)", "weight": 1}, {"from": "( 1, 4)( 2, 8)( 3,11)( 5,14)( 6,15)( 7,17)( 9,20)(10,21)(12,23)(13,24)(16,26)\n(18,27)(19,28)(22,30)(25,31)(29,32)", "to": "( 1,29, 6,18)( 2,25,10,12)( 3, 9,13,22)( 4,32,15,27)( 5,19,16, 7)( 8,31,21,23)\n(11,20,24,30)(14,28,26,17)", "weight": 1}, {"from": "( 1, 4)( 2, 8)( 3,11)( 5,14)( 6,15)( 7,17)( 9,20)(10,21)(12,23)(13,24)(16,26)\n(18,27)(19,28)(22,30)(25,31)(29,32)", "to": "( 1,30)( 2,26)( 3,27)( 4,22)( 5,21)( 6,20)( 7,23)( 8,16)( 9,15)(10,14)(11,18)\n(12,17)(13,32)(19,31)(24,29)(25,28)", "weight": 1}, {"from": "( 1, 4)( 2, 8)( 3,11)( 5,14)( 6,15)( 7,17)( 9,20)(10,21)(12,23)(13,24)(16,26)\n(18,27)(19,28)(22,30)(25,31)(29,32)", "to": "( 1,31)( 2,32)( 3,26)( 4,25)( 5,24)( 6,23)( 7,30)( 8,29)( 9,28)(10,27)(11,16)\n(12,15)(13,14)(17,22)(18,21)(19,20)", "weight": 1}, {"from": "( 1, 4)( 2, 8)( 3,11)( 5,14)( 6,15)( 7,17)( 9,20)(10,21)(12,23)(13,24)(16,26)\n(18,27)(19,28)(22,30)(25,31)(29,32)", "to": "( 1,32, 6,27)( 2,31,10,23)( 3,20,13,30)( 4,29,15,18)( 5,28,16,17)( 7,14,19,26)\n( 8,25,21,12)( 9,24,22,11)", "weight": 1}, {"from": "( 1, 5)( 2, 9)( 3,12)( 4,14)( 6,16)( 7,18)( 8,20)(10,22)(11,23)(13,25)(15,26)\n(17,27)(19,29)(21,30)(24,31)(28,32)", "to": "( 1, 6)( 2,10)( 3,13)( 4,15)( 5,16)( 7,19)( 8,21)( 9,22)(11,24)(12,25)(14,26)\n(17,28)(18,29)(20,30)(23,31)(27,32)", "weight": 1}, {"from": "( 1, 5)( 2, 9)( 3,12)( 4,14)( 6,16)( 7,18)( 8,20)(10,22)(11,23)(13,25)(15,26)\n(17,27)(19,29)(21,30)(24,31)(28,32)", "to": "( 1, 7, 6,19)( 2, 3,10,13)( 4,17,15,28)( 5,18,16,29)( 8,11,21,24)( 9,12,22,25)\n(14,27,26,32)(20,23,30,31)", "weight": 1}, {"from": "( 1, 5)( 2, 9)( 3,12)( 4,14)( 6,16)( 7,18)( 8,20)(10,22)(11,23)(13,25)(15,26)\n(17,27)(19,29)(21,30)(24,31)(28,32)", "to": "( 1, 8)( 2, 4)( 3,28)( 5,20)( 6,21)( 7,24)( 9,14)(10,15)(11,19)(12,32)(13,17)\n(16,30)(18,31)(22,26)(23,29)(25,27)", "weight": 1}, {"from": "( 1, 5)( 2, 9)( 3,12)( 4,14)( 6,16)( 7,18)( 8,20)(10,22)(11,23)(13,25)(15,26)\n(17,27)(19,29)(21,30)(24,31)(28,32)", "to": "( 1, 9)( 2, 5)( 3,29)( 4,20)( 6,22)( 7,25)( 8,14)(10,16)(11,32)(12,19)(13,18)\n(15,30)(17,31)(21,26)(23,28)(24,27)", "weight": 1}, {"from": "( 1, 5)( 2, 9)( 3,12)( 4,14)( 6,16)( 7,18)( 8,20)(10,22)(11,23)(13,25)(15,26)\n(17,27)(19,29)(21,30)(24,31)(28,32)", "to": "( 1,10)( 2, 6)( 3, 7)( 4,21)( 5,22)( 8,15)( 9,16)(11,17)(12,18)(13,19)(14,30)\n(20,26)(23,27)(24,28)(25,29)(31,32)", "weight": 1}, {"from": "( 1, 5)( 2, 9)( 3,12)( 4,14)( 6,16)( 7,18)( 8,20)(10,22)(11,23)(13,25)(15,26)\n(17,27)(19,29)(21,30)(24,31)(28,32)", "to": "( 1,11)( 2,17)( 3, 4)( 5,23)( 6,24)( 7, 8)( 9,27)(10,28)(12,14)(13,15)(16,31)\n(18,20)(19,21)(22,32)(25,26)(29,30)", "weight": 1}, {"from": "( 1, 5)( 2, 9)( 3,12)( 4,14)( 6,16)( 7,18)( 8,20)(10,22)(11,23)(13,25)(15,26)\n(17,27)(19,29)(21,30)(24,31)(28,32)", "to": "( 1,12)( 2,18)( 3, 5)( 4,23)( 6,25)( 7, 9)( 8,27)(10,29)(11,14)(13,16)(15,31)\n(17,20)(19,22)(21,32)(24,26)(28,30)", "weight": 1}, {"from": "( 1, 5)( 2, 9)( 3,12)( 4,14)( 6,16)( 7,18)( 8,20)(10,22)(11,23)(13,25)(15,26)\n(17,27)(19,29)(21,30)(24,31)(28,32)", "to": "( 1,13)( 2,19)( 3, 6)( 4,24)( 5,25)( 7,10)( 8,28)( 9,29)(11,15)(12,16)(14,31)\n(17,21)(18,22)(20,32)(23,26)(27,30)", "weight": 1}, {"from": "( 1, 5)( 2, 9)( 3,12)( 4,14)( 6,16)( 7,18)( 8,20)(10,22)(11,23)(13,25)(15,26)\n(17,27)(19,29)(21,30)(24,31)(28,32)", "to": "( 1,14)( 2,20)( 3,23)( 4, 5)( 6,26)( 7,27)( 8, 9)(10,30)(11,12)(13,31)(15,16)\n(17,18)(19,32)(21,22)(24,25)(28,29)", "weight": 1}, {"from": "( 1, 5)( 2, 9)( 3,12)( 4,14)( 6,16)( 7,18)( 8,20)(10,22)(11,23)(13,25)(15,26)\n(17,27)(19,29)(21,30)(24,31)(28,32)", "to": "( 1,15)( 2,21)( 3,24)( 4, 6)( 5,26)( 7,28)( 8,10)( 9,30)(11,13)(12,31)(14,16)\n(17,19)(18,32)(20,22)(23,25)(27,29)", "weight": 1}, {"from": "( 1, 5)( 2, 9)( 3,12)( 4,14)( 6,16)( 7,18)( 8,20)(10,22)(11,23)(13,25)(15,26)\n(17,27)(19,29)(21,30)(24,31)(28,32)", "to": "( 1,16)( 2,22)( 3,25)( 4,26)( 5, 6)( 7,29)( 8,30)( 9,10)(11,31)(12,13)(14,15)\n(17,32)(18,19)(20,21)(23,24)(27,28)", "weight": 1}, {"from": "( 1, 5)( 2, 9)( 3,12)( 4,14)( 6,16)( 7,18)( 8,20)(10,22)(11,23)(13,25)(15,26)\n(17,27)(19,29)(21,30)(24,31)(28,32)", "to": "( 1,17, 6,28)( 2,11,10,24)( 3,21,13, 8)( 4, 7,15,19)( 5,27,16,32)( 9,23,22,31)\n(12,30,25,20)(14,18,26,29)", "weight": 1}, {"from": "( 1, 5)( 2, 9)( 3,12)( 4,14)( 6,16)( 7,18)( 8,20)(10,22)(11,23)(13,25)(15,26)\n(17,27)(19,29)(21,30)(24,31)(28,32)", "to": "( 1,18, 6,29)( 2,12,10,25)( 3,22,13, 9)( 4,27,15,32)( 5, 7,16,19)( 8,23,21,31)\n(11,30,24,20)(14,17,26,28)", "weight": 1}, {"from": "( 1, 5)( 2, 9)( 3,12)( 4,14)( 6,16)( 7,18)( 8,20)(10,22)(11,23)(13,25)(15,26)\n(17,27)(19,29)(21,30)(24,31)(28,32)", "to": "( 1,19, 6, 7)( 2,13,10, 3)( 4,28,15,17)( 5,29,16,18)( 8,24,21,11)( 9,25,22,12)\n(14,32,26,27)(20,31,30,23)", "weight": 1}, {"from": "( 1, 5)( 2, 9)( 3,12)( 4,14)( 6,16)( 7,18)( 8,20)(10,22)(11,23)(13,25)(15,26)\n(17,27)(19,29)(21,30)(24,31)(28,32)", "to": "( 1,20)( 2,14)( 3,32)( 4, 9)( 5, 8)( 6,30)( 7,31)(10,26)(11,29)(12,28)(13,27)\n(15,22)(16,21)(17,25)(18,24)(19,23)", "weight": 1}, {"from": "( 1, 5)( 2, 9)( 3,12)( 4,14)( 6,16)( 7,18)( 8,20)(10,22)(11,23)(13,25)(15,26)\n(17,27)(19,29)(21,30)(24,31)(28,32)", "to": "( 1,21)( 2,15)( 3,17)( 4,10)( 5,30)( 6, 8)( 7,11)( 9,26)(12,27)(13,28)(14,22)\n(16,20)(18,23)(19,24)(25,32)(29,31)", "weight": 1}, {"from": "( 1, 5)( 2, 9)( 3,12)( 4,14)( 6,16)( 7,18)( 8,20)(10,22)(11,23)(13,25)(15,26)\n(17,27)(19,29)(21,30)(24,31)(28,32)", "to": "( 1,22)( 2,16)( 3,18)( 4,30)( 5,10)( 6, 9)( 7,12)( 8,26)(11,27)(13,29)(14,21)\n(15,20)(17,23)(19,25)(24,32)(28,31)", "weight": 1}, {"from": "( 1, 5)( 2, 9)( 3,12)( 4,14)( 6,16)( 7,18)( 8,20)(10,22)(11,23)(13,25)(15,26)\n(17,27)(19,29)(21,30)(24,31)(28,32)", "to": "( 1,23)( 2,27)( 3,14)( 4,12)( 5,11)( 6,31)( 7,20)( 8,18)( 9,17)(10,32)(13,26)\n(15,25)(16,24)(19,30)(21,29)(22,28)", "weight": 1}, {"from": "( 1, 5)( 2, 9)( 3,12)( 4,14)( 6,16)( 7,18)( 8,20)(10,22)(11,23)(13,25)(15,26)\n(17,27)(19,29)(21,30)(24,31)(28,32)", "to": "( 1,24)( 2,28)( 3,15)( 4,13)( 5,31)( 6,11)( 7,21)( 8,19)( 9,32)(10,17)(12,26)\n(14,25)(16,23)(18,30)(20,29)(22,27)", "weight": 1}, {"from": "( 1, 5)( 2, 9)( 3,12)( 4,14)( 6,16)( 7,18)( 8,20)(10,22)(11,23)(13,25)(15,26)\n(17,27)(19,29)(21,30)(24,31)(28,32)", "to": "( 1,25)( 2,29)( 3,16)( 4,31)( 5,13)( 6,12)( 7,22)( 8,32)( 9,19)(10,18)(11,26)\n(14,24)(15,23)(17,30)(20,28)(21,27)", "weight": 1}, {"from": "( 1, 5)( 2, 9)( 3,12)( 4,14)( 6,16)( 7,18)( 8,20)(10,22)(11,23)(13,25)(15,26)\n(17,27)(19,29)(21,30)(24,31)(28,32)", "to": "( 1,26)( 2,30)( 3,31)( 4,16)( 5,15)( 6,14)( 7,32)( 8,22)( 9,21)(10,20)(11,25)\n(12,24)(13,23)(17,29)(18,28)(19,27)", "weight": 1}, {"from": "( 1, 5)( 2, 9)( 3,12)( 4,14)( 6,16)( 7,18)( 8,20)(10,22)(11,23)(13,25)(15,26)\n(17,27)(19,29)(21,30)(24,31)(28,32)", "to": "( 1,27, 6,32)( 2,23,10,31)( 3,30,13,20)( 4,18,15,29)( 5,17,16,28)( 7,26,19,14)\n( 8,12,21,25)( 9,11,22,24)", "weight": 1}, {"from": "( 1, 5)( 2, 9)( 3,12)( 4,14)( 6,16)( 7,18)( 8,20)(10,22)(11,23)(13,25)(15,26)\n(17,27)(19,29)(21,30)(24,31)(28,32)", "to": "( 1,28, 6,17)( 2,24,10,11)( 3, 8,13,21)( 4,19,15, 7)( 5,32,16,27)( 9,31,22,23)\n(12,20,25,30)(14,29,26,18)", "weight": 1}, {"from": "( 1, 5)( 2, 9)( 3,12)( 4,14)( 6,16)( 7,18)( 8,20)(10,22)(11,23)(13,25)(15,26)\n(17,27)(19,29)(21,30)(24,31)(28,32)", "to": "( 1,29, 6,18)( 2,25,10,12)( 3, 9,13,22)( 4,32,15,27)( 5,19,16, 7)( 8,31,21,23)\n(11,20,24,30)(14,28,26,17)", "weight": 1}, {"from": "( 1, 5)( 2, 9)( 3,12)( 4,14)( 6,16)( 7,18)( 8,20)(10,22)(11,23)(13,25)(15,26)\n(17,27)(19,29)(21,30)(24,31)(28,32)", "to": "( 1,30)( 2,26)( 3,27)( 4,22)( 5,21)( 6,20)( 7,23)( 8,16)( 9,15)(10,14)(11,18)\n(12,17)(13,32)(19,31)(24,29)(25,28)", "weight": 1}, {"from": "( 1, 5)( 2, 9)( 3,12)( 4,14)( 6,16)( 7,18)( 8,20)(10,22)(11,23)(13,25)(15,26)\n(17,27)(19,29)(21,30)(24,31)(28,32)", "to": "( 1,31)( 2,32)( 3,26)( 4,25)( 5,24)( 6,23)( 7,30)( 8,29)( 9,28)(10,27)(11,16)\n(12,15)(13,14)(17,22)(18,21)(19,20)", "weight": 1}, {"from": "( 1, 5)( 2, 9)( 3,12)( 4,14)( 6,16)( 7,18)( 8,20)(10,22)(11,23)(13,25)(15,26)\n(17,27)(19,29)(21,30)(24,31)(28,32)", "to": "( 1,32, 6,27)( 2,31,10,23)( 3,20,13,30)( 4,29,15,18)( 5,28,16,17)( 7,14,19,26)\n( 8,25,21,12)( 9,24,22,11)", "weight": 1}, {"from": "( 1, 6)( 2,10)( 3,13)( 4,15)( 5,16)( 7,19)( 8,21)( 9,22)(11,24)(12,25)(14,26)\n(17,28)(18,29)(20,30)(23,31)(27,32)", "to": "( 1, 7, 6,19)( 2, 3,10,13)( 4,17,15,28)( 5,18,16,29)( 8,11,21,24)( 9,12,22,25)\n(14,27,26,32)(20,23,30,31)", "weight": 1}, {"from": "( 1, 6)( 2,10)( 3,13)( 4,15)( 5,16)( 7,19)( 8,21)( 9,22)(11,24)(12,25)(14,26)\n(17,28)(18,29)(20,30)(23,31)(27,32)", "to": "( 1, 8)( 2, 4)( 3,28)( 5,20)( 6,21)( 7,24)( 9,14)(10,15)(11,19)(12,32)(13,17)\n(16,30)(18,31)(22,26)(23,29)(25,27)", "weight": 1}, {"from": "( 1, 6)( 2,10)( 3,13)( 4,15)( 5,16)( 7,19)( 8,21)( 9,22)(11,24)(12,25)(14,26)\n(17,28)(18,29)(20,30)(23,31)(27,32)", "to": "( 1, 9)( 2, 5)( 3,29)( 4,20)( 6,22)( 7,25)( 8,14)(10,16)(11,32)(12,19)(13,18)\n(15,30)(17,31)(21,26)(23,28)(24,27)", "weight": 1}, {"from": "( 1, 6)( 2,10)( 3,13)( 4,15)( 5,16)( 7,19)( 8,21)( 9,22)(11,24)(12,25)(14,26)\n(17,28)(18,29)(20,30)(23,31)(27,32)", "to": "( 1,10)( 2, 6)( 3, 7)( 4,21)( 5,22)( 8,15)( 9,16)(11,17)(12,18)(13,19)(14,30)\n(20,26)(23,27)(24,28)(25,29)(31,32)", "weight": 1}, {"from": "( 1, 6)( 2,10)( 3,13)( 4,15)( 5,16)( 7,19)( 8,21)( 9,22)(11,24)(12,25)(14,26)\n(17,28)(18,29)(20,30)(23,31)(27,32)", "to": "( 1,11)( 2,17)( 3, 4)( 5,23)( 6,24)( 7, 8)( 9,27)(10,28)(12,14)(13,15)(16,31)\n(18,20)(19,21)(22,32)(25,26)(29,30)", "weight": 1}, {"from": "( 1, 6)( 2,10)( 3,13)( 4,15)( 5,16)( 7,19)( 8,21)( 9,22)(11,24)(12,25)(14,26)\n(17,28)(18,29)(20,30)(23,31)(27,32)", "to": "( 1,12)( 2,18)( 3, 5)( 4,23)( 6,25)( 7, 9)( 8,27)(10,29)(11,14)(13,16)(15,31)\n(17,20)(19,22)(21,32)(24,26)(28,30)", "weight": 1}, {"from": "( 1, 6)( 2,10)( 3,13)( 4,15)( 5,16)( 7,19)( 8,21)( 9,22)(11,24)(12,25)(14,26)\n(17,28)(18,29)(20,30)(23,31)(27,32)", "to": "( 1,13)( 2,19)( 3, 6)( 4,24)( 5,25)( 7,10)( 8,28)( 9,29)(11,15)(12,16)(14,31)\n(17,21)(18,22)(20,32)(23,26)(27,30)", "weight": 1}, {"from": "( 1, 6)( 2,10)( 3,13)( 4,15)( 5,16)( 7,19)( 8,21)( 9,22)(11,24)(12,25)(14,26)\n(17,28)(18,29)(20,30)(23,31)(27,32)", "to": "( 1,14)( 2,20)( 3,23)( 4, 5)( 6,26)( 7,27)( 8, 9)(10,30)(11,12)(13,31)(15,16)\n(17,18)(19,32)(21,22)(24,25)(28,29)", "weight": 1}, {"from": "( 1, 6)( 2,10)( 3,13)( 4,15)( 5,16)( 7,19)( 8,21)( 9,22)(11,24)(12,25)(14,26)\n(17,28)(18,29)(20,30)(23,31)(27,32)", "to": "( 1,15)( 2,21)( 3,24)( 4, 6)( 5,26)( 7,28)( 8,10)( 9,30)(11,13)(12,31)(14,16)\n(17,19)(18,32)(20,22)(23,25)(27,29)", "weight": 1}, {"from": "( 1, 6)( 2,10)( 3,13)( 4,15)( 5,16)( 7,19)( 8,21)( 9,22)(11,24)(12,25)(14,26)\n(17,28)(18,29)(20,30)(23,31)(27,32)", "to": "( 1,16)( 2,22)( 3,25)( 4,26)( 5, 6)( 7,29)( 8,30)( 9,10)(11,31)(12,13)(14,15)\n(17,32)(18,19)(20,21)(23,24)(27,28)", "weight": 1}, {"from": "( 1, 6)( 2,10)( 3,13)( 4,15)( 5,16)( 7,19)( 8,21)( 9,22)(11,24)(12,25)(14,26)\n(17,28)(18,29)(20,30)(23,31)(27,32)", "to": "( 1,17, 6,28)( 2,11,10,24)( 3,21,13, 8)( 4, 7,15,19)( 5,27,16,32)( 9,23,22,31)\n(12,30,25,20)(14,18,26,29)", "weight": 1}, {"from": "( 1, 6)( 2,10)( 3,13)( 4,15)( 5,16)( 7,19)( 8,21)( 9,22)(11,24)(12,25)(14,26)\n(17,28)(18,29)(20,30)(23,31)(27,32)", "to": "( 1,18, 6,29)( 2,12,10,25)( 3,22,13, 9)( 4,27,15,32)( 5, 7,16,19)( 8,23,21,31)\n(11,30,24,20)(14,17,26,28)", "weight": 1}, {"from": "( 1, 6)( 2,10)( 3,13)( 4,15)( 5,16)( 7,19)( 8,21)( 9,22)(11,24)(12,25)(14,26)\n(17,28)(18,29)(20,30)(23,31)(27,32)", "to": "( 1,19, 6, 7)( 2,13,10, 3)( 4,28,15,17)( 5,29,16,18)( 8,24,21,11)( 9,25,22,12)\n(14,32,26,27)(20,31,30,23)", "weight"