<html>
<head>
<link rel="stylesheet" href="https://cdnjs.cloudflare.com/ajax/libs/vis/4.16.1/vis.css" type="text/css" />
<script type="text/javascript" src="https://cdnjs.cloudflare.com/ajax/libs/vis/4.16.1/vis-network.min.js"> </script>
<center>
<h1></h1>
</center>

<!-- <link rel="stylesheet" href="../node_modules/vis/dist/vis.min.css" type="text/css" />
<script type="text/javascript" src="../node_modules/vis/dist/vis.js"> </script>-->

<style type="text/css">

        #mynetwork {
            width: 80%;
            height: 1000px;
            background-color: #ffffff;
            border: 1px solid lightgray;
            position: relative;
            float: left;
        }

        

        
        #config {
            float: left;
            width: 400px;
            height: 600px;
        }
        

        
</style>

</head>

<body>
<div id = "mynetwork"></div>


<div id = "config"></div>

<script type="text/javascript">

    // initialize global variables.
    var edges;
    var nodes;
    var network; 
    var container;
    var options, data;

    
    // This method is responsible for drawing the graph, returns the drawn network
    function drawGraph() {
        var container = document.getElementById('mynetwork');
        
        

        // parsing and collecting nodes and edges from the python
        nodes = new vis.DataSet([{"id": "()", "label": "()", "shape": "dot", "size": 10}, {"id": "( 1, 2)( 3, 6)( 4,27)( 5,18)( 7,22)( 8,13)( 9,32)(10,26)(11,17)(12,16)(14,29)\n(15,21)(19,25)(20,24)(23,34)(28,31)(30,36)(33,35)", "label": "( 1, 2)( 3, 6)( 4,27)( 5,18)( 7,22)( 8,13)( 9,32)(10,26)(11,17)(12,16)(14,29)\n(15,21)(19,25)(20,24)(23,34)(28,31)(30,36)(33,35)", "shape": "dot", "size": 10}, {"id": "( 1, 3)( 2, 6)( 4, 9)( 5,10)( 7,14)( 8,15)(11,19)(12,20)(13,21)(16,24)(17,25)\n(18,26)(22,29)(23,30)(27,32)(28,33)(31,35)(34,36)", "label": "( 1, 3)( 2, 6)( 4, 9)( 5,10)( 7,14)( 8,15)(11,19)(12,20)(13,21)(16,24)(17,25)\n(18,26)(22,29)(23,30)(27,32)(28,33)(31,35)(34,36)", "shape": "dot", "size": 10}, {"id": "( 1, 4,11,13,23,31, 5,12,22)( 2, 7,16,18,28,34, 8,17,27)( 3, 9,19,21,30,35,10,\n 20,29)( 6,14,24,26,33,36,15,25,32)", "label": "( 1, 4,11,13,23,31, 5,12,22)( 2, 7,16,18,28,34, 8,17,27)( 3, 9,19,21,30,35,10,\n 20,29)( 6,14,24,26,33,36,15,25,32)", "shape": "dot", "size": 10}, {"id": "( 1, 5,13)( 2, 8,18)( 3,10,21)( 4,12,23)( 6,15,26)( 7,17,28)( 9,20,30)\n(11,22,31)(14,25,33)(16,27,34)(19,29,35)(24,32,36)", "label": "( 1, 5,13)( 2, 8,18)( 3,10,21)( 4,12,23)( 6,15,26)( 7,17,28)( 9,20,30)\n(11,22,31)(14,25,33)(16,27,34)(19,29,35)(24,32,36)", "shape": "dot", "size": 10}, {"id": "( 1, 6)( 2, 3)( 4,32)( 5,26)( 7,29)( 8,21)( 9,27)(10,18)(11,25)(12,24)(13,15)\n(14,22)(16,20)(17,19)(23,36)(28,35)(30,34)(31,33)", "label": "( 1, 6)( 2, 3)( 4,32)( 5,26)( 7,29)( 8,21)( 9,27)(10,18)(11,25)(12,24)(13,15)\n(14,22)(16,20)(17,19)(23,36)(28,35)(30,34)(31,33)", "shape": "dot", "size": 10}, {"id": "( 1, 7)( 2, 4)( 3,14)( 5,28)( 6, 9)( 8,23)(10,33)(11,27)(12,18)(13,17)(15,30)\n(16,22)(19,32)(20,26)(21,25)(24,29)(31,34)(35,36)", "label": "( 1, 7)( 2, 4)( 3,14)( 5,28)( 6, 9)( 8,23)(10,33)(11,27)(12,18)(13,17)(15,30)\n(16,22)(19,32)(20,26)(21,25)(24,29)(31,34)(35,36)", "shape": "dot", "size": 10}, {"id": "( 1, 8)( 2, 5)( 3,15)( 4,34)( 6,10)( 7,31)( 9,36)(11,28)(12,27)(13,18)(14,35)\n(16,23)(17,22)(19,33)(20,32)(21,26)(24,30)(25,29)", "label": "( 1, 8)( 2, 5)( 3,15)( 4,34)( 6,10)( 7,31)( 9,36)(11,28)(12,27)(13,18)(14,35)\n(16,23)(17,22)(19,33)(20,32)(21,26)(24,30)(25,29)", "shape": "dot", "size": 10}, {"id": "( 1, 9,11,21,23,35, 5,20,22, 3, 4,19,13,30,31,10,12,29)( 2,14,16,26,28,36, 8,\n 25,27, 6, 7,24,18,33,34,15,17,32)", "label": "( 1, 9,11,21,23,35, 5,20,22, 3, 4,19,13,30,31,10,12,29)( 2,14,16,26,28,36, 8,\n 25,27, 6, 7,24,18,33,34,15,17,32)", "shape": "dot", "size": 10}, {"id": "( 1,10,13, 3, 5,21)( 2,15,18, 6, 8,26)( 4,20,23, 9,12,30)( 7,25,28,14,17,33)\n(11,29,31,19,22,35)(16,32,34,24,27,36)", "label": "( 1,10,13, 3, 5,21)( 2,15,18, 6, 8,26)( 4,20,23, 9,12,30)( 7,25,28,14,17,33)\n(11,29,31,19,22,35)(16,32,34,24,27,36)", "shape": "dot", "size": 10}, {"id": "( 1,11,23, 5,22, 4,13,31,12)( 2,16,28, 8,27, 7,18,34,17)( 3,19,30,10,29, 9,21,\n 35,20)( 6,24,33,15,32,14,26,36,25)", "label": "( 1,11,23, 5,22, 4,13,31,12)( 2,16,28, 8,27, 7,18,34,17)( 3,19,30,10,29, 9,21,\n 35,20)( 6,24,33,15,32,14,26,36,25)", "shape": "dot", "size": 10}, {"id": "( 1,12,31,13, 4,22, 5,23,11)( 2,17,34,18, 7,27, 8,28,16)( 3,20,35,21, 9,29,10,\n 30,19)( 6,25,36,26,14,32,15,33,24)", "label": "( 1,12,31,13, 4,22, 5,23,11)( 2,17,34,18, 7,27, 8,28,16)( 3,20,35,21, 9,29,10,\n 30,19)( 6,25,36,26,14,32,15,33,24)", "shape": "dot", "size": 10}, {"id": "( 1,13, 5)( 2,18, 8)( 3,21,10)( 4,23,12)( 6,26,15)( 7,28,17)( 9,30,20)\n(11,31,22)(14,33,25)(16,34,27)(19,35,29)(24,36,32)", "label": "( 1,13, 5)( 2,18, 8)( 3,21,10)( 4,23,12)( 6,26,15)( 7,28,17)( 9,30,20)\n(11,31,22)(14,33,25)(16,34,27)(19,35,29)(24,36,32)", "shape": "dot", "size": 10}, {"id": "( 1,14)( 2, 9)( 3, 7)( 4, 6)( 5,33)( 8,30)(10,28)(11,32)(12,26)(13,25)(15,23)\n(16,29)(17,21)(18,20)(19,27)(22,24)(31,36)(34,35)", "label": "( 1,14)( 2, 9)( 3, 7)( 4, 6)( 5,33)( 8,30)(10,28)(11,32)(12,26)(13,25)(15,23)\n(16,29)(17,21)(18,20)(19,27)(22,24)(31,36)(34,35)", "shape": "dot", "size": 10}, {"id": "( 1,15)( 2,10)( 3, 8)( 4,36)( 5, 6)( 7,35)( 9,34)(11,33)(12,32)(13,26)(14,31)\n(16,30)(17,29)(18,21)(19,28)(20,27)(22,25)(23,24)", "label": "( 1,15)( 2,10)( 3, 8)( 4,36)( 5, 6)( 7,35)( 9,34)(11,33)(12,32)(13,26)(14,31)\n(16,30)(17,29)(18,21)(19,28)(20,27)(22,25)(23,24)", "shape": "dot", "size": 10}, {"id": "( 1,16)( 2,11)( 3,24)( 4, 7)( 5,34)( 6,19)( 8,31)( 9,14)(10,36)(12,28)(13,27)\n(15,35)(17,23)(18,22)(20,33)(21,32)(25,30)(26,29)", "label": "( 1,16)( 2,11)( 3,24)( 4, 7)( 5,34)( 6,19)( 8,31)( 9,14)(10,36)(12,28)(13,27)\n(15,35)(17,23)(18,22)(20,33)(21,32)(25,30)(26,29)", "shape": "dot", "size": 10}, {"id": "( 1,17)( 2,12)( 3,25)( 4, 8)( 5, 7)( 6,20)( 9,15)(10,14)(11,34)(13,28)(16,31)\n(18,23)(19,36)(21,33)(22,27)(24,35)(26,30)(29,32)", "label": "( 1,17)( 2,12)( 3,25)( 4, 8)( 5, 7)( 6,20)( 9,15)(10,14)(11,34)(13,28)(16,31)\n(18,23)(19,36)(21,33)(22,27)(24,35)(26,30)(29,32)", "shape": "dot", "size": 10}, {"id": "( 1,18)( 2,13)( 3,26)( 4,16)( 5, 8)( 6,21)( 7,11)( 9,24)(10,15)(12,34)(14,19)\n(17,31)(20,36)(22,28)(23,27)(25,35)(29,33)(30,32)", "label": "( 1,18)( 2,13)( 3,26)( 4,16)( 5, 8)( 6,21)( 7,11)( 9,24)(10,15)(12,34)(14,19)\n(17,31)(20,36)(22,28)(23,27)(25,35)(29,33)(30,32)", "shape": "dot", "size": 10}, {"id": "( 1,19,23,10,22, 9,13,35,12, 3,11,30, 5,29, 4,21,31,20)( 2,24,28,15,27,14,18,\n 36,17, 6,16,33, 8,32, 7,26,34,25)", "label": "( 1,19,23,10,22, 9,13,35,12, 3,11,30, 5,29, 4,21,31,20)( 2,24,28,15,27,14,18,\n 36,17, 6,16,33, 8,32, 7,26,34,25)", "shape": "dot", "size": 10}, {"id": "( 1,20,31,21, 4,29, 5,30,11, 3,12,35,13, 9,22,10,23,19)( 2,25,34,26, 7,32, 8,\n 33,16, 6,17,36,18,14,27,15,28,24)", "label": "( 1,20,31,21, 4,29, 5,30,11, 3,12,35,13, 9,22,10,23,19)( 2,25,34,26, 7,32, 8,\n 33,16, 6,17,36,18,14,27,15,28,24)", "shape": "dot", "size": 10}, {"id": "( 1,21, 5, 3,13,10)( 2,26, 8, 6,18,15)( 4,30,12, 9,23,20)( 7,33,17,14,28,25)\n(11,35,22,19,31,29)(16,36,27,24,34,32)", "label": "( 1,21, 5, 3,13,10)( 2,26, 8, 6,18,15)( 4,30,12, 9,23,20)( 7,33,17,14,28,25)\n(11,35,22,19,31,29)(16,36,27,24,34,32)", "shape": "dot", "size": 10}, {"id": "( 1,22,12, 5,31,23,13,11, 4)( 2,27,17, 8,34,28,18,16, 7)( 3,29,20,10,35,30,21,\n 19, 9)( 6,32,25,15,36,33,26,24,14)", "label": "( 1,22,12, 5,31,23,13,11, 4)( 2,27,17, 8,34,28,18,16, 7)( 3,29,20,10,35,30,21,\n 19, 9)( 6,32,25,15,36,33,26,24,14)", "shape": "dot", "size": 10}, {"id": "( 1,23,22,13,12,11, 5, 4,31)( 2,28,27,18,17,16, 8, 7,34)( 3,30,29,21,20,19,10,\n 9,35)( 6,33,32,26,25,24,15,14,36)", "label": "( 1,23,22,13,12,11, 5, 4,31)( 2,28,27,18,17,16, 8, 7,34)( 3,30,29,21,20,19,10,\n 9,35)( 6,33,32,26,25,24,15,14,36)", "shape": "dot", "size": 10}, {"id": "( 1,24)( 2,19)( 3,16)( 4,14)( 5,36)( 6,11)( 7, 9)( 8,35)(10,34)(12,33)(13,32)\n(15,31)(17,30)(18,29)(20,28)(21,27)(22,26)(23,25)", "label": "( 1,24)( 2,19)( 3,16)( 4,14)( 5,36)( 6,11)( 7, 9)( 8,35)(10,34)(12,33)(13,32)\n(15,31)(17,30)(18,29)(20,28)(21,27)(22,26)(23,25)", "shape": "dot", "size": 10}, {"id": "( 1,25)( 2,20)( 3,17)( 4,15)( 5,14)( 6,12)( 7,10)( 8, 9)(11,36)(13,33)(16,35)\n(18,30)(19,34)(21,28)(22,32)(23,26)(24,31)(27,29)", "label": "( 1,25)( 2,20)( 3,17)( 4,15)( 5,14)( 6,12)( 7,10)( 8, 9)(11,36)(13,33)(16,35)\n(18,30)(19,34)(21,28)(22,32)(23,26)(24,31)(27,29)", "shape": "dot", "size": 10}, {"id": "( 1,26)( 2,21)( 3,18)( 4,24)( 5,15)( 6,13)( 7,19)( 8,10)( 9,16)(11,14)(12,36)\n(17,35)(20,34)(22,33)(23,32)(25,31)(27,30)(28,29)", "label": "( 1,26)( 2,21)( 3,18)( 4,24)( 5,15)( 6,13)( 7,19)( 8,10)( 9,16)(11,14)(12,36)\n(17,35)(20,34)(22,33)(23,32)(25,31)(27,30)(28,29)", "shape": "dot", "size": 10}, {"id": "( 1,27)( 2,22)( 3,32)( 4,17)( 5,16)( 6,29)( 7,12)( 8,11)( 9,25)(10,24)(13,34)\n(14,20)(15,19)(18,31)(21,36)(23,28)(26,35)(30,33)", "label": "( 1,27)( 2,22)( 3,32)( 4,17)( 5,16)( 6,29)( 7,12)( 8,11)( 9,25)(10,24)(13,34)\n(14,20)(15,19)(18,31)(21,36)(23,28)(26,35)(30,33)", "shape": "dot", "size": 10}, {"id": "( 1,28)( 2,23)( 3,33)( 4,18)( 5,17)( 6,30)( 7,13)( 8,12)( 9,26)(10,25)(11,16)\n(14,21)(15,20)(19,24)(22,34)(27,31)(29,36)(32,35)", "label": "( 1,28)( 2,23)( 3,33)( 4,18)( 5,17)( 6,30)( 7,13)( 8,12)( 9,26)(10,25)(11,16)\n(14,21)(15,20)(19,24)(22,34)(27,31)(29,36)(32,35)", "shape": "dot", "size": 10}, {"id": "( 1,29,12,10,31,30,13,19, 4, 3,22,20, 5,35,23,21,11, 9)( 2,32,17,15,34,33,18,\n 24, 7, 6,27,25, 8,36,28,26,16,14)", "label": "( 1,29,12,10,31,30,13,19, 4, 3,22,20, 5,35,23,21,11, 9)( 2,32,17,15,34,33,18,\n 24, 7, 6,27,25, 8,36,28,26,16,14)", "shape": "dot", "size": 10}, {"id": "( 1,30,22,21,12,19, 5, 9,31, 3,23,29,13,20,11,10, 4,35)( 2,33,27,26,17,24, 8,\n 14,34, 6,28,32,18,25,16,15, 7,36)", "label": "( 1,30,22,21,12,19, 5, 9,31, 3,23,29,13,20,11,10, 4,35)( 2,33,27,26,17,24, 8,\n 14,34, 6,28,32,18,25,16,15, 7,36)", "shape": "dot", "size": 10}, {"id": "( 1,31, 4, 5,11,12,13,22,23)( 2,34, 7, 8,16,17,18,27,28)( 3,35, 9,10,19,20,21,\n 29,30)( 6,36,14,15,24,25,26,32,33)", "label": "( 1,31, 4, 5,11,12,13,22,23)( 2,34, 7, 8,16,17,18,27,28)( 3,35, 9,10,19,20,21,\n 29,30)( 6,36,14,15,24,25,26,32,33)", "shape": "dot", "size": 10}, {"id": "( 1,32)( 2,29)( 3,27)( 4,25)( 5,24)( 6,22)( 7,20)( 8,19)( 9,17)(10,16)(11,15)\n(12,14)(13,36)(18,35)(21,34)(23,33)(26,31)(28,30)", "label": "( 1,32)( 2,29)( 3,27)( 4,25)( 5,24)( 6,22)( 7,20)( 8,19)( 9,17)(10,16)(11,15)\n(12,14)(13,36)(18,35)(21,34)(23,33)(26,31)(28,30)", "shape": "dot", "size": 10}, {"id": "( 1,33)( 2,30)( 3,28)( 4,26)( 5,25)( 6,23)( 7,21)( 8,20)( 9,18)(10,17)(11,24)\n(12,15)(13,14)(16,19)(22,36)(27,35)(29,34)(31,32)", "label": "( 1,33)( 2,30)( 3,28)( 4,26)( 5,25)( 6,23)( 7,21)( 8,20)( 9,18)(10,17)(11,24)\n(12,15)(13,14)(16,19)(22,36)(27,35)(29,34)(31,32)", "shape": "dot", "size": 10}, {"id": "( 1,34)( 2,31)( 3,36)( 4,28)( 5,27)( 6,35)( 7,23)( 8,22)( 9,33)(10,32)(11,18)\n(12,17)(13,16)(14,30)(15,29)(19,26)(20,25)(21,24)", "label": "( 1,34)( 2,31)( 3,36)( 4,28)( 5,27)( 6,35)( 7,23)( 8,22)( 9,33)(10,32)(11,18)\n(12,17)(13,16)(14,30)(15,29)(19,26)(20,25)(21,24)", "shape": "dot", "size": 10}, {"id": "( 1,35, 4,10,11,20,13,29,23, 3,31, 9, 5,19,12,21,22,30)( 2,36, 7,15,16,25,18,\n 32,28, 6,34,14, 8,24,17,26,27,33)", "label": "( 1,35, 4,10,11,20,13,29,23, 3,31, 9, 5,19,12,21,22,30)( 2,36, 7,15,16,25,18,\n 32,28, 6,34,14, 8,24,17,26,27,33)", "shape": "dot", "size": 10}, {"id": "( 1,36)( 2,35)( 3,34)( 4,33)( 5,32)( 6,31)( 7,30)( 8,29)( 9,28)(10,27)(11,26)\n(12,25)(13,24)(14,23)(15,22)(16,21)(17,20)(18,19)", "label": "( 1,36)( 2,35)( 3,34)( 4,33)( 5,32)( 6,31)( 7,30)( 8,29)( 9,28)(10,27)(11,26)\n(12,25)(13,24)(14,23)(15,22)(16,21)(17,20)(18,19)", "shape": "dot", "size": 10}]);
        edges = new vis.DataSet([{"from": "()", "to": "( 1, 2)( 3, 6)( 4,27)( 5,18)( 7,22)( 8,13)( 9,32)(10,26)(11,17)(12,16)(14,29)\n(15,21)(19,25)(20,24)(23,34)(28,31)(30,36)(33,35)", "weight": 1}, {"from": "()", "to": "( 1, 3)( 2, 6)( 4, 9)( 5,10)( 7,14)( 8,15)(11,19)(12,20)(13,21)(16,24)(17,25)\n(18,26)(22,29)(23,30)(27,32)(28,33)(31,35)(34,36)", "weight": 1}, {"from": "()", "to": "( 1, 4,11,13,23,31, 5,12,22)( 2, 7,16,18,28,34, 8,17,27)( 3, 9,19,21,30,35,10,\n 20,29)( 6,14,24,26,33,36,15,25,32)", "weight": 1}, {"from": "()", "to": "( 1, 5,13)( 2, 8,18)( 3,10,21)( 4,12,23)( 6,15,26)( 7,17,28)( 9,20,30)\n(11,22,31)(14,25,33)(16,27,34)(19,29,35)(24,32,36)", "weight": 1}, {"from": "()", "to": "( 1, 6)( 2, 3)( 4,32)( 5,26)( 7,29)( 8,21)( 9,27)(10,18)(11,25)(12,24)(13,15)\n(14,22)(16,20)(17,19)(23,36)(28,35)(30,34)(31,33)", "weight": 1}, {"from": "()", "to": "( 1, 7)( 2, 4)( 3,14)( 5,28)( 6, 9)( 8,23)(10,33)(11,27)(12,18)(13,17)(15,30)\n(16,22)(19,32)(20,26)(21,25)(24,29)(31,34)(35,36)", "weight": 1}, {"from": "()", "to": "( 1, 8)( 2, 5)( 3,15)( 4,34)( 6,10)( 7,31)( 9,36)(11,28)(12,27)(13,18)(14,35)\n(16,23)(17,22)(19,33)(20,32)(21,26)(24,30)(25,29)", "weight": 1}, {"from": "()", "to": "( 1, 9,11,21,23,35, 5,20,22, 3, 4,19,13,30,31,10,12,29)( 2,14,16,26,28,36, 8,\n 25,27, 6, 7,24,18,33,34,15,17,32)", "weight": 1}, {"from": "()", "to": "( 1,10,13, 3, 5,21)( 2,15,18, 6, 8,26)( 4,20,23, 9,12,30)( 7,25,28,14,17,33)\n(11,29,31,19,22,35)(16,32,34,24,27,36)", "weight": 1}, {"from": "()", "to": "( 1,11,23, 5,22, 4,13,31,12)( 2,16,28, 8,27, 7,18,34,17)( 3,19,30,10,29, 9,21,\n 35,20)( 6,24,33,15,32,14,26,36,25)", "weight": 1}, {"from": "()", "to": "( 1,12,31,13, 4,22, 5,23,11)( 2,17,34,18, 7,27, 8,28,16)( 3,20,35,21, 9,29,10,\n 30,19)( 6,25,36,26,14,32,15,33,24)", "weight": 1}, {"from": "()", "to": "( 1,13, 5)( 2,18, 8)( 3,21,10)( 4,23,12)( 6,26,15)( 7,28,17)( 9,30,20)\n(11,31,22)(14,33,25)(16,34,27)(19,35,29)(24,36,32)", "weight": 1}, {"from": "()", "to": "( 1,14)( 2, 9)( 3, 7)( 4, 6)( 5,33)( 8,30)(10,28)(11,32)(12,26)(13,25)(15,23)\n(16,29)(17,21)(18,20)(19,27)(22,24)(31,36)(34,35)", "weight": 1}, {"from": "()", "to": "( 1,15)( 2,10)( 3, 8)( 4,36)( 5, 6)( 7,35)( 9,34)(11,33)(12,32)(13,26)(14,31)\n(16,30)(17,29)(18,21)(19,28)(20,27)(22,25)(23,24)", "weight": 1}, {"from": "()", "to": "( 1,16)( 2,11)( 3,24)( 4, 7)( 5,34)( 6,19)( 8,31)( 9,14)(10,36)(12,28)(13,27)\n(15,35)(17,23)(18,22)(20,33)(21,32)(25,30)(26,29)", "weight": 1}, {"from": "()", "to": "( 1,17)( 2,12)( 3,25)( 4, 8)( 5, 7)( 6,20)( 9,15)(10,14)(11,34)(13,28)(16,31)\n(18,23)(19,36)(21,33)(22,27)(24,35)(26,30)(29,32)", "weight": 1}, {"from": "()", "to": "( 1,18)( 2,13)( 3,26)( 4,16)( 5, 8)( 6,21)( 7,11)( 9,24)(10,15)(12,34)(14,19)\n(17,31)(20,36)(22,28)(23,27)(25,35)(29,33)(30,32)", "weight": 1}, {"from": "()", "to": "( 1,19,23,10,22, 9,13,35,12, 3,11,30, 5,29, 4,21,31,20)( 2,24,28,15,27,14,18,\n 36,17, 6,16,33, 8,32, 7,26,34,25)", "weight": 1}, {"from": "()", "to": "( 1,20,31,21, 4,29, 5,30,11, 3,12,35,13, 9,22,10,23,19)( 2,25,34,26, 7,32, 8,\n 33,16, 6,17,36,18,14,27,15,28,24)", "weight": 1}, {"from": "()", "to": "( 1,21, 5, 3,13,10)( 2,26, 8, 6,18,15)( 4,30,12, 9,23,20)( 7,33,17,14,28,25)\n(11,35,22,19,31,29)(16,36,27,24,34,32)", "weight": 1}, {"from": "()", "to": "( 1,22,12, 5,31,23,13,11, 4)( 2,27,17, 8,34,28,18,16, 7)( 3,29,20,10,35,30,21,\n 19, 9)( 6,32,25,15,36,33,26,24,14)", "weight": 1}, {"from": "()", "to": "( 1,23,22,13,12,11, 5, 4,31)( 2,28,27,18,17,16, 8, 7,34)( 3,30,29,21,20,19,10,\n 9,35)( 6,33,32,26,25,24,15,14,36)", "weight": 1}, {"from": "()", "to": "( 1,24)( 2,19)( 3,16)( 4,14)( 5,36)( 6,11)( 7, 9)( 8,35)(10,34)(12,33)(13,32)\n(15,31)(17,30)(18,29)(20,28)(21,27)(22,26)(23,25)", "weight": 1}, {"from": "()", "to": "( 1,25)( 2,20)( 3,17)( 4,15)( 5,14)( 6,12)( 7,10)( 8, 9)(11,36)(13,33)(16,35)\n(18,30)(19,34)(21,28)(22,32)(23,26)(24,31)(27,29)", "weight": 1}, {"from": "()", "to": "( 1,26)( 2,21)( 3,18)( 4,24)( 5,15)( 6,13)( 7,19)( 8,10)( 9,16)(11,14)(12,36)\n(17,35)(20,34)(22,33)(23,32)(25,31)(27,30)(28,29)", "weight": 1}, {"from": "()", "to": "( 1,27)( 2,22)( 3,32)( 4,17)( 5,16)( 6,29)( 7,12)( 8,11)( 9,25)(10,24)(13,34)\n(14,20)(15,19)(18,31)(21,36)(23,28)(26,35)(30,33)", "weight": 1}, {"from": "()", "to": "( 1,28)( 2,23)( 3,33)( 4,18)( 5,17)( 6,30)( 7,13)( 8,12)( 9,26)(10,25)(11,16)\n(14,21)(15,20)(19,24)(22,34)(27,31)(29,36)(32,35)", "weight": 1}, {"from": "()", "to": "( 1,29,12,10,31,30,13,19, 4, 3,22,20, 5,35,23,21,11, 9)( 2,32,17,15,34,33,18,\n 24, 7, 6,27,25, 8,36,28,26,16,14)", "weight": 1}, {"from": "()", "to": "( 1,30,22,21,12,19, 5, 9,31, 3,23,29,13,20,11,10, 4,35)( 2,33,27,26,17,24, 8,\n 14,34, 6,28,32,18,25,16,15, 7,36)", "weight": 1}, {"from": "()", "to": "( 1,31, 4, 5,11,12,13,22,23)( 2,34, 7, 8,16,17,18,27,28)( 3,35, 9,10,19,20,21,\n 29,30)( 6,36,14,15,24,25,26,32,33)", "weight": 1}, {"from": "()", "to": "( 1,32)( 2,29)( 3,27)( 4,25)( 5,24)( 6,22)( 7,20)( 8,19)( 9,17)(10,16)(11,15)\n(12,14)(13,36)(18,35)(21,34)(23,33)(26,31)(28,30)", "weight": 1}, {"from": "()", "to": "( 1,33)( 2,30)( 3,28)( 4,26)( 5,25)( 6,23)( 7,21)( 8,20)( 9,18)(10,17)(11,24)\n(12,15)(13,14)(16,19)(22,36)(27,35)(29,34)(31,32)", "weight": 1}, {"from": "()", "to": "( 1,34)( 2,31)( 3,36)( 4,28)( 5,27)( 6,35)( 7,23)( 8,22)( 9,33)(10,32)(11,18)\n(12,17)(13,16)(14,30)(15,29)(19,26)(20,25)(21,24)", "weight": 1}, {"from": "()", "to": "( 1,35, 4,10,11,20,13,29,23, 3,31, 9, 5,19,12,21,22,30)( 2,36, 7,15,16,25,18,\n 32,28, 6,34,14, 8,24,17,26,27,33)", "weight": 1}, {"from": "()", "to": "( 1,36)( 2,35)( 3,34)( 4,33)( 5,32)( 6,31)( 7,30)( 8,29)( 9,28)(10,27)(11,26)\n(12,25)(13,24)(14,23)(15,22)(16,21)(17,20)(18,19)", "weight": 1}, {"from": "( 1, 2)( 3, 6)( 4,27)( 5,18)( 7,22)( 8,13)( 9,32)(10,26)(11,17)(12,16)(14,29)\n(15,21)(19,25)(20,24)(23,34)(28,31)(30,36)(33,35)", "to": "( 1, 3)( 2, 6)( 4, 9)( 5,10)( 7,14)( 8,15)(11,19)(12,20)(13,21)(16,24)(17,25)\n(18,26)(22,29)(23,30)(27,32)(28,33)(31,35)(34,36)", "weight": 1}, {"from": "( 1, 2)( 3, 6)( 4,27)( 5,18)( 7,22)( 8,13)( 9,32)(10,26)(11,17)(12,16)(14,29)\n(15,21)(19,25)(20,24)(23,34)(28,31)(30,36)(33,35)", "to": "( 1, 6)( 2, 3)( 4,32)( 5,26)( 7,29)( 8,21)( 9,27)(10,18)(11,25)(12,24)(13,15)\n(14,22)(16,20)(17,19)(23,36)(28,35)(30,34)(31,33)", "weight": 1}, {"from": "( 1, 3)( 2, 6)( 4, 9)( 5,10)( 7,14)( 8,15)(11,19)(12,20)(13,21)(16,24)(17,25)\n(18,26)(22,29)(23,30)(27,32)(28,33)(31,35)(34,36)", "to": "( 1, 4,11,13,23,31, 5,12,22)( 2, 7,16,18,28,34, 8,17,27)( 3, 9,19,21,30,35,10,\n 20,29)( 6,14,24,26,33,36,15,25,32)", "weight": 1}, {"from": "( 1, 3)( 2, 6)( 4, 9)( 5,10)( 7,14)( 8,15)(11,19)(12,20)(13,21)(16,24)(17,25)\n(18,26)(22,29)(23,30)(27,32)(28,33)(31,35)(34,36)", "to": "( 1, 5,13)( 2, 8,18)( 3,10,21)( 4,12,23)( 6,15,26)( 7,17,28)( 9,20,30)\n(11,22,31)(14,25,33)(16,27,34)(19,29,35)(24,32,36)", "weight": 1}, {"from": "( 1, 3)( 2, 6)( 4, 9)( 5,10)( 7,14)( 8,15)(11,19)(12,20)(13,21)(16,24)(17,25)\n(18,26)(22,29)(23,30)(27,32)(28,33)(31,35)(34,36)", "to": "( 1, 6)( 2, 3)( 4,32)( 5,26)( 7,29)( 8,21)( 9,27)(10,18)(11,25)(12,24)(13,15)\n(14,22)(16,20)(17,19)(23,36)(28,35)(30,34)(31,33)", "weight": 1}, {"from": "( 1, 3)( 2, 6)( 4, 9)( 5,10)( 7,14)( 8,15)(11,19)(12,20)(13,21)(16,24)(17,25)\n(18,26)(22,29)(23,30)(27,32)(28,33)(31,35)(34,36)", "to": "( 1, 7)( 2, 4)( 3,14)( 5,28)( 6, 9)( 8,23)(10,33)(11,27)(12,18)(13,17)(15,30)\n(16,22)(19,32)(20,26)(21,25)(24,29)(31,34)(35,36)", "weight": 1}, {"from": "( 1, 3)( 2, 6)( 4, 9)( 5,10)( 7,14)( 8,15)(11,19)(12,20)(13,21)(16,24)(17,25)\n(18,26)(22,29)(23,30)(27,32)(28,33)(31,35)(34,36)", "to": "( 1, 8)( 2, 5)( 3,15)( 4,34)( 6,10)( 7,31)( 9,36)(11,28)(12,27)(13,18)(14,35)\n(16,23)(17,22)(19,33)(20,32)(21,26)(24,30)(25,29)", "weight": 1}, {"from": "( 1, 3)( 2, 6)( 4, 9)( 5,10)( 7,14)( 8,15)(11,19)(12,20)(13,21)(16,24)(17,25)\n(18,26)(22,29)(23,30)(27,32)(28,33)(31,35)(34,36)", "to": "( 1, 9,11,21,23,35, 5,20,22, 3, 4,19,13,30,31,10,12,29)( 2,14,16,26,28,36, 8,\n 25,27, 6, 7,24,18,33,34,15,17,32)", "weight": 1}, {"from": "( 1, 3)( 2, 6)( 4, 9)( 5,10)( 7,14)( 8,15)(11,19)(12,20)(13,21)(16,24)(17,25)\n(18,26)(22,29)(23,30)(27,32)(28,33)(31,35)(34,36)", "to": "( 1,10,13, 3, 5,21)( 2,15,18, 6, 8,26)( 4,20,23, 9,12,30)( 7,25,28,14,17,33)\n(11,29,31,19,22,35)(16,32,34,24,27,36)", "weight": 1}, {"from": "( 1, 3)( 2, 6)( 4, 9)( 5,10)( 7,14)( 8,15)(11,19)(12,20)(13,21)(16,24)(17,25)\n(18,26)(22,29)(23,30)(27,32)(28,33)(31,35)(34,36)", "to": "( 1,11,23, 5,22, 4,13,31,12)( 2,16,28, 8,27, 7,18,34,17)( 3,19,30,10,29, 9,21,\n 35,20)( 6,24,33,15,32,14,26,36,25)", "weight": 1}, {"from": "( 1, 3)( 2, 6)( 4, 9)( 5,10)( 7,14)( 8,15)(11,19)(12,20)(13,21)(16,24)(17,25)\n(18,26)(22,29)(23,30)(27,32)(28,33)(31,35)(34,36)", "to": "( 1,12,31,13, 4,22, 5,23,11)( 2,17,34,18, 7,27, 8,28,16)( 3,20,35,21, 9,29,10,\n 30,19)( 6,25,36,26,14,32,15,33,24)", "weight": 1}, {"from": "( 1, 3)( 2, 6)( 4, 9)( 5,10)( 7,14)( 8,15)(11,19)(12,20)(13,21)(16,24)(17,25)\n(18,26)(22,29)(23,30)(27,32)(28,33)(31,35)(34,36)", "to": "( 1,13, 5)( 2,18, 8)( 3,21,10)( 4,23,12)( 6,26,15)( 7,28,17)( 9,30,20)\n(11,31,22)(14,33,25)(16,34,27)(19,35,29)(24,36,32)", "weight": 1}, {"from": "( 1, 3)( 2, 6)( 4, 9)( 5,10)( 7,14)( 8,15)(11,19)(12,20)(13,21)(16,24)(17,25)\n(18,26)(22,29)(23,30)(27,32)(28,33)(31,35)(34,36)", "to": "( 1,14)( 2, 9)( 3, 7)( 4, 6)( 5,33)( 8,30)(10,28)(11,32)(12,26)(13,25)(15,23)\n(16,29)(17,21)(18,20)(19,27)(22,24)(31,36)(34,35)", "weight": 1}, {"from": "( 1, 3)( 2, 6)( 4, 9)( 5,10)( 7,14)( 8,15)(11,19)(12,20)(13,21)(16,24)(17,25)\n(18,26)(22,29)(23,30)(27,32)(28,33)(31,35)(34,36)", "to": "( 1,15)( 2,10)( 3, 8)( 4,36)( 5, 6)( 7,35)( 9,34)(11,33)(12,32)(13,26)(14,31)\n(16,30)(17,29)(18,21)(19,28)(20,27)(22,25)(23,24)", "weight": 1}, {"from": "( 1, 3)( 2, 6)( 4, 9)( 5,10)( 7,14)( 8,15)(11,19)(12,20)(13,21)(16,24)(17,25)\n(18,26)(22,29)(23,30)(27,32)(28,33)(31,35)(34,36)", "to": "( 1,16)( 2,11)( 3,24)( 4, 7)( 5,34)( 6,19)( 8,31)( 9,14)(10,36)(12,28)(13,27)\n(15,35)(17,23)(18,22)(20,33)(21,32)(25,30)(26,29)", "weight": 1}, {"from": "( 1, 3)( 2, 6)( 4, 9)( 5,10)( 7,14)( 8,15)(11,19)(12,20)(13,21)(16,24)(17,25)\n(18,26)(22,29)(23,30)(27,32)(28,33)(31,35)(34,36)", "to": "( 1,17)( 2,12)( 3,25)( 4, 8)( 5, 7)( 6,20)( 9,15)(10,14)(11,34)(13,28)(16,31)\n(18,23)(19,36)(21,33)(22,27)(24,35)(26,30)(29,32)", "weight": 1}, {"from": "( 1, 3)( 2, 6)( 4, 9)( 5,10)( 7,14)( 8,15)(11,19)(12,20)(13,21)(16,24)(17,25)\n(18,26)(22,29)(23,30)(27,32)(28,33)(31,35)(34,36)", "to": "( 1,18)( 2,13)( 3,26)( 4,16)( 5, 8)( 6,21)( 7,11)( 9,24)(10,15)(12,34)(14,19)\n(17,31)(20,36)(22,28)(23,27)(25,35)(29,33)(30,32)", "weight": 1}, {"from": "( 1, 3)( 2, 6)( 4, 9)( 5,10)( 7,14)( 8,15)(11,19)(12,20)(13,21)(16,24)(17,25)\n(18,26)(22,29)(23,30)(27,32)(28,33)(31,35)(34,36)", "to": "( 1,19,23,10,22, 9,13,35,12, 3,11,30, 5,29, 4,21,31,20)( 2,24,28,15,27,14,18,\n 36,17, 6,16,33, 8,32, 7,26,34,25)", "weight": 1}, {"from": "( 1, 3)( 2, 6)( 4, 9)( 5,10)( 7,14)( 8,15)(11,19)(12,20)(13,21)(16,24)(17,25)\n(18,26)(22,29)(23,30)(27,32)(28,33)(31,35)(34,36)", "to": "( 1,20,31,21, 4,29, 5,30,11, 3,12,35,13, 9,22,10,23,19)( 2,25,34,26, 7,32, 8,\n 33,16, 6,17,36,18,14,27,15,28,24)", "weight": 1}, {"from": "( 1, 3)( 2, 6)( 4, 9)( 5,10)( 7,14)( 8,15)(11,19)(12,20)(13,21)(16,24)(17,25)\n(18,26)(22,29)(23,30)(27,32)(28,33)(31,35)(34,36)", "to": "( 1,21, 5, 3,13,10)( 2,26, 8, 6,18,15)( 4,30,12, 9,23,20)( 7,33,17,14,28,25)\n(11,35,22,19,31,29)(16,36,27,24,34,32)", "weight": 1}, {"from": "( 1, 3)( 2, 6)( 4, 9)( 5,10)( 7,14)( 8,15)(11,19)(12,20)(13,21)(16,24)(17,25)\n(18,26)(22,29)(23,30)(27,32)(28,33)(31,35)(34,36)", "to": "( 1,22,12, 5,31,23,13,11, 4)( 2,27,17, 8,34,28,18,16, 7)( 3,29,20,10,35,30,21,\n 19, 9)( 6,32,25,15,36,33,26,24,14)", "weight": 1}, {"from": "( 1, 3)( 2, 6)( 4, 9)( 5,10)( 7,14)( 8,15)(11,19)(12,20)(13,21)(16,24)(17,25)\n(18,26)(22,29)(23,30)(27,32)(28,33)(31,35)(34,36)", "to": "( 1,23,22,13,12,11, 5, 4,31)( 2,28,27,18,17,16, 8, 7,34)( 3,30,29,21,20,19,10,\n 9,35)( 6,33,32,26,25,24,15,14,36)", "weight": 1}, {"from": "( 1, 3)( 2, 6)( 4, 9)( 5,10)( 7,14)( 8,15)(11,19)(12,20)(13,21)(16,24)(17,25)\n(18,26)(22,29)(23,30)(27,32)(28,33)(31,35)(34,36)", "to": "( 1,24)( 2,19)( 3,16)( 4,14)( 5,36)( 6,11)( 7, 9)( 8,35)(10,34)(12,33)(13,32)\n(15,31)(17,30)(18,29)(20,28)(21,27)(22,26)(23,25)", "weight": 1}, {"from": "( 1, 3)( 2, 6)( 4, 9)( 5,10)( 7,14)( 8,15)(11,19)(12,20)(13,21)(16,24)(17,25)\n(18,26)(22,29)(23,30)(27,32)(28,33)(31,35)(34,36)", "to": "( 1,25)( 2,20)( 3,17)( 4,15)( 5,14)( 6,12)( 7,10)( 8, 9)(11,36)(13,33)(16,35)\n(18,30)(19,34)(21,28)(22,32)(23,26)(24,31)(27,29)", "weight": 1}, {"from": "( 1, 3)( 2, 6)( 4, 9)( 5,10)( 7,14)( 8,15)(11,19)(12,20)(13,21)(16,24)(17,25)\n(18,26)(22,29)(23,30)(27,32)(28,33)(31,35)(34,36)", "to": "( 1,26)( 2,21)( 3,18)( 4,24)( 5,15)( 6,13)( 7,19)( 8,10)( 9,16)(11,14)(12,36)\n(17,35)(20,34)(22,33)(23,32)(25,31)(27,30)(28,29)", "weight": 1}, {"from": "( 1, 3)( 2, 6)( 4, 9)( 5,10)( 7,14)( 8,15)(11,19)(12,20)(13,21)(16,24)(17,25)\n(18,26)(22,29)(23,30)(27,32)(28,33)(31,35)(34,36)", "to": "( 1,27)( 2,22)( 3,32)( 4,17)( 5,16)( 6,29)( 7,12)( 8,11)( 9,25)(10,24)(13,34)\n(14,20)(15,19)(18,31)(21,36)(23,28)(26,35)(30,33)", "weight": 1}, {"from": "( 1, 3)( 2, 6)( 4, 9)( 5,10)( 7,14)( 8,15)(11,19)(12,20)(13,21)(16,24)(17,25)\n(18,26)(22,29)(23,30)(27,32)(28,33)(31,35)(34,36)", "to": "( 1,28)( 2,23)( 3,33)( 4,18)( 5,17)( 6,30)( 7,13)( 8,12)( 9,26)(10,25)(11,16)\n(14,21)(15,20)(19,24)(22,34)(27,31)(29,36)(32,35)", "weight": 1}, {"from": "( 1, 3)( 2, 6)( 4, 9)( 5,10)( 7,14)( 8,15)(11,19)(12,20)(13,21)(16,24)(17,25)\n(18,26)(22,29)(23,30)(27,32)(28,33)(31,35)(34,36)", "to": "( 1,29,12,10,31,30,13,19, 4, 3,22,20, 5,35,23,21,11, 9)( 2,32,17,15,34,33,18,\n 24, 7, 6,27,25, 8,36,28,26,16,14)", "weight": 1}, {"from": "( 1, 3)( 2, 6)( 4, 9)( 5,10)( 7,14)( 8,15)(11,19)(12,20)(13,21)(16,24)(17,25)\n(18,26)(22,29)(23,30)(27,32)(28,33)(31,35)(34,36)", "to": "( 1,30,22,21,12,19, 5, 9,31, 3,23,29,13,20,11,10, 4,35)( 2,33,27,26,17,24, 8,\n 14,34, 6,28,32,18,25,16,15, 7,36)", "weight": 1}, {"from": "( 1, 3)( 2, 6)( 4, 9)( 5,10)( 7,14)( 8,15)(11,19)(12,20)(13,21)(16,24)(17,25)\n(18,26)(22,29)(23,30)(27,32)(28,33)(31,35)(34,36)", "to": "( 1,31, 4, 5,11,12,13,22,23)( 2,34, 7, 8,16,17,18,27,28)( 3,35, 9,10,19,20,21,\n 29,30)( 6,36,14,15,24,25,26,32,33)", "weight": 1}, {"from": "( 1, 3)( 2, 6)( 4, 9)( 5,10)( 7,14)( 8,15)(11,19)(12,20)(13,21)(16,24)(17,25)\n(18,26)(22,29)(23,30)(27,32)(28,33)(31,35)(34,36)", "to": "( 1,32)( 2,29)( 3,27)( 4,25)( 5,24)( 6,22)( 7,20)( 8,19)( 9,17)(10,16)(11,15)\n(12,14)(13,36)(18,35)(21,34)(23,33)(26,31)(28,30)", "weight": 1}, {"from": "( 1, 3)( 2, 6)( 4, 9)( 5,10)( 7,14)( 8,15)(11,19)(12,20)(13,21)(16,24)(17,25)\n(18,26)(22,29)(23,30)(27,32)(28,33)(31,35)(34,36)", "to": "( 1,33)( 2,30)( 3,28)( 4,26)( 5,25)( 6,23)( 7,21)( 8,20)( 9,18)(10,17)(11,24)\n(12,15)(13,14)(16,19)(22,36)(27,35)(29,34)(31,32)", "weight": 1}, {"from": "( 1, 3)( 2, 6)( 4, 9)( 5,10)( 7,14)( 8,15)(11,19)(12,20)(13,21)(16,24)(17,25)\n(18,26)(22,29)(23,30)(27,32)(28,33)(31,35)(34,36)", "to": "( 1,34)( 2,31)( 3,36)( 4,28)( 5,27)( 6,35)( 7,23)( 8,22)( 9,33)(10,32)(11,18)\n(12,17)(13,16)(14,30)(15,29)(19,26)(20,25)(21,24)", "weight": 1}, {"from": "( 1, 3)( 2, 6)( 4, 9)( 5,10)( 7,14)( 8,15)(11,19)(12,20)(13,21)(16,24)(17,25)\n(18,26)(22,29)(23,30)(27,32)(28,33)(31,35)(34,36)", "to": "( 1,35, 4,10,11,20,13,29,23, 3,31, 9, 5,19,12,21,22,30)( 2,36, 7,15,16,25,18,\n 32,28, 6,34,14, 8,24,17,26,27,33)", "weight": 1}, {"from": "( 1, 3)( 2, 6)( 4, 9)( 5,10)( 7,14)( 8,15)(11,19)(12,20)(13,21)(16,24)(17,25)\n(18,26)(22,29)(23,30)(27,32)(28,33)(31,35)(34,36)", "to": "( 1,36)( 2,35)( 3,34)( 4,33)( 5,32)( 6,31)( 7,30)( 8,29)( 9,28)(10,27)(11,26)\n(12,25)(13,24)(14,23)(15,22)(16,21)(17,20)(18,19)", "weight": 1}, {"from": "( 1, 4,11,13,23,31, 5,12,22)( 2, 7,16,18,28,34, 8,17,27)( 3, 9,19,21,30,35,10,\n 20,29)( 6,14,24,26,33,36,15,25,32)", "to": "( 1, 5,13)( 2, 8,18)( 3,10,21)( 4,12,23)( 6,15,26)( 7,17,28)( 9,20,30)\n(11,22,31)(14,25,33)(16,27,34)(19,29,35)(24,32,36)", "weight": 1}, {"from": "( 1, 4,11,13,23,31, 5,12,22)( 2, 7,16,18,28,34, 8,17,27)( 3, 9,19,21,30,35,10,\n 20,29)( 6,14,24,26,33,36,15,25,32)", "to": "( 1, 9,11,21,23,35, 5,20,22, 3, 4,19,13,30,31,10,12,29)( 2,14,16,26,28,36, 8,\n 25,27, 6, 7,24,18,33,34,15,17,32)", "weight": 1}, {"from": "( 1, 4,11,13,23,31, 5,12,22)( 2, 7,16,18,28,34, 8,17,27)( 3, 9,19,21,30,35,10,\n 20,29)( 6,14,24,26,33,36,15,25,32)", "to": "( 1,10,13, 3, 5,21)( 2,15,18, 6, 8,26)( 4,20,23, 9,12,30)( 7,25,28,14,17,33)\n(11,29,31,19,22,35)(16,32,34,24,27,36)", "weight": 1}, {"from": "( 1, 4,11,13,23,31, 5,12,22)( 2, 7,16,18,28,34, 8,17,27)( 3, 9,19,21,30,35,10,\n 20,29)( 6,14,24,26,33,36,15,25,32)", "to": "( 1,11,23, 5,22, 4,13,31,12)( 2,16,28, 8,27, 7,18,34,17)( 3,19,30,10,29, 9,21,\n 35,20)( 6,24,33,15,32,14,26,36,25)", "weight": 1}, {"from": "( 1, 4,11,13,23,31, 5,12,22)( 2, 7,16,18,28,34, 8,17,27)( 3, 9,19,21,30,35,10,\n 20,29)( 6,14,24,26,33,36,15,25,32)", "to": "( 1,12,31,13, 4,22, 5,23,11)( 2,17,34,18, 7,27, 8,28,16)( 3,20,35,21, 9,29,10,\n 30,19)( 6,25,36,26,14,32,15,33,24)", "weight": 1}, {"from": "( 1, 4,11,13,23,31, 5,12,22)( 2, 7,16,18,28,34, 8,17,27)( 3, 9,19,21,30,35,10,\n 20,29)( 6,14,24,26,33,36,15,25,32)", "to": "( 1,13, 5)( 2,18, 8)( 3,21,10)( 4,23,12)( 6,26,15)( 7,28,17)( 9,30,20)\n(11,31,22)(14,33,25)(16,34,27)(19,35,29)(24,36,32)", "weight": 1}, {"from": "( 1, 4,11,13,23,31, 5,12,22)( 2, 7,16,18,28,34, 8,17,27)( 3, 9,19,21,30,35,10,\n 20,29)( 6,14,24,26,33,36,15,25,32)", "to": "( 1,19,23,10,22, 9,13,35,12, 3,11,30, 5,29, 4,21,31,20)( 2,24,28,15,27,14,18,\n 36,17, 6,16,33, 8,32, 7,26,34,25)", "weight": 1}, {"from": "( 1, 4,11,13,23,31, 5,12,22)( 2, 7,16,18,28,34, 8,17,27)( 3, 9,19,21,30,35,10,\n 20,29)( 6,14,24,26,33,36,15,25,32)", "to": "( 1,20,31,21, 4,29, 5,30,11, 3,12,35,13, 9,22,10,23,19)( 2,25,34,26, 7,32, 8,\n 33,16, 6,17,36,18,14,27,15,28,24)", "weight": 1}, {"from": "( 1, 4,11,13,23,31, 5,12,22)( 2, 7,16,18,28,34, 8,17,27)( 3, 9,19,21,30,35,10,\n 20,29)( 6,14,24,26,33,36,15,25,32)", "to": "( 1,21, 5, 3,13,10)( 2,26, 8, 6,18,15)( 4,30,12, 9,23,20)( 7,33,17,14,28,25)\n(11,35,22,19,31,29)(16,36,27,24,34,32)", "weight": 1}, {"from": "( 1, 4,11,13,23,31, 5,12,22)( 2, 7,16,18,28,34, 8,17,27)( 3, 9,19,21,30,35,10,\n 20,29)( 6,14,24,26,33,36,15,25,32)", "to": "( 1,22,12, 5,31,23,13,11, 4)( 2,27,17, 8,34,28,18,16, 7)( 3,29,20,10,35,30,21,\n 19, 9)( 6,32,25,15,36,33,26,24,14)", "weight": 1}, {"from": "( 1, 4,11,13,23,31, 5,12,22)( 2, 7,16,18,28,34, 8,17,27)( 3, 9,19,21,30,35,10,\n 20,29)( 6,14,24,26,33,36,15,25,32)", "to": "( 1,23,22,13,12,11, 5, 4,31)( 2,28,27,18,17,16, 8, 7,34)( 3,30,29,21,20,19,10,\n 9,35)( 6,33,32,26,25,24,15,14,36)", "weight": 1}, {"from": "( 1, 4,11,13,23,31, 5,12,22)( 2, 7,16,18,28,34, 8,17,27)( 3, 9,19,21,30,35,10,\n 20,29)( 6,14,24,26,33,36,15,25,32)", "to": "( 1,29,12,10,31,30,13,19, 4, 3,22,20, 5,35,23,21,11, 9)( 2,32,17,15,34,33,18,\n 24, 7, 6,27,25, 8,36,28,26,16,14)", "weight": 1}, {"from": "( 1, 4,11,13,23,31, 5,12,22)( 2, 7,16,18,28,34, 8,17,27)( 3, 9,19,21,30,35,10,\n 20,29)( 6,14,24,26,33,36,15,25,32)", "to": "( 1,30,22,21,12,19, 5, 9,31, 3,23,29,13,20,11,10, 4,35)( 2,33,27,26,17,24, 8,\n 14,34, 6,28,32,18,25,16,15, 7,36)", "weight": 1}, {"from": "( 1, 4,11,13,23,31, 5,12,22)( 2, 7,16,18,28,34, 8,17,27)( 3, 9,19,21,30,35,10,\n 20,29)( 6,14,24,26,33,36,15,25,32)", "to": "( 1,31, 4, 5,11,12,13,22,23)( 2,34, 7, 8,16,17,18,27,28)( 3,35, 9,10,19,20,21,\n 29,30)( 6,36,14,15,24,25,26,32,33)", "weight": 1}, {"from": "( 1, 4,11,13,23,31, 5,12,22)( 2, 7,16,18,28,34, 8,17,27)( 3, 9,19,21,30,35,10,\n 20,29)( 6,14,24,26,33,36,15,25,32)", "to": "( 1,35, 4,10,11,20,13,29,23, 3,31, 9, 5,19,12,21,22,30)( 2,36, 7,15,16,25,18,\n 32,28, 6,34,14, 8,24,17,26,27,33)", "weight": 1}, {"from": "( 1, 5,13)( 2, 8,18)( 3,10,21)( 4,12,23)( 6,15,26)( 7,17,28)( 9,20,30)\n(11,22,31)(14,25,33)(16,27,34)(19,29,35)(24,32,36)", "to": "( 1, 9,11,21,23,35, 5,20,22, 3, 4,19,13,30,31,10,12,29)( 2,14,16,26,28,36, 8,\n 25,27, 6, 7,24,18,33,34,15,17,32)", "weight": 1}, {"from": "( 1, 5,13)( 2, 8,18)( 3,10,21)( 4,12,23)( 6,15,26)( 7,17,28)( 9,20,30)\n(11,22,31)(14,25,33)(16,27,34)(19,29,35)(24,32,36)", "to": "( 1,10,13, 3, 5,21)( 2,15,18, 6, 8,26)( 4,20,23, 9,12,30)( 7,25,28,14,17,33)\n(11,29,31,19,22,35)(16,32,34,24,27,36)", "weight": 1}, {"from": "( 1, 5,13)( 2, 8,18)( 3,10,21)( 4,12,23)( 6,15,26)( 7,17,28)( 9,20,30)\n(11,22,31)(14,25,33)(16,27,34)(19,29,35)(24,32,36)", "to": "( 1,11,23, 5,22, 4,13,31,12)( 2,16,28, 8,27, 7,18,34,17)( 3,19,30,10,29, 9,21,\n 35,20)( 6,24,33,15,32,14,26,36,25)", "weight": 1}, {"from": "( 1, 5,13)( 2, 8,18)( 3,10,21)( 4,12,23)( 6,15,26)( 7,17,28)( 9,20,30)\n(11,22,31)(14,25,33)(16,27,34)(19,29,35)(24,32,36)", "to": "( 1,12,31,13, 4,22, 5,23,11)( 2,17,34,18, 7,27, 8,28,16)( 3,20,35,21, 9,29,10,\n 30,19)( 6,25,36,26,14,32,15,33,24)", "weight": 1}, {"from": "( 1, 5,13)( 2, 8,18)( 3,10,21)( 4,12,23)( 6,15,26)( 7,17,28)( 9,20,30)\n(11,22,31)(14,25,33)(16,27,34)(19,29,35)(24,32,36)", "to": "( 1,13, 5)( 2,18, 8)( 3,21,10)( 4,23,12)( 6,26,15)( 7,28,17)( 9,30,20)\n(11,31,22)(14,33,25)(16,34,27)(19,35,29)(24,36,32)", "weight": 1}, {"from": "( 1, 5,13)( 2, 8,18)( 3,10,21)( 4,12,23)( 6,15,26)( 7,17,28)( 9,20,30)\n(11,22,31)(14,25,33)(16,27,34)(19,29,35)(24,32,36)", "to": "( 1,19,23,10,22, 9,13,35,12, 3,11,30, 5,29, 4,21,31,20)( 2,24,28,15,27,14,18,\n 36,17, 6,16,33, 8,32, 7,26,34,25)", "weight": 1}, {"from": "( 1, 5,13)( 2, 8,18)( 3,10,21)( 4,12,23)( 6,15,26)( 7,17,28)( 9,20,30)\n(11,22,31)(14,25,33)(16,27,34)(19,29,35)(24,32,36)", "to": "( 1,20,31,21, 4,29, 5,30,11, 3,12,35,13, 9,22,10,23,19)( 2,25,34,26, 7,32, 8,\n 33,16, 6,17,36,18,14,27,15,28,24)", "weight": 1}, {"from": "( 1, 5,13)( 2, 8,18)( 3,10,21)( 4,12,23)( 6,15,26)( 7,17,28)( 9,20,30)\n(11,22,31)(14,25,33)(16,27,34)(19,29,35)(24,32,36)", "to": "( 1,21, 5, 3,13,10)( 2,26, 8, 6,18,15)( 4,30,12, 9,23,20)( 7,33,17,14,28,25)\n(11,35,22,19,31,29)(16,36,27,24,34,32)", "weight": 1}, {"from": "( 1, 5,13)( 2, 8,18)( 3,10,21)( 4,12,23)( 6,15,26)( 7,17,28)( 9,20,30)\n(11,22,31)(14,25,33)(16,27,34)(19,29,35)(24,32,36)", "to": "( 1,22,12, 5,31,23,13,11, 4)( 2,27,17, 8,34,28,18,16, 7)( 3,29,20,10,35,30,21,\n 19, 9)( 6,32,25,15,36,33,26,24,14)", "weight": 1}, {"from": "( 1, 5,13)( 2, 8,18)( 3,10,21)( 4,12,23)( 6,15,26)( 7,17,28)( 9,20,30)\n(11,22,31)(14,25,33)(16,27,34)(19,29,35)(24,32,36)", "to": "( 1,23,22,13,12,11, 5, 4,31)( 2,28,27,18,17,16, 8, 7,34)( 3,30,29,21,20,19,10,\n 9,35)( 6,33,32,26,25,24,15,14,36)", "weight": 1}, {"from": "( 1, 5,13)( 2, 8,18)( 3,10,21)( 4,12,23)( 6,15,26)( 7,17,28)( 9,20,30)\n(11,22,31)(14,25,33)(16,27,34)(19,29,35)(24,32,36)", "to": "( 1,29,12,10,31,30,13,19, 4, 3,22,20, 5,35,23,21,11, 9)( 2,32,17,15,34,33,18,\n 24, 7, 6,27,25, 8,36,28,26,16,14)", "weight": 1}, {"from": "( 1, 5,13)( 2, 8,18)( 3,10,21)( 4,12,23)( 6,15,26)( 7,17,28)( 9,20,30)\n(11,22,31)(14,25,33)(16,27,34)(19,29,35)(24,32,36)", "to": "( 1,30,22,21,12,19, 5, 9,31, 3,23,29,13,20,11,10, 4,35)( 2,33,27,26,17,24, 8,\n 14,34, 6,28,32,18,25,16,15, 7,36)", "weight": 1}, {"from": "( 1, 5,13)( 2, 8,18)( 3,10,21)( 4,12,23)( 6,15,26)( 7,17,28)( 9,20,30)\n(11,22,31)(14,25,33)(16,27,34)(19,29,35)(24,32,36)", "to": "( 1,31, 4, 5,11,12,13,22,23)( 2,34, 7, 8,16,17,18,27,28)( 3,35, 9,10,19,20,21,\n 29,30)( 6,36,14,15,24,25,26,32,33)", "weight": 1}, {"from": "( 1, 5,13)( 2, 8,18)( 3,10,21)( 4,12,23)( 6,15,26)( 7,17,28)( 9,20,30)\n(11,22,31)(14,25,33)(16,27,34)(19,29,35)(24,32,36)", "to": "( 1,35, 4,10,11,20,13,29,23, 3,31, 9, 5,19,12,21,22,30)( 2,36, 7,15,16,25,18,\n 32,28, 6,34,14, 8,24,17,26,27,33)", "weight": 1}, {"from": "( 1, 7)( 2, 4)( 3,14)( 5,28)( 6, 9)( 8,23)(10,33)(11,27)(12,18)(13,17)(15,30)\n(16,22)(19,32)(20,26)(21,25)(24,29)(31,34)(35,36)", "to": "( 1,14)( 2, 9)( 3, 7)( 4, 6)( 5,33)( 8,30)(10,28)(11,32)(12,26)(13,25)(15,23)\n(16,29)(17,21)(18,20)(19,27)(22,24)(31,36)(34,35)", "weight": 1}, {"from": "( 1, 8)( 2, 5)( 3,15)( 4,34)( 6,10)( 7,31)( 9,36)(11,28)(12,27)(13,18)(14,35)\n(16,23)(17,22)(19,33)(20,32)(21,26)(24,30)(25,29)", "to": "( 1,15)( 2,10)( 3, 8)( 4,36)( 5, 6)( 7,35)( 9,34)(11,33)(12,32)(13,26)(14,31)\n(16,30)(17,29)(18,21)(19,28)(20,27)(22,25)(23,24)", "weight": 1}, {"from": "( 1, 9,11,21,23,35, 5,20,22, 3, 4,19,13,30,31,10,12,29)( 2,14,16,26,28,36, 8,\n 25,27, 6, 7,24,18,33,34,15,17,32)", "to": "( 1,10,13, 3, 5,21)( 2,15,18, 6, 8,26)( 4,20,23, 9,12,30)( 7,25,28,14,17,33)\n(11,29,31,19,22,35)(16,32,34,24,27,36)", "weight": 1}, {"from": "( 1, 9,11,21,23,35, 5,20,22, 3, 4,19,13,30,31,10,12,29)( 2,14,16,26,28,36, 8,\n 25,27, 6, 7,24,18,33,34,15,17,32)", "to": "( 1,11,23, 5,22, 4,13,31,12)( 2,16,28, 8,27, 7,18,34,17)( 3,19,30,10,29, 9,21,\n 35,20)( 6,24,33,15,32,14,26,36,25)", "weight": 1}, {"from": "( 1, 9,11,21,23,35, 5,20,22, 3, 4,19,13,30,31,10,12,29)( 2,14,16,26,28,36, 8,\n 25,27, 6, 7,24,18,33,34,15,17,32)", "to": "( 1,12,31,13, 4,22, 5,23,11)( 2,17,34,18, 7,27, 8,28,16)( 3,20,35,21, 9,29,10,\n 30,19)( 6,25,36,26,14,32,15,33,24)", "weight": 1}, {"from": "( 1, 9,11,21,23,35, 5,20,22, 3, 4,19,13,30,31,10,12,29)( 2,14,16,26,28,36, 8,\n 25,27, 6, 7,24,18,33,34,15,17,32)", "to": "( 1,13, 5)( 2,18, 8)( 3,21,10)( 4,23,12)( 6,26,15)( 7,28,17)( 9,30,20)\n(11,31,22)(14,33,25)(16,34,27)(19,35,29)(24,36,32)", "weight": 1}, {"from": "( 1, 9,11,21,23,35, 5,20,22, 3, 4,19,13,30,31,10,12,29)( 2,14,16,26,28,36, 8,\n 25,27, 6, 7,24,18,33,34,15,17,32)", "to": "( 1,19,23,10,22, 9,13,35,12, 3,11,30, 5,29, 4,21,31,20)( 2,24,28,15,27,14,18,\n 36,17, 6,16,33, 8,32, 7,26,34,25)", "weight": 1}, {"from": "( 1, 9,11,21,23,35, 5,20,22, 3, 4,19,13,30,31,10,12,29)( 2,14,16,26,28,36, 8,\n 25,27, 6, 7,24,18,33,34,15,17,32)", "to": "( 1,20,31,21, 4,29, 5,30,11, 3,12,35,13, 9,22,10,23,19)( 2,25,34,26, 7,32, 8,\n 33,16, 6,17,36,18,14,27,15,28,24)", "weight": 1}, {"from": "( 1, 9,11,21,23,35, 5,20,22, 3, 4,19,13,30,31,10,12,29)( 2,14,16,26,28,36, 8,\n 25,27, 6, 7,24,18,33,34,15,17,32)", "to": "( 1,21, 5, 3,13,10)( 2,26, 8, 6,18,15)( 4,30,12, 9,23,20)( 7,33,17,14,28,25)\n(11,35,22,19,31,29)(16,36,27,24,34,32)", "weight": 1}, {"from": "( 1, 9,11,21,23,35, 5,20,22, 3, 4,19,13,30,31,10,12,29)( 2,14,16,26,28,36, 8,\n 25,27, 6, 7,24,18,33,34,15,17,32)", "to": "( 1,22,12, 5,31,23,13,11, 4)( 2,27,17, 8,34,28,18,16, 7)( 3,29,20,10,35,30,21,\n 19, 9)( 6,32,25,15,36,33,26,24,14)", "weight": 1}, {"from": "( 1, 9,11,21,23,35, 5,20,22, 3, 4,19,13,30,31,10,12,29)( 2,14,16,26,28,36, 8,\n 25,27, 6, 7,24,18,33,34,15,17,32)", "to": "( 1,23,22,13,12,11, 5, 4,31)( 2,28,27,18,17,16, 8, 7,34)( 3,30,29,21,20,19,10,\n 9,35)( 6,33,32,26,25,24,15,14,36)", "weight": 1}, {"from": "( 1, 9,11,21,23,35, 5,20,22, 3, 4,19,13,30,31,10,12,29)( 2,14,16,26,28,36, 8,\n 25,27, 6, 7,24,18,33,34,15,17,32)", "to": "( 1,29,12,10,31,30,13,19, 4, 3,22,20, 5,35,23,21,11, 9)( 2,32,17,15,34,33,18,\n 24, 7, 6,27,25, 8,36,28,26,16,14)", "weight": 1}, {"from": "( 1, 9,11,21,23,35, 5,20,22, 3, 4,19,13,30,31,10,12,29)( 2,14,16,26,28,36, 8,\n 25,27, 6, 7,24,18,33,34,15,17,32)", "to": "( 1,30,22,21,12,19, 5, 9,31, 3,23,29,13,20,11,10, 4,35)( 2,33,27,26,17,24, 8,\n 14,34, 6,28,32,18,25,16,15, 7,36)", "weight": 1}, {"from": "( 1, 9,11,21,23,35, 5,20,22, 3, 4,19,13,30,31,10,12,29)( 2,14,16,26,28,36, 8,\n 25,27, 6, 7,24,18,33,34,15,17,32)", "to": "( 1,31, 4, 5,11,12,13,22,23)( 2,34, 7, 8,16,17,18,27,28)( 3,35, 9,10,19,20,21,\n 29,30)( 6,36,14,15,24,25,26,32,33)", "weight": 1}, {"from": "( 1, 9,11,21,23,35, 5,20,22, 3, 4,19,13,30,31,10,12,29)( 2,14,16,26,28,36, 8,\n 25,27, 6, 7,24,18,33,34,15,17,32)", "to": "( 1,35, 4,10,11,20,13,29,23, 3,31, 9, 5,19,12,21,22,30)( 2,36, 7,15,16,25,18,\n 32,28, 6,34,14, 8,24,17,26,27,33)", "weight": 1}, {"from": "( 1,10,13, 3, 5,21)( 2,15,18, 6, 8,26)( 4,20,23, 9,12,30)( 7,25,28,14,17,33)\n(11,29,31,19,22,35)(16,32,34,24,27,36)", "to": "( 1,11,23, 5,22, 4,13,31,12)( 2,16,28, 8,27, 7,18,34,17)( 3,19,30,10,29, 9,21,\n 35,20)( 6,24,33,15,32,14,26,36,25)", "weight": 1}, {"from": "( 1,10,13, 3, 5,21)( 2,15,18, 6, 8,26)( 4,20,23, 9,12,30)( 7,25,28,14,17,33)\n(11,29,31,19,22,35)(16,32,34,24,27,36)", "to": "( 1,12,31,13, 4,22, 5,23,11)( 2,17,34,18, 7,27, 8,28,16)( 3,20,35,21, 9,29,10,\n 30,19)( 6,25,36,26,14,32,15,33,24)", "weight": 1}, {"from": "( 1,10,13, 3, 5,21)( 2,15,