<html>
<head>
<link rel="stylesheet" href="https://cdnjs.cloudflare.com/ajax/libs/vis/4.16.1/vis.css" type="text/css" />
<script type="text/javascript" src="https://cdnjs.cloudflare.com/ajax/libs/vis/4.16.1/vis-network.min.js"> </script>
<center>
<h1></h1>
</center>

<!-- <link rel="stylesheet" href="../node_modules/vis/dist/vis.min.css" type="text/css" />
<script type="text/javascript" src="../node_modules/vis/dist/vis.js"> </script>-->

<style type="text/css">

        #mynetwork {
            width: 80%;
            height: 1000px;
            background-color: #ffffff;
            border: 1px solid lightgray;
            position: relative;
            float: left;
        }

        

        
        #config {
            float: left;
            width: 400px;
            height: 600px;
        }
        

        
</style>

</head>

<body>
<div id = "mynetwork"></div>


<div id = "config"></div>

<script type="text/javascript">

    // initialize global variables.
    var edges;
    var nodes;
    var network; 
    var container;
    var options, data;

    
    // This method is responsible for drawing the graph, returns the drawn network
    function drawGraph() {
        var container = document.getElementById('mynetwork');
        
        

        // parsing and collecting nodes and edges from the python
        nodes = new vis.DataSet([{"id": "()", "label": "()", "shape": "dot", "size": 10}, {"id": "( 1, 2, 5, 8)( 3,14,10, 6)( 4, 7,12,16)( 9,22,18,13)(11,15,20,24)(17,30,26,21)\n(19,23,28,32)(25,37,34,29)(27,31,35,38)(33,40,39,36)", "label": "( 1, 2, 5, 8)( 3,14,10, 6)( 4, 7,12,16)( 9,22,18,13)(11,15,20,24)(17,30,26,21)\n(19,23,28,32)(25,37,34,29)(27,31,35,38)(33,40,39,36)", "shape": "dot", "size": 10}, {"id": "( 1, 3, 5,10)( 2, 6, 8,14)( 4, 9,12,18)( 7,13,16,22)(11,17,20,26)(15,21,24,30)\n(19,25,28,34)(23,29,32,37)(27,33,35,39)(31,36,38,40)", "label": "( 1, 3, 5,10)( 2, 6, 8,14)( 4, 9,12,18)( 7,13,16,22)(11,17,20,26)(15,21,24,30)\n(19,25,28,34)(23,29,32,37)(27,33,35,39)(31,36,38,40)", "shape": "dot", "size": 10}, {"id": "( 1, 4,11,19,27)( 2, 7,15,23,31)( 3, 9,17,25,33)( 5,12,20,28,35)\n( 6,13,21,29,36)( 8,16,24,32,38)(10,18,26,34,39)(14,22,30,37,40)", "label": "( 1, 4,11,19,27)( 2, 7,15,23,31)( 3, 9,17,25,33)( 5,12,20,28,35)\n( 6,13,21,29,36)( 8,16,24,32,38)(10,18,26,34,39)(14,22,30,37,40)", "shape": "dot", "size": 10}, {"id": "( 1, 5)( 2, 8)( 3,10)( 4,12)( 6,14)( 7,16)( 9,18)(11,20)(13,22)(15,24)(17,26)\n(19,28)(21,30)(23,32)(25,34)(27,35)(29,37)(31,38)(33,39)(36,40)", "label": "( 1, 5)( 2, 8)( 3,10)( 4,12)( 6,14)( 7,16)( 9,18)(11,20)(13,22)(15,24)(17,26)\n(19,28)(21,30)(23,32)(25,34)(27,35)(29,37)(31,38)(33,39)(36,40)", "shape": "dot", "size": 10}, {"id": "( 1, 6, 5,14)( 2,10, 8, 3)( 4,13,12,22)( 7,18,16, 9)(11,21,20,30)(15,26,24,17)\n(19,29,28,37)(23,34,32,25)(27,36,35,40)(31,39,38,33)", "label": "( 1, 6, 5,14)( 2,10, 8, 3)( 4,13,12,22)( 7,18,16, 9)(11,21,20,30)(15,26,24,17)\n(19,29,28,37)(23,34,32,25)(27,36,35,40)(31,39,38,33)", "shape": "dot", "size": 10}, {"id": "( 1, 7,20,32,27, 2,12,24,19,31, 5,16,11,23,35, 8, 4,15,28,38)( 3,22,26,29,33,\n 14,18,21,25,40,10,13,17,37,39, 6, 9,30,34,36)", "label": "( 1, 7,20,32,27, 2,12,24,19,31, 5,16,11,23,35, 8, 4,15,28,38)( 3,22,26,29,33,\n 14,18,21,25,40,10,13,17,37,39, 6, 9,30,34,36)", "shape": "dot", "size": 10}, {"id": "( 1, 8, 5, 2)( 3, 6,10,14)( 4,16,12, 7)( 9,13,18,22)(11,24,20,15)(17,21,26,30)\n(19,32,28,23)(25,29,34,37)(27,38,35,31)(33,36,39,40)", "label": "( 1, 8, 5, 2)( 3, 6,10,14)( 4,16,12, 7)( 9,13,18,22)(11,24,20,15)(17,21,26,30)\n(19,32,28,23)(25,29,34,37)(27,38,35,31)(33,36,39,40)", "shape": "dot", "size": 10}, {"id": "( 1, 9,20,34,27, 3,12,26,19,33, 5,18,11,25,35,10, 4,17,28,39)( 2,13,24,37,31,\n  6,16,30,23,36, 8,22,15,29,38,14, 7,21,32,40)", "label": "( 1, 9,20,34,27, 3,12,26,19,33, 5,18,11,25,35,10, 4,17,28,39)( 2,13,24,37,31,\n  6,16,30,23,36, 8,22,15,29,38,14, 7,21,32,40)", "shape": "dot", "size": 10}, {"id": "( 1,10, 5, 3)( 2,14, 8, 6)( 4,18,12, 9)( 7,22,16,13)(11,26,20,17)(15,30,24,21)\n(19,34,28,25)(23,37,32,29)(27,39,35,33)(31,40,38,36)", "label": "( 1,10, 5, 3)( 2,14, 8, 6)( 4,18,12, 9)( 7,22,16,13)(11,26,20,17)(15,30,24,21)\n(19,34,28,25)(23,37,32,29)(27,39,35,33)(31,40,38,36)", "shape": "dot", "size": 10}, {"id": "( 1,11,27, 4,19)( 2,15,31, 7,23)( 3,17,33, 9,25)( 5,20,35,12,28)\n( 6,21,36,13,29)( 8,24,38,16,32)(10,26,39,18,34)(14,30,40,22,37)", "label": "( 1,11,27, 4,19)( 2,15,31, 7,23)( 3,17,33, 9,25)( 5,20,35,12,28)\n( 6,21,36,13,29)( 8,24,38,16,32)(10,26,39,18,34)(14,30,40,22,37)", "shape": "dot", "size": 10}, {"id": "( 1,12,11,28,27, 5, 4,20,19,35)( 2,16,15,32,31, 8, 7,24,23,38)( 3,18,17,34,33,\n 10, 9,26,25,39)( 6,22,21,37,36,14,13,30,29,40)", "label": "( 1,12,11,28,27, 5, 4,20,19,35)( 2,16,15,32,31, 8, 7,24,23,38)( 3,18,17,34,33,\n 10, 9,26,25,39)( 6,22,21,37,36,14,13,30,29,40)", "shape": "dot", "size": 10}, {"id": "( 1,13,20,37,27, 6,12,30,19,36, 5,22,11,29,35,14, 4,21,28,40)( 2,18,24,25,31,\n 10,16,17,23,39, 8, 9,15,34,38, 3, 7,26,32,33)", "label": "( 1,13,20,37,27, 6,12,30,19,36, 5,22,11,29,35,14, 4,21,28,40)( 2,18,24,25,31,\n 10,16,17,23,39, 8, 9,15,34,38, 3, 7,26,32,33)", "shape": "dot", "size": 10}, {"id": "( 1,14, 5, 6)( 2, 3, 8,10)( 4,22,12,13)( 7, 9,16,18)(11,30,20,21)(15,17,24,26)\n(19,37,28,29)(23,25,32,34)(27,40,35,36)(31,33,38,39)", "label": "( 1,14, 5, 6)( 2, 3, 8,10)( 4,22,12,13)( 7, 9,16,18)(11,30,20,21)(15,17,24,26)\n(19,37,28,29)(23,25,32,34)(27,40,35,36)(31,33,38,39)", "shape": "dot", "size": 10}, {"id": "( 1,15,35,16,19, 2,20,38, 4,23, 5,24,27, 7,28, 8,11,31,12,32)( 3,30,39,13,25,\n 14,26,36, 9,37,10,21,33,22,34, 6,17,40,18,29)", "label": "( 1,15,35,16,19, 2,20,38, 4,23, 5,24,27, 7,28, 8,11,31,12,32)( 3,30,39,13,25,\n 14,26,36, 9,37,10,21,33,22,34, 6,17,40,18,29)", "shape": "dot", "size": 10}, {"id": "( 1,16,20,23,27, 8,12,15,19,38, 5, 7,11,32,35, 2, 4,24,28,31)( 3,13,26,37,33,\n  6,18,30,25,36,10,22,17,29,39,14, 9,21,34,40)", "label": "( 1,16,20,23,27, 8,12,15,19,38, 5, 7,11,32,35, 2, 4,24,28,31)( 3,13,26,37,33,\n  6,18,30,25,36,10,22,17,29,39,14, 9,21,34,40)", "shape": "dot", "size": 10}, {"id": "( 1,17,35,18,19, 3,20,39, 4,25, 5,26,27, 9,28,10,11,33,12,34)( 2,21,38,22,23,\n  6,24,40, 7,29, 8,30,31,13,32,14,15,36,16,37)", "label": "( 1,17,35,18,19, 3,20,39, 4,25, 5,26,27, 9,28,10,11,33,12,34)( 2,21,38,22,23,\n  6,24,40, 7,29, 8,30,31,13,32,14,15,36,16,37)", "shape": "dot", "size": 10}, {"id": "( 1,18,20,25,27,10,12,17,19,39, 5, 9,11,34,35, 3, 4,26,28,33)( 2,22,24,29,31,\n 14,16,21,23,40, 8,13,15,37,38, 6, 7,30,32,36)", "label": "( 1,18,20,25,27,10,12,17,19,39, 5, 9,11,34,35, 3, 4,26,28,33)( 2,22,24,29,31,\n 14,16,21,23,40, 8,13,15,37,38, 6, 7,30,32,36)", "shape": "dot", "size": 10}, {"id": "( 1,19, 4,27,11)( 2,23, 7,31,15)( 3,25, 9,33,17)( 5,28,12,35,20)\n( 6,29,13,36,21)( 8,32,16,38,24)(10,34,18,39,26)(14,37,22,40,30)", "label": "( 1,19, 4,27,11)( 2,23, 7,31,15)( 3,25, 9,33,17)( 5,28,12,35,20)\n( 6,29,13,36,21)( 8,32,16,38,24)(10,34,18,39,26)(14,37,22,40,30)", "shape": "dot", "size": 10}, {"id": "( 1,20,27,12,19, 5,11,35, 4,28)( 2,24,31,16,23, 8,15,38, 7,32)( 3,26,33,18,25,\n 10,17,39, 9,34)( 6,30,36,22,29,14,21,40,13,37)", "label": "( 1,20,27,12,19, 5,11,35, 4,28)( 2,24,31,16,23, 8,15,38, 7,32)( 3,26,33,18,25,\n 10,17,39, 9,34)( 6,30,36,22,29,14,21,40,13,37)", "shape": "dot", "size": 10}, {"id": "( 1,21,35,22,19, 6,20,40, 4,29, 5,30,27,13,28,14,11,36,12,37)( 2,26,38, 9,23,\n 10,24,33, 7,34, 8,17,31,18,32, 3,15,39,16,25)", "label": "( 1,21,35,22,19, 6,20,40, 4,29, 5,30,27,13,28,14,11,36,12,37)( 2,26,38, 9,23,\n 10,24,33, 7,34, 8,17,31,18,32, 3,15,39,16,25)", "shape": "dot", "size": 10}, {"id": "( 1,22,20,29,27,14,12,21,19,40, 5,13,11,37,35, 6, 4,30,28,36)( 2, 9,24,34,31,\n  3,16,26,23,33, 8,18,15,25,38,10, 7,17,32,39)", "label": "( 1,22,20,29,27,14,12,21,19,40, 5,13,11,37,35, 6, 4,30,28,36)( 2, 9,24,34,31,\n  3,16,26,23,33, 8,18,15,25,38,10, 7,17,32,39)", "shape": "dot", "size": 10}, {"id": "( 1,23,12,38,11, 2,28,16,27,15, 5,32, 4,31,20, 8,19, 7,35,24)( 3,37,18,36,17,\n 14,34,13,33,30,10,29, 9,40,26, 6,25,22,39,21)", "label": "( 1,23,12,38,11, 2,28,16,27,15, 5,32, 4,31,20, 8,19, 7,35,24)( 3,37,18,36,17,\n 14,34,13,33,30,10,29, 9,40,26, 6,25,22,39,21)", "shape": "dot", "size": 10}, {"id": "( 1,24,35, 7,19, 8,20,31, 4,32, 5,15,27,16,28, 2,11,38,12,23)( 3,21,39,22,25,\n  6,26,40, 9,29,10,30,33,13,34,14,17,36,18,37)", "label": "( 1,24,35, 7,19, 8,20,31, 4,32, 5,15,27,16,28, 2,11,38,12,23)( 3,21,39,22,25,\n  6,26,40, 9,29,10,30,33,13,34,14,17,36,18,37)", "shape": "dot", "size": 10}, {"id": "( 1,25,12,39,11, 3,28,18,27,17, 5,34, 4,33,20,10,19, 9,35,26)( 2,29,16,40,15,\n  6,32,22,31,21, 8,37, 7,36,24,14,23,13,38,30)", "label": "( 1,25,12,39,11, 3,28,18,27,17, 5,34, 4,33,20,10,19, 9,35,26)( 2,29,16,40,15,\n  6,32,22,31,21, 8,37, 7,36,24,14,23,13,38,30)", "shape": "dot", "size": 10}, {"id": "( 1,26,35, 9,19,10,20,33, 4,34, 5,17,27,18,28, 3,11,39,12,25)( 2,30,38,13,23,\n 14,24,36, 7,37, 8,21,31,22,32, 6,15,40,16,29)", "label": "( 1,26,35, 9,19,10,20,33, 4,34, 5,17,27,18,28, 3,11,39,12,25)( 2,30,38,13,23,\n 14,24,36, 7,37, 8,21,31,22,32, 6,15,40,16,29)", "shape": "dot", "size": 10}, {"id": "( 1,27,19,11, 4)( 2,31,23,15, 7)( 3,33,25,17, 9)( 5,35,28,20,12)\n( 6,36,29,21,13)( 8,38,32,24,16)(10,39,34,26,18)(14,40,37,30,22)", "label": "( 1,27,19,11, 4)( 2,31,23,15, 7)( 3,33,25,17, 9)( 5,35,28,20,12)\n( 6,36,29,21,13)( 8,38,32,24,16)(10,39,34,26,18)(14,40,37,30,22)", "shape": "dot", "size": 10}, {"id": "( 1,28, 4,35,11, 5,19,12,27,20)( 2,32, 7,38,15, 8,23,16,31,24)( 3,34, 9,39,17,\n 10,25,18,33,26)( 6,37,13,40,21,14,29,22,36,30)", "label": "( 1,28, 4,35,11, 5,19,12,27,20)( 2,32, 7,38,15, 8,23,16,31,24)( 3,34, 9,39,17,\n 10,25,18,33,26)( 6,37,13,40,21,14,29,22,36,30)", "shape": "dot", "size": 10}, {"id": "( 1,29,12,40,11, 6,28,22,27,21, 5,37, 4,36,20,14,19,13,35,30)( 2,34,16,33,15,\n 10,32, 9,31,26, 8,25, 7,39,24, 3,23,18,38,17)", "label": "( 1,29,12,40,11, 6,28,22,27,21, 5,37, 4,36,20,14,19,13,35,30)( 2,34,16,33,15,\n 10,32, 9,31,26, 8,25, 7,39,24, 3,23,18,38,17)", "shape": "dot", "size": 10}, {"id": "( 1,30,35,13,19,14,20,36, 4,37, 5,21,27,22,28, 6,11,40,12,29)( 2,17,38,18,23,\n  3,24,39, 7,25, 8,26,31, 9,32,10,15,33,16,34)", "label": "( 1,30,35,13,19,14,20,36, 4,37, 5,21,27,22,28, 6,11,40,12,29)( 2,17,38,18,23,\n  3,24,39, 7,25, 8,26,31, 9,32,10,15,33,16,34)", "shape": "dot", "size": 10}, {"id": "( 1,31,28,24, 4, 2,35,32,11, 7, 5,38,19,15,12, 8,27,23,20,16)( 3,40,34,21, 9,\n 14,39,29,17,22,10,36,25,30,18, 6,33,37,26,13)", "label": "( 1,31,28,24, 4, 2,35,32,11, 7, 5,38,19,15,12, 8,27,23,20,16)( 3,40,34,21, 9,\n 14,39,29,17,22,10,36,25,30,18, 6,33,37,26,13)", "shape": "dot", "size": 10}, {"id": "( 1,32,12,31,11, 8,28, 7,27,24, 5,23, 4,38,20, 2,19,16,35,15)( 3,29,18,40,17,\n  6,34,22,33,21,10,37, 9,36,26,14,25,13,39,30)", "label": "( 1,32,12,31,11, 8,28, 7,27,24, 5,23, 4,38,20, 2,19,16,35,15)( 3,29,18,40,17,\n  6,34,22,33,21,10,37, 9,36,26,14,25,13,39,30)", "shape": "dot", "size": 10}, {"id": "( 1,33,28,26, 4, 3,35,34,11, 9, 5,39,19,17,12,10,27,25,20,18)( 2,36,32,30, 7,\n  6,38,37,15,13, 8,40,23,21,16,14,31,29,24,22)", "label": "( 1,33,28,26, 4, 3,35,34,11, 9, 5,39,19,17,12,10,27,25,20,18)( 2,36,32,30, 7,\n  6,38,37,15,13, 8,40,23,21,16,14,31,29,24,22)", "shape": "dot", "size": 10}, {"id": "( 1,34,12,33,11,10,28, 9,27,26, 5,25, 4,39,20, 3,19,18,35,17)( 2,37,16,36,15,\n 14,32,13,31,30, 8,29, 7,40,24, 6,23,22,38,21)", "label": "( 1,34,12,33,11,10,28, 9,27,26, 5,25, 4,39,20, 3,19,18,35,17)( 2,37,16,36,15,\n 14,32,13,31,30, 8,29, 7,40,24, 6,23,22,38,21)", "shape": "dot", "size": 10}, {"id": "( 1,35,19,20, 4, 5,27,28,11,12)( 2,38,23,24, 7, 8,31,32,15,16)( 3,39,25,26, 9,\n 10,33,34,17,18)( 6,40,29,30,13,14,36,37,21,22)", "label": "( 1,35,19,20, 4, 5,27,28,11,12)( 2,38,23,24, 7, 8,31,32,15,16)( 3,39,25,26, 9,\n 10,33,34,17,18)( 6,40,29,30,13,14,36,37,21,22)", "shape": "dot", "size": 10}, {"id": "( 1,36,28,30, 4, 6,35,37,11,13, 5,40,19,21,12,14,27,29,20,22)( 2,39,32,17, 7,\n 10,38,25,15,18, 8,33,23,26,16, 3,31,34,24, 9)", "label": "( 1,36,28,30, 4, 6,35,37,11,13, 5,40,19,21,12,14,27,29,20,22)( 2,39,32,17, 7,\n 10,38,25,15,18, 8,33,23,26,16, 3,31,34,24, 9)", "shape": "dot", "size": 10}, {"id": "( 1,37,12,36,11,14,28,13,27,30, 5,29, 4,40,20, 6,19,22,35,21)( 2,25,16,39,15,\n  3,32,18,31,17, 8,34, 7,33,24,10,23, 9,38,26)", "label": "( 1,37,12,36,11,14,28,13,27,30, 5,29, 4,40,20, 6,19,22,35,21)( 2,25,16,39,15,\n  3,32,18,31,17, 8,34, 7,33,24,10,23, 9,38,26)", "shape": "dot", "size": 10}, {"id": "( 1,38,28,15, 4, 8,35,23,11,16, 5,31,19,24,12, 2,27,32,20, 7)( 3,36,34,30, 9,\n  6,39,37,17,13,10,40,25,21,18,14,33,29,26,22)", "label": "( 1,38,28,15, 4, 8,35,23,11,16, 5,31,19,24,12, 2,27,32,20, 7)( 3,36,34,30, 9,\n  6,39,37,17,13,10,40,25,21,18,14,33,29,26,22)", "shape": "dot", "size": 10}, {"id": "( 1,39,28,17, 4,10,35,25,11,18, 5,33,19,26,12, 3,27,34,20, 9)( 2,40,32,21, 7,\n 14,38,29,15,22, 8,36,23,30,16, 6,31,37,24,13)", "label": "( 1,39,28,17, 4,10,35,25,11,18, 5,33,19,26,12, 3,27,34,20, 9)( 2,40,32,21, 7,\n 14,38,29,15,22, 8,36,23,30,16, 6,31,37,24,13)", "shape": "dot", "size": 10}, {"id": "( 1,40,28,21, 4,14,35,29,11,22, 5,36,19,30,12, 6,27,37,20,13)( 2,33,32,26, 7,\n  3,38,34,15, 9, 8,39,23,17,16,10,31,25,24,18)", "label": "( 1,40,28,21, 4,14,35,29,11,22, 5,36,19,30,12, 6,27,37,20,13)( 2,33,32,26, 7,\n  3,38,34,15, 9, 8,39,23,17,16,10,31,25,24,18)", "shape": "dot", "size": 10}]);
        edges = new vis.DataSet([{"from": "()", "to": "( 1, 2, 5, 8)( 3,14,10, 6)( 4, 7,12,16)( 9,22,18,13)(11,15,20,24)(17,30,26,21)\n(19,23,28,32)(25,37,34,29)(27,31,35,38)(33,40,39,36)", "weight": 1}, {"from": "()", "to": "( 1, 3, 5,10)( 2, 6, 8,14)( 4, 9,12,18)( 7,13,16,22)(11,17,20,26)(15,21,24,30)\n(19,25,28,34)(23,29,32,37)(27,33,35,39)(31,36,38,40)", "weight": 1}, {"from": "()", "to": "( 1, 4,11,19,27)( 2, 7,15,23,31)( 3, 9,17,25,33)( 5,12,20,28,35)\n( 6,13,21,29,36)( 8,16,24,32,38)(10,18,26,34,39)(14,22,30,37,40)", "weight": 1}, {"from": "()", "to": "( 1, 5)( 2, 8)( 3,10)( 4,12)( 6,14)( 7,16)( 9,18)(11,20)(13,22)(15,24)(17,26)\n(19,28)(21,30)(23,32)(25,34)(27,35)(29,37)(31,38)(33,39)(36,40)", "weight": 1}, {"from": "()", "to": "( 1, 6, 5,14)( 2,10, 8, 3)( 4,13,12,22)( 7,18,16, 9)(11,21,20,30)(15,26,24,17)\n(19,29,28,37)(23,34,32,25)(27,36,35,40)(31,39,38,33)", "weight": 1}, {"from": "()", "to": "( 1, 7,20,32,27, 2,12,24,19,31, 5,16,11,23,35, 8, 4,15,28,38)( 3,22,26,29,33,\n 14,18,21,25,40,10,13,17,37,39, 6, 9,30,34,36)", "weight": 1}, {"from": "()", "to": "( 1, 8, 5, 2)( 3, 6,10,14)( 4,16,12, 7)( 9,13,18,22)(11,24,20,15)(17,21,26,30)\n(19,32,28,23)(25,29,34,37)(27,38,35,31)(33,36,39,40)", "weight": 1}, {"from": "()", "to": "( 1, 9,20,34,27, 3,12,26,19,33, 5,18,11,25,35,10, 4,17,28,39)( 2,13,24,37,31,\n  6,16,30,23,36, 8,22,15,29,38,14, 7,21,32,40)", "weight": 1}, {"from": "()", "to": "( 1,10, 5, 3)( 2,14, 8, 6)( 4,18,12, 9)( 7,22,16,13)(11,26,20,17)(15,30,24,21)\n(19,34,28,25)(23,37,32,29)(27,39,35,33)(31,40,38,36)", "weight": 1}, {"from": "()", "to": "( 1,11,27, 4,19)( 2,15,31, 7,23)( 3,17,33, 9,25)( 5,20,35,12,28)\n( 6,21,36,13,29)( 8,24,38,16,32)(10,26,39,18,34)(14,30,40,22,37)", "weight": 1}, {"from": "()", "to": "( 1,12,11,28,27, 5, 4,20,19,35)( 2,16,15,32,31, 8, 7,24,23,38)( 3,18,17,34,33,\n 10, 9,26,25,39)( 6,22,21,37,36,14,13,30,29,40)", "weight": 1}, {"from": "()", "to": "( 1,13,20,37,27, 6,12,30,19,36, 5,22,11,29,35,14, 4,21,28,40)( 2,18,24,25,31,\n 10,16,17,23,39, 8, 9,15,34,38, 3, 7,26,32,33)", "weight": 1}, {"from": "()", "to": "( 1,14, 5, 6)( 2, 3, 8,10)( 4,22,12,13)( 7, 9,16,18)(11,30,20,21)(15,17,24,26)\n(19,37,28,29)(23,25,32,34)(27,40,35,36)(31,33,38,39)", "weight": 1}, {"from": "()", "to": "( 1,15,35,16,19, 2,20,38, 4,23, 5,24,27, 7,28, 8,11,31,12,32)( 3,30,39,13,25,\n 14,26,36, 9,37,10,21,33,22,34, 6,17,40,18,29)", "weight": 1}, {"from": "()", "to": "( 1,16,20,23,27, 8,12,15,19,38, 5, 7,11,32,35, 2, 4,24,28,31)( 3,13,26,37,33,\n  6,18,30,25,36,10,22,17,29,39,14, 9,21,34,40)", "weight": 1}, {"from": "()", "to": "( 1,17,35,18,19, 3,20,39, 4,25, 5,26,27, 9,28,10,11,33,12,34)( 2,21,38,22,23,\n  6,24,40, 7,29, 8,30,31,13,32,14,15,36,16,37)", "weight": 1}, {"from": "()", "to": "( 1,18,20,25,27,10,12,17,19,39, 5, 9,11,34,35, 3, 4,26,28,33)( 2,22,24,29,31,\n 14,16,21,23,40, 8,13,15,37,38, 6, 7,30,32,36)", "weight": 1}, {"from": "()", "to": "( 1,19, 4,27,11)( 2,23, 7,31,15)( 3,25, 9,33,17)( 5,28,12,35,20)\n( 6,29,13,36,21)( 8,32,16,38,24)(10,34,18,39,26)(14,37,22,40,30)", "weight": 1}, {"from": "()", "to": "( 1,20,27,12,19, 5,11,35, 4,28)( 2,24,31,16,23, 8,15,38, 7,32)( 3,26,33,18,25,\n 10,17,39, 9,34)( 6,30,36,22,29,14,21,40,13,37)", "weight": 1}, {"from": "()", "to": "( 1,21,35,22,19, 6,20,40, 4,29, 5,30,27,13,28,14,11,36,12,37)( 2,26,38, 9,23,\n 10,24,33, 7,34, 8,17,31,18,32, 3,15,39,16,25)", "weight": 1}, {"from": "()", "to": "( 1,22,20,29,27,14,12,21,19,40, 5,13,11,37,35, 6, 4,30,28,36)( 2, 9,24,34,31,\n  3,16,26,23,33, 8,18,15,25,38,10, 7,17,32,39)", "weight": 1}, {"from": "()", "to": "( 1,23,12,38,11, 2,28,16,27,15, 5,32, 4,31,20, 8,19, 7,35,24)( 3,37,18,36,17,\n 14,34,13,33,30,10,29, 9,40,26, 6,25,22,39,21)", "weight": 1}, {"from": "()", "to": "( 1,24,35, 7,19, 8,20,31, 4,32, 5,15,27,16,28, 2,11,38,12,23)( 3,21,39,22,25,\n  6,26,40, 9,29,10,30,33,13,34,14,17,36,18,37)", "weight": 1}, {"from": "()", "to": "( 1,25,12,39,11, 3,28,18,27,17, 5,34, 4,33,20,10,19, 9,35,26)( 2,29,16,40,15,\n  6,32,22,31,21, 8,37, 7,36,24,14,23,13,38,30)", "weight": 1}, {"from": "()", "to": "( 1,26,35, 9,19,10,20,33, 4,34, 5,17,27,18,28, 3,11,39,12,25)( 2,30,38,13,23,\n 14,24,36, 7,37, 8,21,31,22,32, 6,15,40,16,29)", "weight": 1}, {"from": "()", "to": "( 1,27,19,11, 4)( 2,31,23,15, 7)( 3,33,25,17, 9)( 5,35,28,20,12)\n( 6,36,29,21,13)( 8,38,32,24,16)(10,39,34,26,18)(14,40,37,30,22)", "weight": 1}, {"from": "()", "to": "( 1,28, 4,35,11, 5,19,12,27,20)( 2,32, 7,38,15, 8,23,16,31,24)( 3,34, 9,39,17,\n 10,25,18,33,26)( 6,37,13,40,21,14,29,22,36,30)", "weight": 1}, {"from": "()", "to": "( 1,29,12,40,11, 6,28,22,27,21, 5,37, 4,36,20,14,19,13,35,30)( 2,34,16,33,15,\n 10,32, 9,31,26, 8,25, 7,39,24, 3,23,18,38,17)", "weight": 1}, {"from": "()", "to": "( 1,30,35,13,19,14,20,36, 4,37, 5,21,27,22,28, 6,11,40,12,29)( 2,17,38,18,23,\n  3,24,39, 7,25, 8,26,31, 9,32,10,15,33,16,34)", "weight": 1}, {"from": "()", "to": "( 1,31,28,24, 4, 2,35,32,11, 7, 5,38,19,15,12, 8,27,23,20,16)( 3,40,34,21, 9,\n 14,39,29,17,22,10,36,25,30,18, 6,33,37,26,13)", "weight": 1}, {"from": "()", "to": "( 1,32,12,31,11, 8,28, 7,27,24, 5,23, 4,38,20, 2,19,16,35,15)( 3,29,18,40,17,\n  6,34,22,33,21,10,37, 9,36,26,14,25,13,39,30)", "weight": 1}, {"from": "()", "to": "( 1,33,28,26, 4, 3,35,34,11, 9, 5,39,19,17,12,10,27,25,20,18)( 2,36,32,30, 7,\n  6,38,37,15,13, 8,40,23,21,16,14,31,29,24,22)", "weight": 1}, {"from": "()", "to": "( 1,34,12,33,11,10,28, 9,27,26, 5,25, 4,39,20, 3,19,18,35,17)( 2,37,16,36,15,\n 14,32,13,31,30, 8,29, 7,40,24, 6,23,22,38,21)", "weight": 1}, {"from": "()", "to": "( 1,35,19,20, 4, 5,27,28,11,12)( 2,38,23,24, 7, 8,31,32,15,16)( 3,39,25,26, 9,\n 10,33,34,17,18)( 6,40,29,30,13,14,36,37,21,22)", "weight": 1}, {"from": "()", "to": "( 1,36,28,30, 4, 6,35,37,11,13, 5,40,19,21,12,14,27,29,20,22)( 2,39,32,17, 7,\n 10,38,25,15,18, 8,33,23,26,16, 3,31,34,24, 9)", "weight": 1}, {"from": "()", "to": "( 1,37,12,36,11,14,28,13,27,30, 5,29, 4,40,20, 6,19,22,35,21)( 2,25,16,39,15,\n  3,32,18,31,17, 8,34, 7,33,24,10,23, 9,38,26)", "weight": 1}, {"from": "()", "to": "( 1,38,28,15, 4, 8,35,23,11,16, 5,31,19,24,12, 2,27,32,20, 7)( 3,36,34,30, 9,\n  6,39,37,17,13,10,40,25,21,18,14,33,29,26,22)", "weight": 1}, {"from": "()", "to": "( 1,39,28,17, 4,10,35,25,11,18, 5,33,19,26,12, 3,27,34,20, 9)( 2,40,32,21, 7,\n 14,38,29,15,22, 8,36,23,30,16, 6,31,37,24,13)", "weight": 1}, {"from": "()", "to": "( 1,40,28,21, 4,14,35,29,11,22, 5,36,19,30,12, 6,27,37,20,13)( 2,33,32,26, 7,\n  3,38,34,15, 9, 8,39,23,17,16,10,31,25,24,18)", "weight": 1}, {"from": "( 1, 2, 5, 8)( 3,14,10, 6)( 4, 7,12,16)( 9,22,18,13)(11,15,20,24)(17,30,26,21)\n(19,23,28,32)(25,37,34,29)(27,31,35,38)(33,40,39,36)", "to": "( 1, 4,11,19,27)( 2, 7,15,23,31)( 3, 9,17,25,33)( 5,12,20,28,35)\n( 6,13,21,29,36)( 8,16,24,32,38)(10,18,26,34,39)(14,22,30,37,40)", "weight": 1}, {"from": "( 1, 2, 5, 8)( 3,14,10, 6)( 4, 7,12,16)( 9,22,18,13)(11,15,20,24)(17,30,26,21)\n(19,23,28,32)(25,37,34,29)(27,31,35,38)(33,40,39,36)", "to": "( 1, 5)( 2, 8)( 3,10)( 4,12)( 6,14)( 7,16)( 9,18)(11,20)(13,22)(15,24)(17,26)\n(19,28)(21,30)(23,32)(25,34)(27,35)(29,37)(31,38)(33,39)(36,40)", "weight": 1}, {"from": "( 1, 2, 5, 8)( 3,14,10, 6)( 4, 7,12,16)( 9,22,18,13)(11,15,20,24)(17,30,26,21)\n(19,23,28,32)(25,37,34,29)(27,31,35,38)(33,40,39,36)", "to": "( 1, 7,20,32,27, 2,12,24,19,31, 5,16,11,23,35, 8, 4,15,28,38)( 3,22,26,29,33,\n 14,18,21,25,40,10,13,17,37,39, 6, 9,30,34,36)", "weight": 1}, {"from": "( 1, 2, 5, 8)( 3,14,10, 6)( 4, 7,12,16)( 9,22,18,13)(11,15,20,24)(17,30,26,21)\n(19,23,28,32)(25,37,34,29)(27,31,35,38)(33,40,39,36)", "to": "( 1, 8, 5, 2)( 3, 6,10,14)( 4,16,12, 7)( 9,13,18,22)(11,24,20,15)(17,21,26,30)\n(19,32,28,23)(25,29,34,37)(27,38,35,31)(33,36,39,40)", "weight": 1}, {"from": "( 1, 2, 5, 8)( 3,14,10, 6)( 4, 7,12,16)( 9,22,18,13)(11,15,20,24)(17,30,26,21)\n(19,23,28,32)(25,37,34,29)(27,31,35,38)(33,40,39,36)", "to": "( 1,11,27, 4,19)( 2,15,31, 7,23)( 3,17,33, 9,25)( 5,20,35,12,28)\n( 6,21,36,13,29)( 8,24,38,16,32)(10,26,39,18,34)(14,30,40,22,37)", "weight": 1}, {"from": "( 1, 2, 5, 8)( 3,14,10, 6)( 4, 7,12,16)( 9,22,18,13)(11,15,20,24)(17,30,26,21)\n(19,23,28,32)(25,37,34,29)(27,31,35,38)(33,40,39,36)", "to": "( 1,12,11,28,27, 5, 4,20,19,35)( 2,16,15,32,31, 8, 7,24,23,38)( 3,18,17,34,33,\n 10, 9,26,25,39)( 6,22,21,37,36,14,13,30,29,40)", "weight": 1}, {"from": "( 1, 2, 5, 8)( 3,14,10, 6)( 4, 7,12,16)( 9,22,18,13)(11,15,20,24)(17,30,26,21)\n(19,23,28,32)(25,37,34,29)(27,31,35,38)(33,40,39,36)", "to": "( 1,15,35,16,19, 2,20,38, 4,23, 5,24,27, 7,28, 8,11,31,12,32)( 3,30,39,13,25,\n 14,26,36, 9,37,10,21,33,22,34, 6,17,40,18,29)", "weight": 1}, {"from": "( 1, 2, 5, 8)( 3,14,10, 6)( 4, 7,12,16)( 9,22,18,13)(11,15,20,24)(17,30,26,21)\n(19,23,28,32)(25,37,34,29)(27,31,35,38)(33,40,39,36)", "to": "( 1,16,20,23,27, 8,12,15,19,38, 5, 7,11,32,35, 2, 4,24,28,31)( 3,13,26,37,33,\n  6,18,30,25,36,10,22,17,29,39,14, 9,21,34,40)", "weight": 1}, {"from": "( 1, 2, 5, 8)( 3,14,10, 6)( 4, 7,12,16)( 9,22,18,13)(11,15,20,24)(17,30,26,21)\n(19,23,28,32)(25,37,34,29)(27,31,35,38)(33,40,39,36)", "to": "( 1,19, 4,27,11)( 2,23, 7,31,15)( 3,25, 9,33,17)( 5,28,12,35,20)\n( 6,29,13,36,21)( 8,32,16,38,24)(10,34,18,39,26)(14,37,22,40,30)", "weight": 1}, {"from": "( 1, 2, 5, 8)( 3,14,10, 6)( 4, 7,12,16)( 9,22,18,13)(11,15,20,24)(17,30,26,21)\n(19,23,28,32)(25,37,34,29)(27,31,35,38)(33,40,39,36)", "to": "( 1,20,27,12,19, 5,11,35, 4,28)( 2,24,31,16,23, 8,15,38, 7,32)( 3,26,33,18,25,\n 10,17,39, 9,34)( 6,30,36,22,29,14,21,40,13,37)", "weight": 1}, {"from": "( 1, 2, 5, 8)( 3,14,10, 6)( 4, 7,12,16)( 9,22,18,13)(11,15,20,24)(17,30,26,21)\n(19,23,28,32)(25,37,34,29)(27,31,35,38)(33,40,39,36)", "to": "( 1,23,12,38,11, 2,28,16,27,15, 5,32, 4,31,20, 8,19, 7,35,24)( 3,37,18,36,17,\n 14,34,13,33,30,10,29, 9,40,26, 6,25,22,39,21)", "weight": 1}, {"from": "( 1, 2, 5, 8)( 3,14,10, 6)( 4, 7,12,16)( 9,22,18,13)(11,15,20,24)(17,30,26,21)\n(19,23,28,32)(25,37,34,29)(27,31,35,38)(33,40,39,36)", "to": "( 1,24,35, 7,19, 8,20,31, 4,32, 5,15,27,16,28, 2,11,38,12,23)( 3,21,39,22,25,\n  6,26,40, 9,29,10,30,33,13,34,14,17,36,18,37)", "weight": 1}, {"from": "( 1, 2, 5, 8)( 3,14,10, 6)( 4, 7,12,16)( 9,22,18,13)(11,15,20,24)(17,30,26,21)\n(19,23,28,32)(25,37,34,29)(27,31,35,38)(33,40,39,36)", "to": "( 1,27,19,11, 4)( 2,31,23,15, 7)( 3,33,25,17, 9)( 5,35,28,20,12)\n( 6,36,29,21,13)( 8,38,32,24,16)(10,39,34,26,18)(14,40,37,30,22)", "weight": 1}, {"from": "( 1, 2, 5, 8)( 3,14,10, 6)( 4, 7,12,16)( 9,22,18,13)(11,15,20,24)(17,30,26,21)\n(19,23,28,32)(25,37,34,29)(27,31,35,38)(33,40,39,36)", "to": "( 1,28, 4,35,11, 5,19,12,27,20)( 2,32, 7,38,15, 8,23,16,31,24)( 3,34, 9,39,17,\n 10,25,18,33,26)( 6,37,13,40,21,14,29,22,36,30)", "weight": 1}, {"from": "( 1, 2, 5, 8)( 3,14,10, 6)( 4, 7,12,16)( 9,22,18,13)(11,15,20,24)(17,30,26,21)\n(19,23,28,32)(25,37,34,29)(27,31,35,38)(33,40,39,36)", "to": "( 1,31,28,24, 4, 2,35,32,11, 7, 5,38,19,15,12, 8,27,23,20,16)( 3,40,34,21, 9,\n 14,39,29,17,22,10,36,25,30,18, 6,33,37,26,13)", "weight": 1}, {"from": "( 1, 2, 5, 8)( 3,14,10, 6)( 4, 7,12,16)( 9,22,18,13)(11,15,20,24)(17,30,26,21)\n(19,23,28,32)(25,37,34,29)(27,31,35,38)(33,40,39,36)", "to": "( 1,32,12,31,11, 8,28, 7,27,24, 5,23, 4,38,20, 2,19,16,35,15)( 3,29,18,40,17,\n  6,34,22,33,21,10,37, 9,36,26,14,25,13,39,30)", "weight": 1}, {"from": "( 1, 2, 5, 8)( 3,14,10, 6)( 4, 7,12,16)( 9,22,18,13)(11,15,20,24)(17,30,26,21)\n(19,23,28,32)(25,37,34,29)(27,31,35,38)(33,40,39,36)", "to": "( 1,35,19,20, 4, 5,27,28,11,12)( 2,38,23,24, 7, 8,31,32,15,16)( 3,39,25,26, 9,\n 10,33,34,17,18)( 6,40,29,30,13,14,36,37,21,22)", "weight": 1}, {"from": "( 1, 2, 5, 8)( 3,14,10, 6)( 4, 7,12,16)( 9,22,18,13)(11,15,20,24)(17,30,26,21)\n(19,23,28,32)(25,37,34,29)(27,31,35,38)(33,40,39,36)", "to": "( 1,38,28,15, 4, 8,35,23,11,16, 5,31,19,24,12, 2,27,32,20, 7)( 3,36,34,30, 9,\n  6,39,37,17,13,10,40,25,21,18,14,33,29,26,22)", "weight": 1}, {"from": "( 1, 3, 5,10)( 2, 6, 8,14)( 4, 9,12,18)( 7,13,16,22)(11,17,20,26)(15,21,24,30)\n(19,25,28,34)(23,29,32,37)(27,33,35,39)(31,36,38,40)", "to": "( 1, 4,11,19,27)( 2, 7,15,23,31)( 3, 9,17,25,33)( 5,12,20,28,35)\n( 6,13,21,29,36)( 8,16,24,32,38)(10,18,26,34,39)(14,22,30,37,40)", "weight": 1}, {"from": "( 1, 3, 5,10)( 2, 6, 8,14)( 4, 9,12,18)( 7,13,16,22)(11,17,20,26)(15,21,24,30)\n(19,25,28,34)(23,29,32,37)(27,33,35,39)(31,36,38,40)", "to": "( 1, 5)( 2, 8)( 3,10)( 4,12)( 6,14)( 7,16)( 9,18)(11,20)(13,22)(15,24)(17,26)\n(19,28)(21,30)(23,32)(25,34)(27,35)(29,37)(31,38)(33,39)(36,40)", "weight": 1}, {"from": "( 1, 3, 5,10)( 2, 6, 8,14)( 4, 9,12,18)( 7,13,16,22)(11,17,20,26)(15,21,24,30)\n(19,25,28,34)(23,29,32,37)(27,33,35,39)(31,36,38,40)", "to": "( 1, 9,20,34,27, 3,12,26,19,33, 5,18,11,25,35,10, 4,17,28,39)( 2,13,24,37,31,\n  6,16,30,23,36, 8,22,15,29,38,14, 7,21,32,40)", "weight": 1}, {"from": "( 1, 3, 5,10)( 2, 6, 8,14)( 4, 9,12,18)( 7,13,16,22)(11,17,20,26)(15,21,24,30)\n(19,25,28,34)(23,29,32,37)(27,33,35,39)(31,36,38,40)", "to": "( 1,10, 5, 3)( 2,14, 8, 6)( 4,18,12, 9)( 7,22,16,13)(11,26,20,17)(15,30,24,21)\n(19,34,28,25)(23,37,32,29)(27,39,35,33)(31,40,38,36)", "weight": 1}, {"from": "( 1, 3, 5,10)( 2, 6, 8,14)( 4, 9,12,18)( 7,13,16,22)(11,17,20,26)(15,21,24,30)\n(19,25,28,34)(23,29,32,37)(27,33,35,39)(31,36,38,40)", "to": "( 1,11,27, 4,19)( 2,15,31, 7,23)( 3,17,33, 9,25)( 5,20,35,12,28)\n( 6,21,36,13,29)( 8,24,38,16,32)(10,26,39,18,34)(14,30,40,22,37)", "weight": 1}, {"from": "( 1, 3, 5,10)( 2, 6, 8,14)( 4, 9,12,18)( 7,13,16,22)(11,17,20,26)(15,21,24,30)\n(19,25,28,34)(23,29,32,37)(27,33,35,39)(31,36,38,40)", "to": "( 1,12,11,28,27, 5, 4,20,19,35)( 2,16,15,32,31, 8, 7,24,23,38)( 3,18,17,34,33,\n 10, 9,26,25,39)( 6,22,21,37,36,14,13,30,29,40)", "weight": 1}, {"from": "( 1, 3, 5,10)( 2, 6, 8,14)( 4, 9,12,18)( 7,13,16,22)(11,17,20,26)(15,21,24,30)\n(19,25,28,34)(23,29,32,37)(27,33,35,39)(31,36,38,40)", "to": "( 1,17,35,18,19, 3,20,39, 4,25, 5,26,27, 9,28,10,11,33,12,34)( 2,21,38,22,23,\n  6,24,40, 7,29, 8,30,31,13,32,14,15,36,16,37)", "weight": 1}, {"from": "( 1, 3, 5,10)( 2, 6, 8,14)( 4, 9,12,18)( 7,13,16,22)(11,17,20,26)(15,21,24,30)\n(19,25,28,34)(23,29,32,37)(27,33,35,39)(31,36,38,40)", "to": "( 1,18,20,25,27,10,12,17,19,39, 5, 9,11,34,35, 3, 4,26,28,33)( 2,22,24,29,31,\n 14,16,21,23,40, 8,13,15,37,38, 6, 7,30,32,36)", "weight": 1}, {"from": "( 1, 3, 5,10)( 2, 6, 8,14)( 4, 9,12,18)( 7,13,16,22)(11,17,20,26)(15,21,24,30)\n(19,25,28,34)(23,29,32,37)(27,33,35,39)(31,36,38,40)", "to": "( 1,19, 4,27,11)( 2,23, 7,31,15)( 3,25, 9,33,17)( 5,28,12,35,20)\n( 6,29,13,36,21)( 8,32,16,38,24)(10,34,18,39,26)(14,37,22,40,30)", "weight": 1}, {"from": "( 1, 3, 5,10)( 2, 6, 8,14)( 4, 9,12,18)( 7,13,16,22)(11,17,20,26)(15,21,24,30)\n(19,25,28,34)(23,29,32,37)(27,33,35,39)(31,36,38,40)", "to": "( 1,20,27,12,19, 5,11,35, 4,28)( 2,24,31,16,23, 8,15,38, 7,32)( 3,26,33,18,25,\n 10,17,39, 9,34)( 6,30,36,22,29,14,21,40,13,37)", "weight": 1}, {"from": "( 1, 3, 5,10)( 2, 6, 8,14)( 4, 9,12,18)( 7,13,16,22)(11,17,20,26)(15,21,24,30)\n(19,25,28,34)(23,29,32,37)(27,33,35,39)(31,36,38,40)", "to": "( 1,25,12,39,11, 3,28,18,27,17, 5,34, 4,33,20,10,19, 9,35,26)( 2,29,16,40,15,\n  6,32,22,31,21, 8,37, 7,36,24,14,23,13,38,30)", "weight": 1}, {"from": "( 1, 3, 5,10)( 2, 6, 8,14)( 4, 9,12,18)( 7,13,16,22)(11,17,20,26)(15,21,24,30)\n(19,25,28,34)(23,29,32,37)(27,33,35,39)(31,36,38,40)", "to": "( 1,26,35, 9,19,10,20,33, 4,34, 5,17,27,18,28, 3,11,39,12,25)( 2,30,38,13,23,\n 14,24,36, 7,37, 8,21,31,22,32, 6,15,40,16,29)", "weight": 1}, {"from": "( 1, 3, 5,10)( 2, 6, 8,14)( 4, 9,12,18)( 7,13,16,22)(11,17,20,26)(15,21,24,30)\n(19,25,28,34)(23,29,32,37)(27,33,35,39)(31,36,38,40)", "to": "( 1,27,19,11, 4)( 2,31,23,15, 7)( 3,33,25,17, 9)( 5,35,28,20,12)\n( 6,36,29,21,13)( 8,38,32,24,16)(10,39,34,26,18)(14,40,37,30,22)", "weight": 1}, {"from": "( 1, 3, 5,10)( 2, 6, 8,14)( 4, 9,12,18)( 7,13,16,22)(11,17,20,26)(15,21,24,30)\n(19,25,28,34)(23,29,32,37)(27,33,35,39)(31,36,38,40)", "to": "( 1,28, 4,35,11, 5,19,12,27,20)( 2,32, 7,38,15, 8,23,16,31,24)( 3,34, 9,39,17,\n 10,25,18,33,26)( 6,37,13,40,21,14,29,22,36,30)", "weight": 1}, {"from": "( 1, 3, 5,10)( 2, 6, 8,14)( 4, 9,12,18)( 7,13,16,22)(11,17,20,26)(15,21,24,30)\n(19,25,28,34)(23,29,32,37)(27,33,35,39)(31,36,38,40)", "to": "( 1,33,28,26, 4, 3,35,34,11, 9, 5,39,19,17,12,10,27,25,20,18)( 2,36,32,30, 7,\n  6,38,37,15,13, 8,40,23,21,16,14,31,29,24,22)", "weight": 1}, {"from": "( 1, 3, 5,10)( 2, 6, 8,14)( 4, 9,12,18)( 7,13,16,22)(11,17,20,26)(15,21,24,30)\n(19,25,28,34)(23,29,32,37)(27,33,35,39)(31,36,38,40)", "to": "( 1,34,12,33,11,10,28, 9,27,26, 5,25, 4,39,20, 3,19,18,35,17)( 2,37,16,36,15,\n 14,32,13,31,30, 8,29, 7,40,24, 6,23,22,38,21)", "weight": 1}, {"from": "( 1, 3, 5,10)( 2, 6, 8,14)( 4, 9,12,18)( 7,13,16,22)(11,17,20,26)(15,21,24,30)\n(19,25,28,34)(23,29,32,37)(27,33,35,39)(31,36,38,40)", "to": "( 1,35,19,20, 4, 5,27,28,11,12)( 2,38,23,24, 7, 8,31,32,15,16)( 3,39,25,26, 9,\n 10,33,34,17,18)( 6,40,29,30,13,14,36,37,21,22)", "weight": 1}, {"from": "( 1, 3, 5,10)( 2, 6, 8,14)( 4, 9,12,18)( 7,13,16,22)(11,17,20,26)(15,21,24,30)\n(19,25,28,34)(23,29,32,37)(27,33,35,39)(31,36,38,40)", "to": "( 1,39,28,17, 4,10,35,25,11,18, 5,33,19,26,12, 3,27,34,20, 9)( 2,40,32,21, 7,\n 14,38,29,15,22, 8,36,23,30,16, 6,31,37,24,13)", "weight": 1}, {"from": "( 1, 4,11,19,27)( 2, 7,15,23,31)( 3, 9,17,25,33)( 5,12,20,28,35)\n( 6,13,21,29,36)( 8,16,24,32,38)(10,18,26,34,39)(14,22,30,37,40)", "to": "( 1, 5)( 2, 8)( 3,10)( 4,12)( 6,14)( 7,16)( 9,18)(11,20)(13,22)(15,24)(17,26)\n(19,28)(21,30)(23,32)(25,34)(27,35)(29,37)(31,38)(33,39)(36,40)", "weight": 1}, {"from": "( 1, 4,11,19,27)( 2, 7,15,23,31)( 3, 9,17,25,33)( 5,12,20,28,35)\n( 6,13,21,29,36)( 8,16,24,32,38)(10,18,26,34,39)(14,22,30,37,40)", "to": "( 1, 6, 5,14)( 2,10, 8, 3)( 4,13,12,22)( 7,18,16, 9)(11,21,20,30)(15,26,24,17)\n(19,29,28,37)(23,34,32,25)(27,36,35,40)(31,39,38,33)", "weight": 1}, {"from": "( 1, 4,11,19,27)( 2, 7,15,23,31)( 3, 9,17,25,33)( 5,12,20,28,35)\n( 6,13,21,29,36)( 8,16,24,32,38)(10,18,26,34,39)(14,22,30,37,40)", "to": "( 1, 7,20,32,27, 2,12,24,19,31, 5,16,11,23,35, 8, 4,15,28,38)( 3,22,26,29,33,\n 14,18,21,25,40,10,13,17,37,39, 6, 9,30,34,36)", "weight": 1}, {"from": "( 1, 4,11,19,27)( 2, 7,15,23,31)( 3, 9,17,25,33)( 5,12,20,28,35)\n( 6,13,21,29,36)( 8,16,24,32,38)(10,18,26,34,39)(14,22,30,37,40)", "to": "( 1, 8, 5, 2)( 3, 6,10,14)( 4,16,12, 7)( 9,13,18,22)(11,24,20,15)(17,21,26,30)\n(19,32,28,23)(25,29,34,37)(27,38,35,31)(33,36,39,40)", "weight": 1}, {"from": "( 1, 4,11,19,27)( 2, 7,15,23,31)( 3, 9,17,25,33)( 5,12,20,28,35)\n( 6,13,21,29,36)( 8,16,24,32,38)(10,18,26,34,39)(14,22,30,37,40)", "to": "( 1, 9,20,34,27, 3,12,26,19,33, 5,18,11,25,35,10, 4,17,28,39)( 2,13,24,37,31,\n  6,16,30,23,36, 8,22,15,29,38,14, 7,21,32,40)", "weight": 1}, {"from": "( 1, 4,11,19,27)( 2, 7,15,23,31)( 3, 9,17,25,33)( 5,12,20,28,35)\n( 6,13,21,29,36)( 8,16,24,32,38)(10,18,26,34,39)(14,22,30,37,40)", "to": "( 1,10, 5, 3)( 2,14, 8, 6)( 4,18,12, 9)( 7,22,16,13)(11,26,20,17)(15,30,24,21)\n(19,34,28,25)(23,37,32,29)(27,39,35,33)(31,40,38,36)", "weight": 1}, {"from": "( 1, 4,11,19,27)( 2, 7,15,23,31)( 3, 9,17,25,33)( 5,12,20,28,35)\n( 6,13,21,29,36)( 8,16,24,32,38)(10,18,26,34,39)(14,22,30,37,40)", "to": "( 1,11,27, 4,19)( 2,15,31, 7,23)( 3,17,33, 9,25)( 5,20,35,12,28)\n( 6,21,36,13,29)( 8,24,38,16,32)(10,26,39,18,34)(14,30,40,22,37)", "weight": 1}, {"from": "( 1, 4,11,19,27)( 2, 7,15,23,31)( 3, 9,17,25,33)( 5,12,20,28,35)\n( 6,13,21,29,36)( 8,16,24,32,38)(10,18,26,34,39)(14,22,30,37,40)", "to": "( 1,12,11,28,27, 5, 4,20,19,35)( 2,16,15,32,31, 8, 7,24,23,38)( 3,18,17,34,33,\n 10, 9,26,25,39)( 6,22,21,37,36,14,13,30,29,40)", "weight": 1}, {"from": "( 1, 4,11,19,27)( 2, 7,15,23,31)( 3, 9,17,25,33)( 5,12,20,28,35)\n( 6,13,21,29,36)( 8,16,24,32,38)(10,18,26,34,39)(14,22,30,37,40)", "to": "( 1,13,20,37,27, 6,12,30,19,36, 5,22,11,29,35,14, 4,21,28,40)( 2,18,24,25,31,\n 10,16,17,23,39, 8, 9,15,34,38, 3, 7,26,32,33)", "weight": 1}, {"from": "( 1, 4,11,19,27)( 2, 7,15,23,31)( 3, 9,17,25,33)( 5,12,20,28,35)\n( 6,13,21,29,36)( 8,16,24,32,38)(10,18,26,34,39)(14,22,30,37,40)", "to": "( 1,14, 5, 6)( 2, 3, 8,10)( 4,22,12,13)( 7, 9,16,18)(11,30,20,21)(15,17,24,26)\n(19,37,28,29)(23,25,32,34)(27,40,35,36)(31,33,38,39)", "weight": 1}, {"from": "( 1, 4,11,19,27)( 2, 7,15,23,31)( 3, 9,17,25,33)( 5,12,20,28,35)\n( 6,13,21,29,36)( 8,16,24,32,38)(10,18,26,34,39)(14,22,30,37,40)", "to": "( 1,15,35,16,19, 2,20,38, 4,23, 5,24,27, 7,28, 8,11,31,12,32)( 3,30,39,13,25,\n 14,26,36, 9,37,10,21,33,22,34, 6,17,40,18,29)", "weight": 1}, {"from": "( 1, 4,11,19,27)( 2, 7,15,23,31)( 3, 9,17,25,33)( 5,12,20,28,35)\n( 6,13,21,29,36)( 8,16,24,32,38)(10,18,26,34,39)(14,22,30,37,40)", "to": "( 1,16,20,23,27, 8,12,15,19,38, 5, 7,11,32,35, 2, 4,24,28,31)( 3,13,26,37,33,\n  6,18,30,25,36,10,22,17,29,39,14, 9,21,34,40)", "weight": 1}, {"from": "( 1, 4,11,19,27)( 2, 7,15,23,31)( 3, 9,17,25,33)( 5,12,20,28,35)\n( 6,13,21,29,36)( 8,16,24,32,38)(10,18,26,34,39)(14,22,30,37,40)", "to": "( 1,17,35,18,19, 3,20,39, 4,25, 5,26,27, 9,28,10,11,33,12,34)( 2,21,38,22,23,\n  6,24,40, 7,29, 8,30,31,13,32,14,15,36,16,37)", "weight": 1}, {"from": "( 1, 4,11,19,27)( 2, 7,15,23,31)( 3, 9,17,25,33)( 5,12,20,28,35)\n( 6,13,21,29,36)( 8,16,24,32,38)(10,18,26,34,39)(14,22,30,37,40)", "to": "( 1,18,20,25,27,10,12,17,19,39, 5, 9,11,34,35, 3, 4,26,28,33)( 2,22,24,29,31,\n 14,16,21,23,40, 8,13,15,37,38, 6, 7,30,32,36)", "weight": 1}, {"from": "( 1, 4,11,19,27)( 2, 7,15,23,31)( 3, 9,17,25,33)( 5,12,20,28,35)\n( 6,13,21,29,36)( 8,16,24,32,38)(10,18,26,34,39)(14,22,30,37,40)", "to": "( 1,19, 4,27,11)( 2,23, 7,31,15)( 3,25, 9,33,17)( 5,28,12,35,20)\n( 6,29,13,36,21)( 8,32,16,38,24)(10,34,18,39,26)(14,37,22,40,30)", "weight": 1}, {"from": "( 1, 4,11,19,27)( 2, 7,15,23,31)( 3, 9,17,25,33)( 5,12,20,28,35)\n( 6,13,21,29,36)( 8,16,24,32,38)(10,18,26,34,39)(14,22,30,37,40)", "to": "( 1,20,27,12,19, 5,11,35, 4,28)( 2,24,31,16,23, 8,15,38, 7,32)( 3,26,33,18,25,\n 10,17,39, 9,34)( 6,30,36,22,29,14,21,40,13,37)", "weight": 1}, {"from": "( 1, 4,11,19,27)( 2, 7,15,23,31)( 3, 9,17,25,33)( 5,12,20,28,35)\n( 6,13,21,29,36)( 8,16,24,32,38)(10,18,26,34,39)(14,22,30,37,40)", "to": "( 1,21,35,22,19, 6,20,40, 4,29, 5,30,27,13,28,14,11,36,12,37)( 2,26,38, 9,23,\n 10,24,33, 7,34, 8,17,31,18,32, 3,15,39,16,25)", "weight": 1}, {"from": "( 1, 4,11,19,27)( 2, 7,15,23,31)( 3, 9,17,25,33)( 5,12,20,28,35)\n( 6,13,21,29,36)( 8,16,24,32,38)(10,18,26,34,39)(14,22,30,37,40)", "to": "( 1,22,20,29,27,14,12,21,19,40, 5,13,11,37,35, 6, 4,30,28,36)( 2, 9,24,34,31,\n  3,16,26,23,33, 8,18,15,25,38,10, 7,17,32,39)", "weight": 1}, {"from": "( 1, 4,11,19,27)( 2, 7,15,23,31)( 3, 9,17,25,33)( 5,12,20,28,35)\n( 6,13,21,29,36)( 8,16,24,32,38)(10,18,26,34,39)(14,22,30,37,40)", "to": "( 1,23,12,38,11, 2,28,16,27,15, 5,32, 4,31,20, 8,19, 7,35,24)( 3,37,18,36,17,\n 14,34,13,33,30,10,29, 9,40,26, 6,25,22,39,21)", "weight": 1}, {"from": "( 1, 4,11,19,27)( 2, 7,15,23,31)( 3, 9,17,25,33)( 5,12,20,28,35)\n( 6,13,21,29,36)( 8,16,24,32,38)(10,18,26,34,39)(14,22,30,37,40)", "to": "( 1,24,35, 7,19, 8,20,31, 4,32, 5,15,27,16,28, 2,11,38,12,23)( 3,21,39,22,25,\n  6,26,40, 9,29,10,30,33,13,34,14,17,36,18,37)", "weight": 1}, {"from": "( 1, 4,11,19,27)( 2, 7,15,23,31)( 3, 9,17,25,33)( 5,12,20,28,35)\n( 6,13,21,29,36)( 8,16,24,32,38)(10,18,26,34,39)(14,22,30,37,40)", "to": "( 1,25,12,39,11, 3,28,18,27,17, 5,34, 4,33,20,10,19, 9,35,26)( 2,29,16,40,15,\n  6,32,22,31,21, 8,37, 7,36,24,14,23,13,38,30)", "weight": 1}, {"from": "( 1, 4,11,19,27)( 2, 7,15,23,31)( 3, 9,17,25,33)( 5,12,20,28,35)\n( 6,13,21,29,36)( 8,16,24,32,38)(10,18,26,34,39)(14,22,30,37,40)", "to": "( 1,26,35, 9,19,10,20,33, 4,34, 5,17,27,18,28, 3,11,39,12,25)( 2,30,38,13,23,\n 14,24,36, 7,37, 8,21,31,22,32, 6,15,40,16,29)", "weight": 1}, {"from": "( 1, 4,11,19,27)( 2, 7,15,23,31)( 3, 9,17,25,33)( 5,12,20,28,35)\n( 6,13,21,29,36)( 8,16,24,32,38)(10,18,26,34,39)(14,22,30,37,40)", "to": "( 1,27,19,11, 4)( 2,31,23,15, 7)( 3,33,25,17, 9)( 5,35,28,20,12)\n( 6,36,29,21,13)( 8,38,32,24,16)(10,39,34,26,18)(14,40,37,30,22)", "weight": 1}, {"from": "( 1, 4,11,19,27)( 2, 7,15,23,31)( 3, 9,17,25,33)( 5,12,20,28,35)\n( 6,13,21,29,36)( 8,16,24,32,38)(10,18,26,34,39)(14,22,30,37,40)", "to": "( 1,28, 4,35,11, 5,19,12,27,20)( 2,32, 7,38,15, 8,23,16,31,24)( 3,34, 9,39,17,\n 10,25,18,33,26)( 6,37,13,40,21,14,29,22,36,30)", "weight": 1}, {"from": "( 1, 4,11,19,27)( 2, 7,15,23,31)( 3, 9,17,25,33)( 5,12,20,28,35)\n( 6,13,21,29,36)( 8,16,24,32,38)(10,18,26,34,39)(14,22,30,37,40)", "to": "( 1,29,12,40,11, 6,28,22,27,21, 5,37, 4,36,20,14,19,13,35,30)( 2,34,16,33,15,\n 10,32, 9,31,26, 8,25, 7,39,24, 3,23,18,38,17)", "weight": 1}, {"from": "( 1, 4,11,19,27)( 2, 7,15,23,31)( 3, 9,17,25,33)( 5,12,20,28,35)\n( 6,13,21,29,36)( 8,16,24,32,38)(10,18,26,34,39)(14,22,30,37,40)", "to": "( 1,30,35,13,19,14,20,36, 4,37, 5,21,27,22,28, 6,11,40,12,29)( 2,17,38,18,23,\n  3,24,39, 7,25, 8,26,31, 9,32,10,15,33,16,34)", "weight": 1}, {"from": "( 1, 4,11,19,27)( 2, 7,15,23,31)( 3, 9,17,25,33)( 5,12,20,28,35)\n( 6,13,21,29,36)( 8,16,24,32,38)(10,18,26,34,39)(14,22,30,37,40)", "to": "( 1,31,28,24, 4, 2,35,32,11, 7, 5,38,19,15,12, 8,27,23,20,16)( 3,40,34,21, 9,\n 14,39,29,17,22,10,36,25,30,18, 6,33,37,26,13)", "weight": 1}, {"from": "( 1, 4,11,19,27)( 2, 7,15,23,31)( 3, 9,17,25,33)( 5,12,20,28,35)\n( 6,13,21,29,36)( 8,16,24,32,38)(10,18,26,34,39)(14,22,30,37,40)", "to": "( 1,32,12,31,11, 8,28, 7,27,24, 5,23, 4,38,20, 2,19,16,35,15)( 3,29,18,40,17,\n  6,34,22,33,21,10,37, 9,36,26,14,25,13,39,30)", "weight": 1}, {"from": "( 1, 4,11,19,27)( 2, 7,15,23,31)( 3, 9,17,25,33)( 5,12,20,28,35)\n( 6,13,21,29,36)( 8,16,24,32,38)(10,18,26,34,39)(14,22,30,37,40)", "to": "( 1,33,28,26, 4, 3,35,34,11, 9, 5,39,19,17,12,10,27,25,20,18)( 2,36,32,30, 7,\n  6,38,37,15,13, 8,40,23,21,16,14,31,29,24,22)", "weight": 1}, {"from": "( 1, 4,11,19,27)( 2, 7,15,23,31)( 3, 9,17,25,33)( 5,12,20,28,35)\n( 6,13,21,29,36)( 8,16,24,32,38)(10,18,26,34,39)(14,22,30,37,40)", "to": "( 1,34,12,33,11,10,28, 9,27,26, 5,25, 4,39,20, 3,19,18,35,17)( 2,37,16,36,15,\n 14,32,13,31,30, 8,29, 7,40,24, 6,23,22,38,21)", "weight": 1}, {"from": "( 1, 4,11,19,27)( 2, 7,15,23,31)( 3, 9,17,25,33)( 5,12,20,28,35)\n( 6,13,21,29,36)( 8,16,24,32,38)(10,18,26,34,39)(14,22,30,37,40)", "to": "( 1,35,19,20, 4, 5,27,28,11,12)( 2,38,23,24, 7, 8,31,32,15,16)( 3,39,25,26, 9,\n 10,33,34,17,18)( 6,40,29,30,13,14,36,37,21,22)", "weight": 1}, {"from": "( 1, 4,11,19,27)( 2, 7,15,23,31)( 3, 9,17,25,33)( 5,12,20,28,35)\n( 6,13,21,29,36)( 8,16,24,32,38)(10,18,26,34,39)(14,22,30,37,40)", "to": "( 1,36,28,30, 4, 6,35,37,11,13, 5,40,19,21,12,14,27,29,20,22)( 2,39,32,17, 7,\n 10,38,25,15,18, 8,33,23,