<html>
<head>
<link rel="stylesheet" href="https://cdnjs.cloudflare.com/ajax/libs/vis/4.16.1/vis.css" type="text/css" />
<script type="text/javascript" src="https://cdnjs.cloudflare.com/ajax/libs/vis/4.16.1/vis-network.min.js"> </script>
<center>
<h1></h1>
</center>

<!-- <link rel="stylesheet" href="../node_modules/vis/dist/vis.min.css" type="text/css" />
<script type="text/javascript" src="../node_modules/vis/dist/vis.js"> </script>-->

<style type="text/css">

        #mynetwork {
            width: 80%;
            height: 1000px;
            background-color: #ffffff;
            border: 1px solid lightgray;
            position: relative;
            float: left;
        }

        

        
        #config {
            float: left;
            width: 400px;
            height: 600px;
        }
        

        
</style>

</head>

<body>
<div id = "mynetwork"></div>


<div id = "config"></div>

<script type="text/javascript">

    // initialize global variables.
    var edges;
    var nodes;
    var network; 
    var container;
    var options, data;

    
    // This method is responsible for drawing the graph, returns the drawn network
    function drawGraph() {
        var container = document.getElementById('mynetwork');
        
        

        // parsing and collecting nodes and edges from the python
        nodes = new vis.DataSet([{"id": "()", "label": "()", "shape": "dot", "size": 10}, {"id": "( 1, 2)( 3, 6)( 4, 7)( 5,32)( 8,28)( 9,13)(10,37)(11,38)(12,24)(14,34)(15,35)\n(16,20)(17,40)(18,30)(19,31)(21,39)(22,26)(23,27)(25,36)(29,33)", "label": "( 1, 2)( 3, 6)( 4, 7)( 5,32)( 8,28)( 9,13)(10,37)(11,38)(12,24)(14,34)(15,35)\n(16,20)(17,40)(18,30)(19,31)(21,39)(22,26)(23,27)(25,36)(29,33)", "shape": "dot", "size": 10}, {"id": "( 1, 3)( 2, 6)( 4, 9)( 5,10)( 7,13)( 8,14)(11,17)(12,18)(15,21)(16,22)(19,25)\n(20,26)(23,29)(24,30)(27,33)(28,34)(31,36)(32,37)(35,39)(38,40)", "label": "( 1, 3)( 2, 6)( 4, 9)( 5,10)( 7,13)( 8,14)(11,17)(12,18)(15,21)(16,22)(19,25)\n(20,26)(23,29)(24,30)(27,33)(28,34)(31,36)(32,37)(35,39)(38,40)", "shape": "dot", "size": 10}, {"id": "( 1, 4)( 2, 7)( 3, 9)( 5,11)( 6,13)( 8,15)(10,17)(12,19)(14,21)(16,23)(18,25)\n(20,27)(22,29)(24,31)(26,33)(28,35)(30,36)(32,38)(34,39)(37,40)", "label": "( 1, 4)( 2, 7)( 3, 9)( 5,11)( 6,13)( 8,15)(10,17)(12,19)(14,21)(16,23)(18,25)\n(20,27)(22,29)(24,31)(26,33)(28,35)(30,36)(32,38)(34,39)(37,40)", "shape": "dot", "size": 10}, {"id": "( 1, 5,12,20,28)( 2, 8,16,24,32)( 3,10,18,26,34)( 4,11,19,27,35)\n( 6,14,22,30,37)( 7,15,23,31,38)( 9,17,25,33,39)(13,21,29,36,40)", "label": "( 1, 5,12,20,28)( 2, 8,16,24,32)( 3,10,18,26,34)( 4,11,19,27,35)\n( 6,14,22,30,37)( 7,15,23,31,38)( 9,17,25,33,39)(13,21,29,36,40)", "shape": "dot", "size": 10}, {"id": "( 1, 6)( 2, 3)( 4,13)( 5,37)( 7, 9)( 8,34)(10,32)(11,40)(12,30)(14,28)(15,39)\n(16,26)(17,38)(18,24)(19,36)(20,22)(21,35)(23,33)(25,31)(27,29)", "label": "( 1, 6)( 2, 3)( 4,13)( 5,37)( 7, 9)( 8,34)(10,32)(11,40)(12,30)(14,28)(15,39)\n(16,26)(17,38)(18,24)(19,36)(20,22)(21,35)(23,33)(25,31)(27,29)", "shape": "dot", "size": 10}, {"id": "( 1, 7)( 2, 4)( 3,13)( 5,38)( 6, 9)( 8,35)(10,40)(11,32)(12,31)(14,39)(15,28)\n(16,27)(17,37)(18,36)(19,24)(20,23)(21,34)(22,33)(25,30)(26,29)", "label": "( 1, 7)( 2, 4)( 3,13)( 5,38)( 6, 9)( 8,35)(10,40)(11,32)(12,31)(14,39)(15,28)\n(16,27)(17,37)(18,36)(19,24)(20,23)(21,34)(22,33)(25,30)(26,29)", "shape": "dot", "size": 10}, {"id": "( 1, 8)( 2, 5)( 3,14)( 4,15)( 6,10)( 7,11)( 9,21)(12,32)(13,17)(16,28)(18,37)\n(19,38)(20,24)(22,34)(23,35)(25,40)(26,30)(27,31)(29,39)(33,36)", "label": "( 1, 8)( 2, 5)( 3,14)( 4,15)( 6,10)( 7,11)( 9,21)(12,32)(13,17)(16,28)(18,37)\n(19,38)(20,24)(22,34)(23,35)(25,40)(26,30)(27,31)(29,39)(33,36)", "shape": "dot", "size": 10}, {"id": "( 1, 9)( 2,13)( 3, 4)( 5,17)( 6, 7)( 8,21)(10,11)(12,25)(14,15)(16,29)(18,19)\n(20,33)(22,23)(24,36)(26,27)(28,39)(30,31)(32,40)(34,35)(37,38)", "label": "( 1, 9)( 2,13)( 3, 4)( 5,17)( 6, 7)( 8,21)(10,11)(12,25)(14,15)(16,29)(18,19)\n(20,33)(22,23)(24,36)(26,27)(28,39)(30,31)(32,40)(34,35)(37,38)", "shape": "dot", "size": 10}, {"id": "( 1,10,12,26,28, 3, 5,18,20,34)( 2,14,16,30,32, 6, 8,22,24,37)( 4,17,19,33,35,\n 9,11,25,27,39)( 7,21,23,36,38,13,15,29,31,40)", "label": "( 1,10,12,26,28, 3, 5,18,20,34)( 2,14,16,30,32, 6, 8,22,24,37)( 4,17,19,33,35,\n 9,11,25,27,39)( 7,21,23,36,38,13,15,29,31,40)", "shape": "dot", "size": 10}, {"id": "( 1,11,12,27,28, 4, 5,19,20,35)( 2,15,16,31,32, 7, 8,23,24,38)( 3,17,18,33,34,\n 9,10,25,26,39)( 6,21,22,36,37,13,14,29,30,40)", "label": "( 1,11,12,27,28, 4, 5,19,20,35)( 2,15,16,31,32, 7, 8,23,24,38)( 3,17,18,33,34,\n 9,10,25,26,39)( 6,21,22,36,37,13,14,29,30,40)", "shape": "dot", "size": 10}, {"id": "( 1,12,28, 5,20)( 2,16,32, 8,24)( 3,18,34,10,26)( 4,19,35,11,27)\n( 6,22,37,14,30)( 7,23,38,15,31)( 9,25,39,17,33)(13,29,40,21,36)", "label": "( 1,12,28, 5,20)( 2,16,32, 8,24)( 3,18,34,10,26)( 4,19,35,11,27)\n( 6,22,37,14,30)( 7,23,38,15,31)( 9,25,39,17,33)(13,29,40,21,36)", "shape": "dot", "size": 10}, {"id": "( 1,13)( 2, 9)( 3, 7)( 4, 6)( 5,40)( 8,39)(10,38)(11,37)(12,36)(14,35)(15,34)\n(16,33)(17,32)(18,31)(19,30)(20,29)(21,28)(22,27)(23,26)(24,25)", "label": "( 1,13)( 2, 9)( 3, 7)( 4, 6)( 5,40)( 8,39)(10,38)(11,37)(12,36)(14,35)(15,34)\n(16,33)(17,32)(18,31)(19,30)(20,29)(21,28)(22,27)(23,26)(24,25)", "shape": "dot", "size": 10}, {"id": "( 1,14)( 2,10)( 3, 8)( 4,21)( 5, 6)( 7,17)( 9,15)(11,13)(12,37)(16,34)(18,32)\n(19,40)(20,30)(22,28)(23,39)(24,26)(25,38)(27,36)(29,35)(31,33)", "label": "( 1,14)( 2,10)( 3, 8)( 4,21)( 5, 6)( 7,17)( 9,15)(11,13)(12,37)(16,34)(18,32)\n(19,40)(20,30)(22,28)(23,39)(24,26)(25,38)(27,36)(29,35)(31,33)", "shape": "dot", "size": 10}, {"id": "( 1,15)( 2,11)( 3,21)( 4, 8)( 5, 7)( 6,17)( 9,14)(10,13)(12,38)(16,35)(18,40)\n(19,32)(20,31)(22,39)(23,28)(24,27)(25,37)(26,36)(29,34)(30,33)", "label": "( 1,15)( 2,11)( 3,21)( 4, 8)( 5, 7)( 6,17)( 9,14)(10,13)(12,38)(16,35)(18,40)\n(19,32)(20,31)(22,39)(23,28)(24,27)(25,37)(26,36)(29,34)(30,33)", "shape": "dot", "size": 10}, {"id": "( 1,16)( 2,12)( 3,22)( 4,23)( 5, 8)( 6,18)( 7,19)( 9,29)(10,14)(11,15)(13,25)\n(17,21)(20,32)(24,28)(26,37)(27,38)(30,34)(31,35)(33,40)(36,39)", "label": "( 1,16)( 2,12)( 3,22)( 4,23)( 5, 8)( 6,18)( 7,19)( 9,29)(10,14)(11,15)(13,25)\n(17,21)(20,32)(24,28)(26,37)(27,38)(30,34)(31,35)(33,40)(36,39)", "shape": "dot", "size": 10}, {"id": "( 1,17,12,33,28, 9, 5,25,20,39)( 2,21,16,36,32,13, 8,29,24,40)( 3,11,18,27,34,\n 4,10,19,26,35)( 6,15,22,31,37, 7,14,23,30,38)", "label": "( 1,17,12,33,28, 9, 5,25,20,39)( 2,21,16,36,32,13, 8,29,24,40)( 3,11,18,27,34,\n 4,10,19,26,35)( 6,15,22,31,37, 7,14,23,30,38)", "shape": "dot", "size": 10}, {"id": "( 1,18,28,10,20, 3,12,34, 5,26)( 2,22,32,14,24, 6,16,37, 8,30)( 4,25,35,17,27,\n 9,19,39,11,33)( 7,29,38,21,31,13,23,40,15,36)", "label": "( 1,18,28,10,20, 3,12,34, 5,26)( 2,22,32,14,24, 6,16,37, 8,30)( 4,25,35,17,27,\n 9,19,39,11,33)( 7,29,38,21,31,13,23,40,15,36)", "shape": "dot", "size": 10}, {"id": "( 1,19,28,11,20, 4,12,35, 5,27)( 2,23,32,15,24, 7,16,38, 8,31)( 3,25,34,17,26,\n 9,18,39,10,33)( 6,29,37,21,30,13,22,40,14,36)", "label": "( 1,19,28,11,20, 4,12,35, 5,27)( 2,23,32,15,24, 7,16,38, 8,31)( 3,25,34,17,26,\n 9,18,39,10,33)( 6,29,37,21,30,13,22,40,14,36)", "shape": "dot", "size": 10}, {"id": "( 1,20, 5,28,12)( 2,24, 8,32,16)( 3,26,10,34,18)( 4,27,11,35,19)\n( 6,30,14,37,22)( 7,31,15,38,23)( 9,33,17,39,25)(13,36,21,40,29)", "label": "( 1,20, 5,28,12)( 2,24, 8,32,16)( 3,26,10,34,18)( 4,27,11,35,19)\n( 6,30,14,37,22)( 7,31,15,38,23)( 9,33,17,39,25)(13,36,21,40,29)", "shape": "dot", "size": 10}, {"id": "( 1,21)( 2,17)( 3,15)( 4,14)( 5,13)( 6,11)( 7,10)( 8, 9)(12,40)(16,39)(18,38)\n(19,37)(20,36)(22,35)(23,34)(24,33)(25,32)(26,31)(27,30)(28,29)", "label": "( 1,21)( 2,17)( 3,15)( 4,14)( 5,13)( 6,11)( 7,10)( 8, 9)(12,40)(16,39)(18,38)\n(19,37)(20,36)(22,35)(23,34)(24,33)(25,32)(26,31)(27,30)(28,29)", "shape": "dot", "size": 10}, {"id": "( 1,22)( 2,18)( 3,16)( 4,29)( 5,14)( 6,12)( 7,25)( 8,10)( 9,23)(11,21)(13,19)\n(15,17)(20,37)(24,34)(26,32)(27,40)(28,30)(31,39)(33,38)(35,36)", "label": "( 1,22)( 2,18)( 3,16)( 4,29)( 5,14)( 6,12)( 7,25)( 8,10)( 9,23)(11,21)(13,19)\n(15,17)(20,37)(24,34)(26,32)(27,40)(28,30)(31,39)(33,38)(35,36)", "shape": "dot", "size": 10}, {"id": "( 1,23)( 2,19)( 3,29)( 4,16)( 5,15)( 6,25)( 7,12)( 8,11)( 9,22)(10,21)(13,18)\n(14,17)(20,38)(24,35)(26,40)(27,32)(28,31)(30,39)(33,37)(34,36)", "label": "( 1,23)( 2,19)( 3,29)( 4,16)( 5,15)( 6,25)( 7,12)( 8,11)( 9,22)(10,21)(13,18)\n(14,17)(20,38)(24,35)(26,40)(27,32)(28,31)(30,39)(33,37)(34,36)", "shape": "dot", "size": 10}, {"id": "( 1,24)( 2,20)( 3,30)( 4,31)( 5,16)( 6,26)( 7,27)( 8,12)( 9,36)(10,22)(11,23)\n(13,33)(14,18)(15,19)(17,29)(21,25)(28,32)(34,37)(35,38)(39,40)", "label": "( 1,24)( 2,20)( 3,30)( 4,31)( 5,16)( 6,26)( 7,27)( 8,12)( 9,36)(10,22)(11,23)\n(13,33)(14,18)(15,19)(17,29)(21,25)(28,32)(34,37)(35,38)(39,40)", "shape": "dot", "size": 10}, {"id": "( 1,25,28,17,20, 9,12,39, 5,33)( 2,29,32,21,24,13,16,40, 8,36)( 3,19,34,11,26,\n 4,18,35,10,27)( 6,23,37,15,30, 7,22,38,14,31)", "label": "( 1,25,28,17,20, 9,12,39, 5,33)( 2,29,32,21,24,13,16,40, 8,36)( 3,19,34,11,26,\n 4,18,35,10,27)( 6,23,37,15,30, 7,22,38,14,31)", "shape": "dot", "size": 10}, {"id": "( 1,26, 5,34,12, 3,20,10,28,18)( 2,30, 8,37,16, 6,24,14,32,22)( 4,33,11,39,19,\n 9,27,17,35,25)( 7,36,15,40,23,13,31,21,38,29)", "label": "( 1,26, 5,34,12, 3,20,10,28,18)( 2,30, 8,37,16, 6,24,14,32,22)( 4,33,11,39,19,\n 9,27,17,35,25)( 7,36,15,40,23,13,31,21,38,29)", "shape": "dot", "size": 10}, {"id": "( 1,27, 5,35,12, 4,20,11,28,19)( 2,31, 8,38,16, 7,24,15,32,23)( 3,33,10,39,18,\n 9,26,17,34,25)( 6,36,14,40,22,13,30,21,37,29)", "label": "( 1,27, 5,35,12, 4,20,11,28,19)( 2,31, 8,38,16, 7,24,15,32,23)( 3,33,10,39,18,\n 9,26,17,34,25)( 6,36,14,40,22,13,30,21,37,29)", "shape": "dot", "size": 10}, {"id": "( 1,28,20,12, 5)( 2,32,24,16, 8)( 3,34,26,18,10)( 4,35,27,19,11)\n( 6,37,30,22,14)( 7,38,31,23,15)( 9,39,33,25,17)(13,40,36,29,21)", "label": "( 1,28,20,12, 5)( 2,32,24,16, 8)( 3,34,26,18,10)( 4,35,27,19,11)\n( 6,37,30,22,14)( 7,38,31,23,15)( 9,39,33,25,17)(13,40,36,29,21)", "shape": "dot", "size": 10}, {"id": "( 1,29)( 2,25)( 3,23)( 4,22)( 5,21)( 6,19)( 7,18)( 8,17)( 9,16)(10,15)(11,14)\n(12,13)(20,40)(24,39)(26,38)(27,37)(28,36)(30,35)(31,34)(32,33)", "label": "( 1,29)( 2,25)( 3,23)( 4,22)( 5,21)( 6,19)( 7,18)( 8,17)( 9,16)(10,15)(11,14)\n(12,13)(20,40)(24,39)(26,38)(27,37)(28,36)(30,35)(31,34)(32,33)", "shape": "dot", "size": 10}, {"id": "( 1,30)( 2,26)( 3,24)( 4,36)( 5,22)( 6,20)( 7,33)( 8,18)( 9,31)(10,16)(11,29)\n(12,14)(13,27)(15,25)(17,23)(19,21)(28,37)(32,34)(35,40)(38,39)", "label": "( 1,30)( 2,26)( 3,24)( 4,36)( 5,22)( 6,20)( 7,33)( 8,18)( 9,31)(10,16)(11,29)\n(12,14)(13,27)(15,25)(17,23)(19,21)(28,37)(32,34)(35,40)(38,39)", "shape": "dot", "size": 10}, {"id": "( 1,31)( 2,27)( 3,36)( 4,24)( 5,23)( 6,33)( 7,20)( 8,19)( 9,30)(10,29)(11,16)\n(12,15)(13,26)(14,25)(17,22)(18,21)(28,38)(32,35)(34,40)(37,39)", "label": "( 1,31)( 2,27)( 3,36)( 4,24)( 5,23)( 6,33)( 7,20)( 8,19)( 9,30)(10,29)(11,16)\n(12,15)(13,26)(14,25)(17,22)(18,21)(28,38)(32,35)(34,40)(37,39)", "shape": "dot", "size": 10}, {"id": "( 1,32)( 2,28)( 3,37)( 4,38)( 5,24)( 6,34)( 7,35)( 8,20)( 9,40)(10,30)(11,31)\n(12,16)(13,39)(14,26)(15,27)(17,36)(18,22)(19,23)(21,33)(25,29)", "label": "( 1,32)( 2,28)( 3,37)( 4,38)( 5,24)( 6,34)( 7,35)( 8,20)( 9,40)(10,30)(11,31)\n(12,16)(13,39)(14,26)(15,27)(17,36)(18,22)(19,23)(21,33)(25,29)", "shape": "dot", "size": 10}, {"id": "( 1,33, 5,39,12, 9,20,17,28,25)( 2,36, 8,40,16,13,24,21,32,29)( 3,27,10,35,18,\n 4,26,11,34,19)( 6,31,14,38,22, 7,30,15,37,23)", "label": "( 1,33, 5,39,12, 9,20,17,28,25)( 2,36, 8,40,16,13,24,21,32,29)( 3,27,10,35,18,\n 4,26,11,34,19)( 6,31,14,38,22, 7,30,15,37,23)", "shape": "dot", "size": 10}, {"id": "( 1,34,20,18, 5, 3,28,26,12,10)( 2,37,24,22, 8, 6,32,30,16,14)( 4,39,27,25,11,\n 9,35,33,19,17)( 7,40,31,29,15,13,38,36,23,21)", "label": "( 1,34,20,18, 5, 3,28,26,12,10)( 2,37,24,22, 8, 6,32,30,16,14)( 4,39,27,25,11,\n 9,35,33,19,17)( 7,40,31,29,15,13,38,36,23,21)", "shape": "dot", "size": 10}, {"id": "( 1,35,20,19, 5, 4,28,27,12,11)( 2,38,24,23, 8, 7,32,31,16,15)( 3,39,26,25,10,\n 9,34,33,18,17)( 6,40,30,29,14,13,37,36,22,21)", "label": "( 1,35,20,19, 5, 4,28,27,12,11)( 2,38,24,23, 8, 7,32,31,16,15)( 3,39,26,25,10,\n 9,34,33,18,17)( 6,40,30,29,14,13,37,36,22,21)", "shape": "dot", "size": 10}, {"id": "( 1,36)( 2,33)( 3,31)( 4,30)( 5,29)( 6,27)( 7,26)( 8,25)( 9,24)(10,23)(11,22)\n(12,21)(13,20)(14,19)(15,18)(16,17)(28,40)(32,39)(34,38)(35,37)", "label": "( 1,36)( 2,33)( 3,31)( 4,30)( 5,29)( 6,27)( 7,26)( 8,25)( 9,24)(10,23)(11,22)\n(12,21)(13,20)(14,19)(15,18)(16,17)(28,40)(32,39)(34,38)(35,37)", "shape": "dot", "size": 10}, {"id": "( 1,37)( 2,34)( 3,32)( 4,40)( 5,30)( 6,28)( 7,39)( 8,26)( 9,38)(10,24)(11,36)\n(12,22)(13,35)(14,20)(15,33)(16,18)(17,31)(19,29)(21,27)(23,25)", "label": "( 1,37)( 2,34)( 3,32)( 4,40)( 5,30)( 6,28)( 7,39)( 8,26)( 9,38)(10,24)(11,36)\n(12,22)(13,35)(14,20)(15,33)(16,18)(17,31)(19,29)(21,27)(23,25)", "shape": "dot", "size": 10}, {"id": "( 1,38)( 2,35)( 3,40)( 4,32)( 5,31)( 6,39)( 7,28)( 8,27)( 9,37)(10,36)(11,24)\n(12,23)(13,34)(14,33)(15,20)(16,19)(17,30)(18,29)(21,26)(22,25)", "label": "( 1,38)( 2,35)( 3,40)( 4,32)( 5,31)( 6,39)( 7,28)( 8,27)( 9,37)(10,36)(11,24)\n(12,23)(13,34)(14,33)(15,20)(16,19)(17,30)(18,29)(21,26)(22,25)", "shape": "dot", "size": 10}, {"id": "( 1,39,20,25, 5, 9,28,33,12,17)( 2,40,24,29, 8,13,32,36,16,21)( 3,35,26,19,10,\n 4,34,27,18,11)( 6,38,30,23,14, 7,37,31,22,15)", "label": "( 1,39,20,25, 5, 9,28,33,12,17)( 2,40,24,29, 8,13,32,36,16,21)( 3,35,26,19,10,\n 4,34,27,18,11)( 6,38,30,23,14, 7,37,31,22,15)", "shape": "dot", "size": 10}, {"id": "( 1,40)( 2,39)( 3,38)( 4,37)( 5,36)( 6,35)( 7,34)( 8,33)( 9,32)(10,31)(11,30)\n(12,29)(13,28)(14,27)(15,26)(16,25)(17,24)(18,23)(19,22)(20,21)", "label": "( 1,40)( 2,39)( 3,38)( 4,37)( 5,36)( 6,35)( 7,34)( 8,33)( 9,32)(10,31)(11,30)\n(12,29)(13,28)(14,27)(15,26)(16,25)(17,24)(18,23)(19,22)(20,21)", "shape": "dot", "size": 10}]);
        edges = new vis.DataSet([{"from": "()", "to": "( 1, 2)( 3, 6)( 4, 7)( 5,32)( 8,28)( 9,13)(10,37)(11,38)(12,24)(14,34)(15,35)\n(16,20)(17,40)(18,30)(19,31)(21,39)(22,26)(23,27)(25,36)(29,33)", "weight": 1}, {"from": "()", "to": "( 1, 3)( 2, 6)( 4, 9)( 5,10)( 7,13)( 8,14)(11,17)(12,18)(15,21)(16,22)(19,25)\n(20,26)(23,29)(24,30)(27,33)(28,34)(31,36)(32,37)(35,39)(38,40)", "weight": 1}, {"from": "()", "to": "( 1, 4)( 2, 7)( 3, 9)( 5,11)( 6,13)( 8,15)(10,17)(12,19)(14,21)(16,23)(18,25)\n(20,27)(22,29)(24,31)(26,33)(28,35)(30,36)(32,38)(34,39)(37,40)", "weight": 1}, {"from": "()", "to": "( 1, 5,12,20,28)( 2, 8,16,24,32)( 3,10,18,26,34)( 4,11,19,27,35)\n( 6,14,22,30,37)( 7,15,23,31,38)( 9,17,25,33,39)(13,21,29,36,40)", "weight": 1}, {"from": "()", "to": "( 1, 6)( 2, 3)( 4,13)( 5,37)( 7, 9)( 8,34)(10,32)(11,40)(12,30)(14,28)(15,39)\n(16,26)(17,38)(18,24)(19,36)(20,22)(21,35)(23,33)(25,31)(27,29)", "weight": 1}, {"from": "()", "to": "( 1, 7)( 2, 4)( 3,13)( 5,38)( 6, 9)( 8,35)(10,40)(11,32)(12,31)(14,39)(15,28)\n(16,27)(17,37)(18,36)(19,24)(20,23)(21,34)(22,33)(25,30)(26,29)", "weight": 1}, {"from": "()", "to": "( 1, 8)( 2, 5)( 3,14)( 4,15)( 6,10)( 7,11)( 9,21)(12,32)(13,17)(16,28)(18,37)\n(19,38)(20,24)(22,34)(23,35)(25,40)(26,30)(27,31)(29,39)(33,36)", "weight": 1}, {"from": "()", "to": "( 1, 9)( 2,13)( 3, 4)( 5,17)( 6, 7)( 8,21)(10,11)(12,25)(14,15)(16,29)(18,19)\n(20,33)(22,23)(24,36)(26,27)(28,39)(30,31)(32,40)(34,35)(37,38)", "weight": 1}, {"from": "()", "to": "( 1,10,12,26,28, 3, 5,18,20,34)( 2,14,16,30,32, 6, 8,22,24,37)( 4,17,19,33,35,\n 9,11,25,27,39)( 7,21,23,36,38,13,15,29,31,40)", "weight": 1}, {"from": "()", "to": "( 1,11,12,27,28, 4, 5,19,20,35)( 2,15,16,31,32, 7, 8,23,24,38)( 3,17,18,33,34,\n 9,10,25,26,39)( 6,21,22,36,37,13,14,29,30,40)", "weight": 1}, {"from": "()", "to": "( 1,12,28, 5,20)( 2,16,32, 8,24)( 3,18,34,10,26)( 4,19,35,11,27)\n( 6,22,37,14,30)( 7,23,38,15,31)( 9,25,39,17,33)(13,29,40,21,36)", "weight": 1}, {"from": "()", "to": "( 1,13)( 2, 9)( 3, 7)( 4, 6)( 5,40)( 8,39)(10,38)(11,37)(12,36)(14,35)(15,34)\n(16,33)(17,32)(18,31)(19,30)(20,29)(21,28)(22,27)(23,26)(24,25)", "weight": 1}, {"from": "()", "to": "( 1,14)( 2,10)( 3, 8)( 4,21)( 5, 6)( 7,17)( 9,15)(11,13)(12,37)(16,34)(18,32)\n(19,40)(20,30)(22,28)(23,39)(24,26)(25,38)(27,36)(29,35)(31,33)", "weight": 1}, {"from": "()", "to": "( 1,15)( 2,11)( 3,21)( 4, 8)( 5, 7)( 6,17)( 9,14)(10,13)(12,38)(16,35)(18,40)\n(19,32)(20,31)(22,39)(23,28)(24,27)(25,37)(26,36)(29,34)(30,33)", "weight": 1}, {"from": "()", "to": "( 1,16)( 2,12)( 3,22)( 4,23)( 5, 8)( 6,18)( 7,19)( 9,29)(10,14)(11,15)(13,25)\n(17,21)(20,32)(24,28)(26,37)(27,38)(30,34)(31,35)(33,40)(36,39)", "weight": 1}, {"from": "()", "to": "( 1,17,12,33,28, 9, 5,25,20,39)( 2,21,16,36,32,13, 8,29,24,40)( 3,11,18,27,34,\n 4,10,19,26,35)( 6,15,22,31,37, 7,14,23,30,38)", "weight": 1}, {"from": "()", "to": "( 1,18,28,10,20, 3,12,34, 5,26)( 2,22,32,14,24, 6,16,37, 8,30)( 4,25,35,17,27,\n 9,19,39,11,33)( 7,29,38,21,31,13,23,40,15,36)", "weight": 1}, {"from": "()", "to": "( 1,19,28,11,20, 4,12,35, 5,27)( 2,23,32,15,24, 7,16,38, 8,31)( 3,25,34,17,26,\n 9,18,39,10,33)( 6,29,37,21,30,13,22,40,14,36)", "weight": 1}, {"from": "()", "to": "( 1,20, 5,28,12)( 2,24, 8,32,16)( 3,26,10,34,18)( 4,27,11,35,19)\n( 6,30,14,37,22)( 7,31,15,38,23)( 9,33,17,39,25)(13,36,21,40,29)", "weight": 1}, {"from": "()", "to": "( 1,21)( 2,17)( 3,15)( 4,14)( 5,13)( 6,11)( 7,10)( 8, 9)(12,40)(16,39)(18,38)\n(19,37)(20,36)(22,35)(23,34)(24,33)(25,32)(26,31)(27,30)(28,29)", "weight": 1}, {"from": "()", "to": "( 1,22)( 2,18)( 3,16)( 4,29)( 5,14)( 6,12)( 7,25)( 8,10)( 9,23)(11,21)(13,19)\n(15,17)(20,37)(24,34)(26,32)(27,40)(28,30)(31,39)(33,38)(35,36)", "weight": 1}, {"from": "()", "to": "( 1,23)( 2,19)( 3,29)( 4,16)( 5,15)( 6,25)( 7,12)( 8,11)( 9,22)(10,21)(13,18)\n(14,17)(20,38)(24,35)(26,40)(27,32)(28,31)(30,39)(33,37)(34,36)", "weight": 1}, {"from": "()", "to": "( 1,24)( 2,20)( 3,30)( 4,31)( 5,16)( 6,26)( 7,27)( 8,12)( 9,36)(10,22)(11,23)\n(13,33)(14,18)(15,19)(17,29)(21,25)(28,32)(34,37)(35,38)(39,40)", "weight": 1}, {"from": "()", "to": "( 1,25,28,17,20, 9,12,39, 5,33)( 2,29,32,21,24,13,16,40, 8,36)( 3,19,34,11,26,\n 4,18,35,10,27)( 6,23,37,15,30, 7,22,38,14,31)", "weight": 1}, {"from": "()", "to": "( 1,26, 5,34,12, 3,20,10,28,18)( 2,30, 8,37,16, 6,24,14,32,22)( 4,33,11,39,19,\n 9,27,17,35,25)( 7,36,15,40,23,13,31,21,38,29)", "weight": 1}, {"from": "()", "to": "( 1,27, 5,35,12, 4,20,11,28,19)( 2,31, 8,38,16, 7,24,15,32,23)( 3,33,10,39,18,\n 9,26,17,34,25)( 6,36,14,40,22,13,30,21,37,29)", "weight": 1}, {"from": "()", "to": "( 1,28,20,12, 5)( 2,32,24,16, 8)( 3,34,26,18,10)( 4,35,27,19,11)\n( 6,37,30,22,14)( 7,38,31,23,15)( 9,39,33,25,17)(13,40,36,29,21)", "weight": 1}, {"from": "()", "to": "( 1,29)( 2,25)( 3,23)( 4,22)( 5,21)( 6,19)( 7,18)( 8,17)( 9,16)(10,15)(11,14)\n(12,13)(20,40)(24,39)(26,38)(27,37)(28,36)(30,35)(31,34)(32,33)", "weight": 1}, {"from": "()", "to": "( 1,30)( 2,26)( 3,24)( 4,36)( 5,22)( 6,20)( 7,33)( 8,18)( 9,31)(10,16)(11,29)\n(12,14)(13,27)(15,25)(17,23)(19,21)(28,37)(32,34)(35,40)(38,39)", "weight": 1}, {"from": "()", "to": "( 1,31)( 2,27)( 3,36)( 4,24)( 5,23)( 6,33)( 7,20)( 8,19)( 9,30)(10,29)(11,16)\n(12,15)(13,26)(14,25)(17,22)(18,21)(28,38)(32,35)(34,40)(37,39)", "weight": 1}, {"from": "()", "to": "( 1,32)( 2,28)( 3,37)( 4,38)( 5,24)( 6,34)( 7,35)( 8,20)( 9,40)(10,30)(11,31)\n(12,16)(13,39)(14,26)(15,27)(17,36)(18,22)(19,23)(21,33)(25,29)", "weight": 1}, {"from": "()", "to": "( 1,33, 5,39,12, 9,20,17,28,25)( 2,36, 8,40,16,13,24,21,32,29)( 3,27,10,35,18,\n 4,26,11,34,19)( 6,31,14,38,22, 7,30,15,37,23)", "weight": 1}, {"from": "()", "to": "( 1,34,20,18, 5, 3,28,26,12,10)( 2,37,24,22, 8, 6,32,30,16,14)( 4,39,27,25,11,\n 9,35,33,19,17)( 7,40,31,29,15,13,38,36,23,21)", "weight": 1}, {"from": "()", "to": "( 1,35,20,19, 5, 4,28,27,12,11)( 2,38,24,23, 8, 7,32,31,16,15)( 3,39,26,25,10,\n 9,34,33,18,17)( 6,40,30,29,14,13,37,36,22,21)", "weight": 1}, {"from": "()", "to": "( 1,36)( 2,33)( 3,31)( 4,30)( 5,29)( 6,27)( 7,26)( 8,25)( 9,24)(10,23)(11,22)\n(12,21)(13,20)(14,19)(15,18)(16,17)(28,40)(32,39)(34,38)(35,37)", "weight": 1}, {"from": "()", "to": "( 1,37)( 2,34)( 3,32)( 4,40)( 5,30)( 6,28)( 7,39)( 8,26)( 9,38)(10,24)(11,36)\n(12,22)(13,35)(14,20)(15,33)(16,18)(17,31)(19,29)(21,27)(23,25)", "weight": 1}, {"from": "()", "to": "( 1,38)( 2,35)( 3,40)( 4,32)( 5,31)( 6,39)( 7,28)( 8,27)( 9,37)(10,36)(11,24)\n(12,23)(13,34)(14,33)(15,20)(16,19)(17,30)(18,29)(21,26)(22,25)", "weight": 1}, {"from": "()", "to": "( 1,39,20,25, 5, 9,28,33,12,17)( 2,40,24,29, 8,13,32,36,16,21)( 3,35,26,19,10,\n 4,34,27,18,11)( 6,38,30,23,14, 7,37,31,22,15)", "weight": 1}, {"from": "()", "to": "( 1,40)( 2,39)( 3,38)( 4,37)( 5,36)( 6,35)( 7,34)( 8,33)( 9,32)(10,31)(11,30)\n(12,29)(13,28)(14,27)(15,26)(16,25)(17,24)(18,23)(19,22)(20,21)", "weight": 1}, {"from": "( 1, 2)( 3, 6)( 4, 7)( 5,32)( 8,28)( 9,13)(10,37)(11,38)(12,24)(14,34)(15,35)\n(16,20)(17,40)(18,30)(19,31)(21,39)(22,26)(23,27)(25,36)(29,33)", "to": "( 1, 3)( 2, 6)( 4, 9)( 5,10)( 7,13)( 8,14)(11,17)(12,18)(15,21)(16,22)(19,25)\n(20,26)(23,29)(24,30)(27,33)(28,34)(31,36)(32,37)(35,39)(38,40)", "weight": 1}, {"from": "( 1, 2)( 3, 6)( 4, 7)( 5,32)( 8,28)( 9,13)(10,37)(11,38)(12,24)(14,34)(15,35)\n(16,20)(17,40)(18,30)(19,31)(21,39)(22,26)(23,27)(25,36)(29,33)", "to": "( 1, 4)( 2, 7)( 3, 9)( 5,11)( 6,13)( 8,15)(10,17)(12,19)(14,21)(16,23)(18,25)\n(20,27)(22,29)(24,31)(26,33)(28,35)(30,36)(32,38)(34,39)(37,40)", "weight": 1}, {"from": "( 1, 2)( 3, 6)( 4, 7)( 5,32)( 8,28)( 9,13)(10,37)(11,38)(12,24)(14,34)(15,35)\n(16,20)(17,40)(18,30)(19,31)(21,39)(22,26)(23,27)(25,36)(29,33)", "to": "( 1, 6)( 2, 3)( 4,13)( 5,37)( 7, 9)( 8,34)(10,32)(11,40)(12,30)(14,28)(15,39)\n(16,26)(17,38)(18,24)(19,36)(20,22)(21,35)(23,33)(25,31)(27,29)", "weight": 1}, {"from": "( 1, 2)( 3, 6)( 4, 7)( 5,32)( 8,28)( 9,13)(10,37)(11,38)(12,24)(14,34)(15,35)\n(16,20)(17,40)(18,30)(19,31)(21,39)(22,26)(23,27)(25,36)(29,33)", "to": "( 1, 7)( 2, 4)( 3,13)( 5,38)( 6, 9)( 8,35)(10,40)(11,32)(12,31)(14,39)(15,28)\n(16,27)(17,37)(18,36)(19,24)(20,23)(21,34)(22,33)(25,30)(26,29)", "weight": 1}, {"from": "( 1, 2)( 3, 6)( 4, 7)( 5,32)( 8,28)( 9,13)(10,37)(11,38)(12,24)(14,34)(15,35)\n(16,20)(17,40)(18,30)(19,31)(21,39)(22,26)(23,27)(25,36)(29,33)", "to": "( 1, 9)( 2,13)( 3, 4)( 5,17)( 6, 7)( 8,21)(10,11)(12,25)(14,15)(16,29)(18,19)\n(20,33)(22,23)(24,36)(26,27)(28,39)(30,31)(32,40)(34,35)(37,38)", "weight": 1}, {"from": "( 1, 2)( 3, 6)( 4, 7)( 5,32)( 8,28)( 9,13)(10,37)(11,38)(12,24)(14,34)(15,35)\n(16,20)(17,40)(18,30)(19,31)(21,39)(22,26)(23,27)(25,36)(29,33)", "to": "( 1,13)( 2, 9)( 3, 7)( 4, 6)( 5,40)( 8,39)(10,38)(11,37)(12,36)(14,35)(15,34)\n(16,33)(17,32)(18,31)(19,30)(20,29)(21,28)(22,27)(23,26)(24,25)", "weight": 1}, {"from": "( 1, 3)( 2, 6)( 4, 9)( 5,10)( 7,13)( 8,14)(11,17)(12,18)(15,21)(16,22)(19,25)\n(20,26)(23,29)(24,30)(27,33)(28,34)(31,36)(32,37)(35,39)(38,40)", "to": "( 1, 4)( 2, 7)( 3, 9)( 5,11)( 6,13)( 8,15)(10,17)(12,19)(14,21)(16,23)(18,25)\n(20,27)(22,29)(24,31)(26,33)(28,35)(30,36)(32,38)(34,39)(37,40)", "weight": 1}, {"from": "( 1, 3)( 2, 6)( 4, 9)( 5,10)( 7,13)( 8,14)(11,17)(12,18)(15,21)(16,22)(19,25)\n(20,26)(23,29)(24,30)(27,33)(28,34)(31,36)(32,37)(35,39)(38,40)", "to": "( 1, 5,12,20,28)( 2, 8,16,24,32)( 3,10,18,26,34)( 4,11,19,27,35)\n( 6,14,22,30,37)( 7,15,23,31,38)( 9,17,25,33,39)(13,21,29,36,40)", "weight": 1}, {"from": "( 1, 3)( 2, 6)( 4, 9)( 5,10)( 7,13)( 8,14)(11,17)(12,18)(15,21)(16,22)(19,25)\n(20,26)(23,29)(24,30)(27,33)(28,34)(31,36)(32,37)(35,39)(38,40)", "to": "( 1, 6)( 2, 3)( 4,13)( 5,37)( 7, 9)( 8,34)(10,32)(11,40)(12,30)(14,28)(15,39)\n(16,26)(17,38)(18,24)(19,36)(20,22)(21,35)(23,33)(25,31)(27,29)", "weight": 1}, {"from": "( 1, 3)( 2, 6)( 4, 9)( 5,10)( 7,13)( 8,14)(11,17)(12,18)(15,21)(16,22)(19,25)\n(20,26)(23,29)(24,30)(27,33)(28,34)(31,36)(32,37)(35,39)(38,40)", "to": "( 1, 7)( 2, 4)( 3,13)( 5,38)( 6, 9)( 8,35)(10,40)(11,32)(12,31)(14,39)(15,28)\n(16,27)(17,37)(18,36)(19,24)(20,23)(21,34)(22,33)(25,30)(26,29)", "weight": 1}, {"from": "( 1, 3)( 2, 6)( 4, 9)( 5,10)( 7,13)( 8,14)(11,17)(12,18)(15,21)(16,22)(19,25)\n(20,26)(23,29)(24,30)(27,33)(28,34)(31,36)(32,37)(35,39)(38,40)", "to": "( 1, 8)( 2, 5)( 3,14)( 4,15)( 6,10)( 7,11)( 9,21)(12,32)(13,17)(16,28)(18,37)\n(19,38)(20,24)(22,34)(23,35)(25,40)(26,30)(27,31)(29,39)(33,36)", "weight": 1}, {"from": "( 1, 3)( 2, 6)( 4, 9)( 5,10)( 7,13)( 8,14)(11,17)(12,18)(15,21)(16,22)(19,25)\n(20,26)(23,29)(24,30)(27,33)(28,34)(31,36)(32,37)(35,39)(38,40)", "to": "( 1, 9)( 2,13)( 3, 4)( 5,17)( 6, 7)( 8,21)(10,11)(12,25)(14,15)(16,29)(18,19)\n(20,33)(22,23)(24,36)(26,27)(28,39)(30,31)(32,40)(34,35)(37,38)", "weight": 1}, {"from": "( 1, 3)( 2, 6)( 4, 9)( 5,10)( 7,13)( 8,14)(11,17)(12,18)(15,21)(16,22)(19,25)\n(20,26)(23,29)(24,30)(27,33)(28,34)(31,36)(32,37)(35,39)(38,40)", "to": "( 1,10,12,26,28, 3, 5,18,20,34)( 2,14,16,30,32, 6, 8,22,24,37)( 4,17,19,33,35,\n 9,11,25,27,39)( 7,21,23,36,38,13,15,29,31,40)", "weight": 1}, {"from": "( 1, 3)( 2, 6)( 4, 9)( 5,10)( 7,13)( 8,14)(11,17)(12,18)(15,21)(16,22)(19,25)\n(20,26)(23,29)(24,30)(27,33)(28,34)(31,36)(32,37)(35,39)(38,40)", "to": "( 1,11,12,27,28, 4, 5,19,20,35)( 2,15,16,31,32, 7, 8,23,24,38)( 3,17,18,33,34,\n 9,10,25,26,39)( 6,21,22,36,37,13,14,29,30,40)", "weight": 1}, {"from": "( 1, 3)( 2, 6)( 4, 9)( 5,10)( 7,13)( 8,14)(11,17)(12,18)(15,21)(16,22)(19,25)\n(20,26)(23,29)(24,30)(27,33)(28,34)(31,36)(32,37)(35,39)(38,40)", "to": "( 1,12,28, 5,20)( 2,16,32, 8,24)( 3,18,34,10,26)( 4,19,35,11,27)\n( 6,22,37,14,30)( 7,23,38,15,31)( 9,25,39,17,33)(13,29,40,21,36)", "weight": 1}, {"from": "( 1, 3)( 2, 6)( 4, 9)( 5,10)( 7,13)( 8,14)(11,17)(12,18)(15,21)(16,22)(19,25)\n(20,26)(23,29)(24,30)(27,33)(28,34)(31,36)(32,37)(35,39)(38,40)", "to": "( 1,13)( 2, 9)( 3, 7)( 4, 6)( 5,40)( 8,39)(10,38)(11,37)(12,36)(14,35)(15,34)\n(16,33)(17,32)(18,31)(19,30)(20,29)(21,28)(22,27)(23,26)(24,25)", "weight": 1}, {"from": "( 1, 3)( 2, 6)( 4, 9)( 5,10)( 7,13)( 8,14)(11,17)(12,18)(15,21)(16,22)(19,25)\n(20,26)(23,29)(24,30)(27,33)(28,34)(31,36)(32,37)(35,39)(38,40)", "to": "( 1,14)( 2,10)( 3, 8)( 4,21)( 5, 6)( 7,17)( 9,15)(11,13)(12,37)(16,34)(18,32)\n(19,40)(20,30)(22,28)(23,39)(24,26)(25,38)(27,36)(29,35)(31,33)", "weight": 1}, {"from": "( 1, 3)( 2, 6)( 4, 9)( 5,10)( 7,13)( 8,14)(11,17)(12,18)(15,21)(16,22)(19,25)\n(20,26)(23,29)(24,30)(27,33)(28,34)(31,36)(32,37)(35,39)(38,40)", "to": "( 1,15)( 2,11)( 3,21)( 4, 8)( 5, 7)( 6,17)( 9,14)(10,13)(12,38)(16,35)(18,40)\n(19,32)(20,31)(22,39)(23,28)(24,27)(25,37)(26,36)(29,34)(30,33)", "weight": 1}, {"from": "( 1, 3)( 2, 6)( 4, 9)( 5,10)( 7,13)( 8,14)(11,17)(12,18)(15,21)(16,22)(19,25)\n(20,26)(23,29)(24,30)(27,33)(28,34)(31,36)(32,37)(35,39)(38,40)", "to": "( 1,16)( 2,12)( 3,22)( 4,23)( 5, 8)( 6,18)( 7,19)( 9,29)(10,14)(11,15)(13,25)\n(17,21)(20,32)(24,28)(26,37)(27,38)(30,34)(31,35)(33,40)(36,39)", "weight": 1}, {"from": "( 1, 3)( 2, 6)( 4, 9)( 5,10)( 7,13)( 8,14)(11,17)(12,18)(15,21)(16,22)(19,25)\n(20,26)(23,29)(24,30)(27,33)(28,34)(31,36)(32,37)(35,39)(38,40)", "to": "( 1,17,12,33,28, 9, 5,25,20,39)( 2,21,16,36,32,13, 8,29,24,40)( 3,11,18,27,34,\n 4,10,19,26,35)( 6,15,22,31,37, 7,14,23,30,38)", "weight": 1}, {"from": "( 1, 3)( 2, 6)( 4, 9)( 5,10)( 7,13)( 8,14)(11,17)(12,18)(15,21)(16,22)(19,25)\n(20,26)(23,29)(24,30)(27,33)(28,34)(31,36)(32,37)(35,39)(38,40)", "to": "( 1,18,28,10,20, 3,12,34, 5,26)( 2,22,32,14,24, 6,16,37, 8,30)( 4,25,35,17,27,\n 9,19,39,11,33)( 7,29,38,21,31,13,23,40,15,36)", "weight": 1}, {"from": "( 1, 3)( 2, 6)( 4, 9)( 5,10)( 7,13)( 8,14)(11,17)(12,18)(15,21)(16,22)(19,25)\n(20,26)(23,29)(24,30)(27,33)(28,34)(31,36)(32,37)(35,39)(38,40)", "to": "( 1,19,28,11,20, 4,12,35, 5,27)( 2,23,32,15,24, 7,16,38, 8,31)( 3,25,34,17,26,\n 9,18,39,10,33)( 6,29,37,21,30,13,22,40,14,36)", "weight": 1}, {"from": "( 1, 3)( 2, 6)( 4, 9)( 5,10)( 7,13)( 8,14)(11,17)(12,18)(15,21)(16,22)(19,25)\n(20,26)(23,29)(24,30)(27,33)(28,34)(31,36)(32,37)(35,39)(38,40)", "to": "( 1,20, 5,28,12)( 2,24, 8,32,16)( 3,26,10,34,18)( 4,27,11,35,19)\n( 6,30,14,37,22)( 7,31,15,38,23)( 9,33,17,39,25)(13,36,21,40,29)", "weight": 1}, {"from": "( 1, 3)( 2, 6)( 4, 9)( 5,10)( 7,13)( 8,14)(11,17)(12,18)(15,21)(16,22)(19,25)\n(20,26)(23,29)(24,30)(27,33)(28,34)(31,36)(32,37)(35,39)(38,40)", "to": "( 1,21)( 2,17)( 3,15)( 4,14)( 5,13)( 6,11)( 7,10)( 8, 9)(12,40)(16,39)(18,38)\n(19,37)(20,36)(22,35)(23,34)(24,33)(25,32)(26,31)(27,30)(28,29)", "weight": 1}, {"from": "( 1, 3)( 2, 6)( 4, 9)( 5,10)( 7,13)( 8,14)(11,17)(12,18)(15,21)(16,22)(19,25)\n(20,26)(23,29)(24,30)(27,33)(28,34)(31,36)(32,37)(35,39)(38,40)", "to": "( 1,22)( 2,18)( 3,16)( 4,29)( 5,14)( 6,12)( 7,25)( 8,10)( 9,23)(11,21)(13,19)\n(15,17)(20,37)(24,34)(26,32)(27,40)(28,30)(31,39)(33,38)(35,36)", "weight": 1}, {"from": "( 1, 3)( 2, 6)( 4, 9)( 5,10)( 7,13)( 8,14)(11,17)(12,18)(15,21)(16,22)(19,25)\n(20,26)(23,29)(24,30)(27,33)(28,34)(31,36)(32,37)(35,39)(38,40)", "to": "( 1,23)( 2,19)( 3,29)( 4,16)( 5,15)( 6,25)( 7,12)( 8,11)( 9,22)(10,21)(13,18)\n(14,17)(20,38)(24,35)(26,40)(27,32)(28,31)(30,39)(33,37)(34,36)", "weight": 1}, {"from": "( 1, 3)( 2, 6)( 4, 9)( 5,10)( 7,13)( 8,14)(11,17)(12,18)(15,21)(16,22)(19,25)\n(20,26)(23,29)(24,30)(27,33)(28,34)(31,36)(32,37)(35,39)(38,40)", "to": "( 1,24)( 2,20)( 3,30)( 4,31)( 5,16)( 6,26)( 7,27)( 8,12)( 9,36)(10,22)(11,23)\n(13,33)(14,18)(15,19)(17,29)(21,25)(28,32)(34,37)(35,38)(39,40)", "weight": 1}, {"from": "( 1, 3)( 2, 6)( 4, 9)( 5,10)( 7,13)( 8,14)(11,17)(12,18)(15,21)(16,22)(19,25)\n(20,26)(23,29)(24,30)(27,33)(28,34)(31,36)(32,37)(35,39)(38,40)", "to": "( 1,25,28,17,20, 9,12,39, 5,33)( 2,29,32,21,24,13,16,40, 8,36)( 3,19,34,11,26,\n 4,18,35,10,27)( 6,23,37,15,30, 7,22,38,14,31)", "weight": 1}, {"from": "( 1, 3)( 2, 6)( 4, 9)( 5,10)( 7,13)( 8,14)(11,17)(12,18)(15,21)(16,22)(19,25)\n(20,26)(23,29)(24,30)(27,33)(28,34)(31,36)(32,37)(35,39)(38,40)", "to": "( 1,26, 5,34,12, 3,20,10,28,18)( 2,30, 8,37,16, 6,24,14,32,22)( 4,33,11,39,19,\n 9,27,17,35,25)( 7,36,15,40,23,13,31,21,38,29)", "weight": 1}, {"from": "( 1, 3)( 2, 6)( 4, 9)( 5,10)( 7,13)( 8,14)(11,17)(12,18)(15,21)(16,22)(19,25)\n(20,26)(23,29)(24,30)(27,33)(28,34)(31,36)(32,37)(35,39)(38,40)", "to": "( 1,27, 5,35,12, 4,20,11,28,19)( 2,31, 8,38,16, 7,24,15,32,23)( 3,33,10,39,18,\n 9,26,17,34,25)( 6,36,14,40,22,13,30,21,37,29)", "weight": 1}, {"from": "( 1, 3)( 2, 6)( 4, 9)( 5,10)( 7,13)( 8,14)(11,17)(12,18)(15,21)(16,22)(19,25)\n(20,26)(23,29)(24,30)(27,33)(28,34)(31,36)(32,37)(35,39)(38,40)", "to": "( 1,28,20,12, 5)( 2,32,24,16, 8)( 3,34,26,18,10)( 4,35,27,19,11)\n( 6,37,30,22,14)( 7,38,31,23,15)( 9,39,33,25,17)(13,40,36,29,21)", "weight": 1}, {"from": "( 1, 3)( 2, 6)( 4, 9)( 5,10)( 7,13)( 8,14)(11,17)(12,18)(15,21)(16,22)(19,25)\n(20,26)(23,29)(24,30)(27,33)(28,34)(31,36)(32,37)(35,39)(38,40)", "to": "( 1,29)( 2,25)( 3,23)( 4,22)( 5,21)( 6,19)( 7,18)( 8,17)( 9,16)(10,15)(11,14)\n(12,13)(20,40)(24,39)(26,38)(27,37)(28,36)(30,35)(31,34)(32,33)", "weight": 1}, {"from": "( 1, 3)( 2, 6)( 4, 9)( 5,10)( 7,13)( 8,14)(11,17)(12,18)(15,21)(16,22)(19,25)\n(20,26)(23,29)(24,30)(27,33)(28,34)(31,36)(32,37)(35,39)(38,40)", "to": "( 1,30)( 2,26)( 3,24)( 4,36)( 5,22)( 6,20)( 7,33)( 8,18)( 9,31)(10,16)(11,29)\n(12,14)(13,27)(15,25)(17,23)(19,21)(28,37)(32,34)(35,40)(38,39)", "weight": 1}, {"from": "( 1, 3)( 2, 6)( 4, 9)( 5,10)( 7,13)( 8,14)(11,17)(12,18)(15,21)(16,22)(19,25)\n(20,26)(23,29)(24,30)(27,33)(28,34)(31,36)(32,37)(35,39)(38,40)", "to": "( 1,31)( 2,27)( 3,36)( 4,24)( 5,23)( 6,33)( 7,20)( 8,19)( 9,30)(10,29)(11,16)\n(12,15)(13,26)(14,25)(17,22)(18,21)(28,38)(32,35)(34,40)(37,39)", "weight": 1}, {"from": "( 1, 3)( 2, 6)( 4, 9)( 5,10)( 7,13)( 8,14)(11,17)(12,18)(15,21)(16,22)(19,25)\n(20,26)(23,29)(24,30)(27,33)(28,34)(31,36)(32,37)(35,39)(38,40)", "to": "( 1,32)( 2,28)( 3,37)( 4,38)( 5,24)( 6,34)( 7,35)( 8,20)( 9,40)(10,30)(11,31)\n(12,16)(13,39)(14,26)(15,27)(17,36)(18,22)(19,23)(21,33)(25,29)", "weight": 1}, {"from": "( 1, 3)( 2, 6)( 4, 9)( 5,10)( 7,13)( 8,14)(11,17)(12,18)(15,21)(16,22)(19,25)\n(20,26)(23,29)(24,30)(27,33)(28,34)(31,36)(32,37)(35,39)(38,40)", "to": "( 1,33, 5,39,12, 9,20,17,28,25)( 2,36, 8,40,16,13,24,21,32,29)( 3,27,10,35,18,\n 4,26,11,34,19)( 6,31,14,38,22, 7,30,15,37,23)", "weight": 1}, {"from": "( 1, 3)( 2, 6)( 4, 9)( 5,10)( 7,13)( 8,14)(11,17)(12,18)(15,21)(16,22)(19,25)\n(20,26)(23,29)(24,30)(27,33)(28,34)(31,36)(32,37)(35,39)(38,40)", "to": "( 1,34,20,18, 5, 3,28,26,12,10)( 2,37,24,22, 8, 6,32,30,16,14)( 4,39,27,25,11,\n 9,35,33,19,17)( 7,40,31,29,15,13,38,36,23,21)", "weight": 1}, {"from": "( 1, 3)( 2, 6)( 4, 9)( 5,10)( 7,13)( 8,14)(11,17)(12,18)(15,21)(16,22)(19,25)\n(20,26)(23,29)(24,30)(27,33)(28,34)(31,36)(32,37)(35,39)(38,40)", "to": "( 1,35,20,19, 5, 4,28,27,12,11)( 2,38,24,23, 8, 7,32,31,16,15)( 3,39,26,25,10,\n 9,34,33,18,17)( 6,40,30,29,14,13,37,36,22,21)", "weight": 1}, {"from": "( 1, 3)( 2, 6)( 4, 9)( 5,10)( 7,13)( 8,14)(11,17)(12,18)(15,21)(16,22)(19,25)\n(20,26)(23,29)(24,30)(27,33)(28,34)(31,36)(32,37)(35,39)(38,40)", "to": "( 1,36)( 2,33)( 3,31)( 4,30)( 5,29)( 6,27)( 7,26)( 8,25)( 9,24)(10,23)(11,22)\n(12,21)(13,20)(14,19)(15,18)(16,17)(28,40)(32,39)(34,38)(35,37)", "weight": 1}, {"from": "( 1, 3)( 2, 6)( 4, 9)( 5,10)( 7,13)( 8,14)(11,17)(12,18)(15,21)(16,22)(19,25)\n(20,26)(23,29)(24,30)(27,33)(28,34)(31,36)(32,37)(35,39)(38,40)", "to": "( 1,37)( 2,34)( 3,32)( 4,40)( 5,30)( 6,28)( 7,39)( 8,26)( 9,38)(10,24)(11,36)\n(12,22)(13,35)(14,20)(15,33)(16,18)(17,31)(19,29)(21,27)(23,25)", "weight": 1}, {"from": "( 1, 3)( 2, 6)( 4, 9)( 5,10)( 7,13)( 8,14)(11,17)(12,18)(15,21)(16,22)(19,25)\n(20,26)(23,29)(24,30)(27,33)(28,34)(31,36)(32,37)(35,39)(38,40)", "to": "( 1,38)( 2,35)( 3,40)( 4,32)( 5,31)( 6,39)( 7,28)( 8,27)( 9,37)(10,36)(11,24)\n(12,23)(13,34)(14,33)(15,20)(16,19)(17,30)(18,29)(21,26)(22,25)", "weight": 1}, {"from": "( 1, 3)( 2, 6)( 4, 9)( 5,10)( 7,13)( 8,14)(11,17)(12,18)(15,21)(16,22)(19,25)\n(20,26)(23,29)(24,30)(27,33)(28,34)(31,36)(32,37)(35,39)(38,40)", "to": "( 1,39,20,25, 5, 9,28,33,12,17)( 2,40,24,29, 8,13,32,36,16,21)( 3,35,26,19,10,\n 4,34,27,18,11)( 6,38,30,23,14, 7,37,31,22,15)", "weight": 1}, {"from": "( 1, 3)( 2, 6)( 4, 9)( 5,10)( 7,13)( 8,14)(11,17)(12,18)(15,21)(16,22)(19,25)\n(20,26)(23,29)(24,30)(27,33)(28,34)(31,36)(32,37)(35,39)(38,40)", "to": "( 1,40)( 2,39)( 3,38)( 4,37)( 5,36)( 6,35)( 7,34)( 8,33)( 9,32)(10,31)(11,30)\n(12,29)(13,28)(14,27)(15,26)(16,25)(17,24)(18,23)(19,22)(20,21)", "weight": 1}, {"from": "( 1, 4)( 2, 7)( 3, 9)( 5,11)( 6,13)( 8,15)(10,17)(12,19)(14,21)(16,23)(18,25)\n(20,27)(22,29)(24,31)(26,33)(28,35)(30,36)(32,38)(34,39)(37,40)", "to": "( 1, 5,12,20,28)( 2, 8,16,24,32)( 3,10,18,26,34)( 4,11,19,27,35)\n( 6,14,22,30,37)( 7,15,23,31,38)( 9,17,25,33,39)(13,21,29,36,40)", "weight": 1}, {"from": "( 1, 4)( 2, 7)( 3, 9)( 5,11)( 6,13)( 8,15)(10,17)(12,19)(14,21)(16,23)(18,25)\n(20,27)(22,29)(24,31)(26,33)(28,35)(30,36)(32,38)(34,39)(37,40)", "to": "( 1, 6)( 2, 3)( 4,13)( 5,37)( 7, 9)( 8,34)(10,32)(11,40)(12,30)(14,28)(15,39)\n(16,26)(17,38)(18,24)(19,36)(20,22)(21,35)(23,33)(25,31)(27,29)", "weight": 1}, {"from": "( 1, 4)( 2, 7)( 3, 9)( 5,11)( 6,13)( 8,15)(10,17)(12,19)(14,21)(16,23)(18,25)\n(20,27)(22,29)(24,31)(26,33)(28,35)(30,36)(32,38)(34,39)(37,40)", "to": "( 1, 7)( 2, 4)( 3,13)( 5,38)( 6, 9)( 8,35)(10,40)(11,32)(12,31)(14,39)(15,28)\n(16,27)(17,37)(18,36)(19,24)(20,23)(21,34)(22,33)(25,30)(26,29)", "weight": 1}, {"from": "( 1, 4)( 2, 7)( 3, 9)( 5,11)( 6,13)( 8,15)(10,17)(12,19)(14,21)(16,23)(18,25)\n(20,27)(22,29)(24,31)(26,33)(28,35)(30,36)(32,38)(34,39)(37,40)", "to": "( 1, 8)( 2, 5)( 3,14)( 4,15)( 6,10)( 7,11)( 9,21)(12,32)(13,17)(16,28)(18,37)\n(19,38)(20,24)(22,34)(23,35)(25,40)(26,30)(27,31)(29,39)(33,36)", "weight": 1}, {"from": "( 1, 4)( 2, 7)( 3, 9)( 5,11)( 6,13)( 8,15)(10,17)(12,19)(14,21)(16,23)(18,25)\n(20,27)(22,29)(24,31)(26,33)(28,35)(30,36)(32,38)(34,39)(37,40)", "to": "( 1, 9)( 2,13)( 3, 4)( 5,17)( 6, 7)( 8,21)(10,11)(12,25)(14,15)(16,29)(18,19)\n(20,33)(22,23)(24,36)(26,27)(28,39)(30,31)(32,40)(34,35)(37,38)", "weight": 1}, {"from": "( 1, 4)( 2, 7)( 3, 9)( 5,11)( 6,13)( 8,15)(10,17)(12,19)(14,21)(16,23)(18,25)\n(20,27)(22,29)(24,31)(26,33)(28,35)(30,36)(32,38)(34,39)(37,40)", "to": "( 1,10,12,26,28, 3, 5,18,20,34)( 2,14,16,30,32, 6, 8,22,24,37)( 4,17,19,33,35,\n 9,11,25,27,39)( 7,21,23,36,38,13,15,29,31,40)", "weight": 1}, {"from": "( 1, 4)( 2, 7)( 3, 9)( 5,11)( 6,13)( 8,15)(10,17)(12,19)(14,21)(16,23)(18,25)\n(20,27)(22,29)(24,31)(26,33)(28,35)(30,36)(32,38)(34,39)(37,40)", "to": "( 1,11,12,27,28, 4, 5,19,20,35)( 2,15,16,31,32, 7, 8,23,24,38)( 3,17,18,33,34,\n 9,10,25,26,39)( 6,21,22,36,37,13,14,29,30,40)", "weight": 1}, {"from": "( 1, 4)( 2, 7)( 3, 9)( 5,11)( 6,13)( 8,15)(10,17)(12,19)(14,21)(16,23)(18,25)\n(20,27)(22,29)(24,31)(26,33)(28,35)(30,36)(32,38)(34,39)(37,40)", "to": "( 1,12,28, 5,20)( 2,16,32, 8,24)( 3,18,34,10,26)( 4,19,35,11,27)\n( 6,22,37,14,30)( 7,23,38,15,31)( 9,25,39,17,33)(13,29,40,21,36)", "weight": 1}, {"from": "( 1, 4)( 2, 7)( 3, 9)( 5,11)( 6,13)( 8,15)(10,17)(12,19)(14,21)(16,23)(18,25)\n(20,27)(22,29)(24,31)(26,33)(28,35)(30,36)(32,38)(34,39)(37,40)", "to": "( 1,13)( 2, 9)( 3, 7)( 4, 6)( 5,40)( 8,39)(10,38)(11,37)(12,36)(14,35)(15,34)\n(16,33)(17,32)(18,31)(19,30)(20,29)(21,28)(22,27)(23,26)(24,25)", "weight": 1}, {"from": "( 1, 4)( 2, 7)( 3, 9)( 5,11)( 6,13)( 8,15)(10,17)(12,19)(14,21)(16,23)(18,25)\n(20,27)(22,29)(24,31)(26,33)(28,35)(30,36)(32,38)(34,39)(37,40)", "to": "( 1,14)( 2,10)( 3, 8)( 4,21)( 5, 6)( 7,17)( 9,15)(11,13)(12,37)(16,34)(18,32)\n(19,40)(20,30)(22,28)(23,39)(24,26)(25,38)(27,36)(29,35)(31,33)", "weight": 1}, {"from": "( 1, 4)( 2, 7)( 3, 9)( 5,11)( 6,13)( 8,15)(10,17)(12,19)(14,21)(16,23)(18,25)\n(20,27)(22,29)(24,31)(26,33)(28,35)(30,36)(32,38)(34,39)(37,40)", "to": "( 1,15)( 2,11)( 3,21)( 4, 8)( 5, 7)( 6,17)( 9,14)(10,13)(12,38)(16,35)(18,40)\n(19,32)(20,31)(22,39)(23,28)(24,27)(25,37)(26,36)(29,34)(30,33)", "weight": 1}, {"from": "( 1, 4)( 2, 7)( 3, 9)( 5,11)( 6,13)( 8,15)(10,17)(12,19)(14,21)(16,23)(18,25)\n(20,27)(22,29)(24,31)(26,33)(28,35)(30,36)(32,38)(34,39)(37,40)", "to": "( 1,16)( 2,12)( 3,22)( 4,23)( 5, 8)( 6,18)( 7,19)( 9,29)(10,14)(11,15)(13,25)\n(17,21)(20,32)(24,28)(26,37)(27,38)(30,34)(31,35)(33,40)(36,39)", "weight": 1}, {"from": "( 1, 4)( 2, 7)( 3, 9)( 5,11)( 6,13)( 8,15)(10,17)(12,19)(14,21)(16,23)(18,25)\n(20,27)(22,29)(24,31)(26,33)(28,35)(30,36)(32,38)(34,39)(37,40)", "to": "( 1,17,12,33,28, 9, 5,25,20,39)( 2,21,16,36,32,13, 8,29,24,40)( 3,11,18,27,34,\n 4,10,19,26,35)( 6,15,22,31,37, 7,14,23,30,38)", "weight": 1}, {"from": "( 1, 4)( 2, 7)( 3, 9)( 5,11)( 6,13)( 8,15)(10,17)(12,19)(14,21)(16,23)(18,25)\n(20,27)(22,29)(24,31)(26,33)(28,35)(30,36)(32,38)(34,39)(37,40)", "to": "( 1,18,28,10,20, 3,12,34, 5,26)( 2,22,32,14,24, 6,16,37, 8,30)( 4,25,35,17,27,\n 9,19,39,11,33)( 7,29,38,21,31,13,23,40,15,36)", "weight": 1}, {"from": "( 1, 4)( 2, 7)( 3, 9)( 5,11)( 6,13)( 8,15)(10,17)(12,19)(14,21)(16,23)(18,25)\n(20,27)(22,29)(24,31)(26,33)(28,35)(30,36)(32,38)(34,39)(37,40)", "to": "( 1,19,28,11,20, 4,12,35, 5,27)( 2,23,32,15,24, 7,16,38, 8,31)( 3,25,34,17,26,\n 9,18,39,10,33)( 6,29,37,21,30,13,22,40,14,36)", "weight": 1}, {"from": "( 1, 4)( 2, 7)( 3, 9)( 5,11)( 6,13)( 8,15)(10,17)(12,19)(14,21)(16,23)(18,25)\n(20,27)(22,29)(24,31)(26,33)(28,35)(30,36)(32,38)(34,39)(37,40)", "to": "( 1,20, 5,28,12)( 2,24, 8,32,16)( 3,26,10,34,18)( 4,27,11,35,19)\n( 6,30,14,37,22)( 7,31,15,38,23)( 9,33,17,39,25)(13,36,21,40,29)", "weight": 1}, {"from": "( 1, 4)( 2, 7)( 3, 9)( 5,11)( 6,13)( 8,15)(10,17)(12,19)(14,21)(16,23)(18,25)\n(20,27)(22,29)(24,31)(26,33)(28,35)(30,36)(32,38)(34,39)(37,40)", "to": "( 1,21)( 2,17)( 3,15)( 4,14)( 5,13)( 6,11)( 7,10)( 8, 9)(12,40)(16,39)(18,38)\n(19,37)(20,36)(22,35)(23,34)(24,33)(25,32)(26,31)(27,30)(28,29)", "weight": 1}, {"from": "( 1, 4)( 2, 7)( 3, 9)( 5,11)( 6,13)( 8,15)(10,17)(12,19)(14,21)(16,23)(18,25)\n(20,27)(22,29)(24,31)(26,33)(28,35)(30,36)(32,38)(34,39)(37,4