<html>
<head>
<link rel="stylesheet" href="https://cdnjs.cloudflare.com/ajax/libs/vis/4.16.1/vis.css" type="text/css" />
<script type="text/javascript" src="https://cdnjs.cloudflare.com/ajax/libs/vis/4.16.1/vis-network.min.js"> </script>
<center>
<h1></h1>
</center>

<!-- <link rel="stylesheet" href="../node_modules/vis/dist/vis.min.css" type="text/css" />
<script type="text/javascript" src="../node_modules/vis/dist/vis.js"> </script>-->

<style type="text/css">

        #mynetwork {
            width: 80%;
            height: 1000px;
            background-color: #ffffff;
            border: 1px solid lightgray;
            position: relative;
            float: left;
        }

        

        
        #config {
            float: left;
            width: 400px;
            height: 600px;
        }
        

        
</style>

</head>

<body>
<div id = "mynetwork"></div>


<div id = "config"></div>

<script type="text/javascript">

    // initialize global variables.
    var edges;
    var nodes;
    var network; 
    var container;
    var options, data;

    
    // This method is responsible for drawing the graph, returns the drawn network
    function drawGraph() {
        var container = document.getElementById('mynetwork');
        
        

        // parsing and collecting nodes and edges from the python
        nodes = new vis.DataSet([{"id": "()", "label": "()", "shape": "dot", "size": 10}, {"id": "( 1, 2, 3, 6, 4, 7, 9,13)( 5,32,10,37,11,38,17,40)( 8,34,14,35,15,39,21,28)\n(12,24,18,30,19,31,25,36)(16,26,22,27,23,33,29,20)", "label": "( 1, 2, 3, 6, 4, 7, 9,13)( 5,32,10,37,11,38,17,40)( 8,34,14,35,15,39,21,28)\n(12,24,18,30,19,31,25,36)(16,26,22,27,23,33,29,20)", "shape": "dot", "size": 10}, {"id": "( 1, 3, 4, 9)( 2, 6, 7,13)( 5,10,11,17)( 8,14,15,21)(12,18,19,25)(16,22,23,29)\n(20,26,27,33)(24,30,31,36)(28,34,35,39)(32,37,38,40)", "label": "( 1, 3, 4, 9)( 2, 6, 7,13)( 5,10,11,17)( 8,14,15,21)(12,18,19,25)(16,22,23,29)\n(20,26,27,33)(24,30,31,36)(28,34,35,39)(32,37,38,40)", "shape": "dot", "size": 10}, {"id": "( 1, 4)( 2, 7)( 3, 9)( 5,11)( 6,13)( 8,15)(10,17)(12,19)(14,21)(16,23)(18,25)\n(20,27)(22,29)(24,31)(26,33)(28,35)(30,36)(32,38)(34,39)(37,40)", "label": "( 1, 4)( 2, 7)( 3, 9)( 5,11)( 6,13)( 8,15)(10,17)(12,19)(14,21)(16,23)(18,25)\n(20,27)(22,29)(24,31)(26,33)(28,35)(30,36)(32,38)(34,39)(37,40)", "shape": "dot", "size": 10}, {"id": "( 1, 5,12,20,28)( 2, 8,16,24,32)( 3,10,18,26,34)( 4,11,19,27,35)\n( 6,14,22,30,37)( 7,15,23,31,38)( 9,17,25,33,39)(13,21,29,36,40)", "label": "( 1, 5,12,20,28)( 2, 8,16,24,32)( 3,10,18,26,34)( 4,11,19,27,35)\n( 6,14,22,30,37)( 7,15,23,31,38)( 9,17,25,33,39)(13,21,29,36,40)", "shape": "dot", "size": 10}, {"id": "( 1, 6, 9, 2, 4,13, 3, 7)( 5,37,17,32,11,40,10,38)( 8,35,21,34,15,28,14,39)\n(12,30,25,24,19,36,18,31)(16,27,29,26,23,20,22,33)", "label": "( 1, 6, 9, 2, 4,13, 3, 7)( 5,37,17,32,11,40,10,38)( 8,35,21,34,15,28,14,39)\n(12,30,25,24,19,36,18,31)(16,27,29,26,23,20,22,33)", "shape": "dot", "size": 10}, {"id": "( 1, 7, 3,13, 4, 2, 9, 6)( 5,38,10,40,11,32,17,37)( 8,39,14,28,15,34,21,35)\n(12,31,18,36,19,24,25,30)(16,33,22,20,23,26,29,27)", "label": "( 1, 7, 3,13, 4, 2, 9, 6)( 5,38,10,40,11,32,17,37)( 8,39,14,28,15,34,21,35)\n(12,31,18,36,19,24,25,30)(16,33,22,20,23,26,29,27)", "shape": "dot", "size": 10}, {"id": "( 1, 8, 3,14, 4,15, 9,21)( 2,10, 6,11, 7,17,13, 5)(12,32,18,37,19,38,25,40)\n(16,34,22,35,23,39,29,28)(20,24,26,30,27,31,33,36)", "label": "( 1, 8, 3,14, 4,15, 9,21)( 2,10, 6,11, 7,17,13, 5)(12,32,18,37,19,38,25,40)\n(16,34,22,35,23,39,29,28)(20,24,26,30,27,31,33,36)", "shape": "dot", "size": 10}, {"id": "( 1, 9, 4, 3)( 2,13, 7, 6)( 5,17,11,10)( 8,21,15,14)(12,25,19,18)(16,29,23,22)\n(20,33,27,26)(24,36,31,30)(28,39,35,34)(32,40,38,37)", "label": "( 1, 9, 4, 3)( 2,13, 7, 6)( 5,17,11,10)( 8,21,15,14)(12,25,19,18)(16,29,23,22)\n(20,33,27,26)(24,36,31,30)(28,39,35,34)(32,40,38,37)", "shape": "dot", "size": 10}, {"id": "( 1,10,19,33,28, 3,11,25,20,34, 4,17,12,26,35, 9, 5,18,27,39)( 2,14,23,36,32,\n  6,15,29,24,37, 7,21,16,30,38,13, 8,22,31,40)", "label": "( 1,10,19,33,28, 3,11,25,20,34, 4,17,12,26,35, 9, 5,18,27,39)( 2,14,23,36,32,\n  6,15,29,24,37, 7,21,16,30,38,13, 8,22,31,40)", "shape": "dot", "size": 10}, {"id": "( 1,11,12,27,28, 4, 5,19,20,35)( 2,15,16,31,32, 7, 8,23,24,38)( 3,17,18,33,34,\n 9,10,25,26,39)( 6,21,22,36,37,13,14,29,30,40)", "label": "( 1,11,12,27,28, 4, 5,19,20,35)( 2,15,16,31,32, 7, 8,23,24,38)( 3,17,18,33,34,\n 9,10,25,26,39)( 6,21,22,36,37,13,14,29,30,40)", "shape": "dot", "size": 10}, {"id": "( 1,12,28, 5,20)( 2,16,32, 8,24)( 3,18,34,10,26)( 4,19,35,11,27)\n( 6,22,37,14,30)( 7,23,38,15,31)( 9,25,39,17,33)(13,29,40,21,36)", "label": "( 1,12,28, 5,20)( 2,16,32, 8,24)( 3,18,34,10,26)( 4,19,35,11,27)\n( 6,22,37,14,30)( 7,23,38,15,31)( 9,25,39,17,33)(13,29,40,21,36)", "shape": "dot", "size": 10}, {"id": "( 1,13, 9, 7, 4, 6, 3, 2)( 5,40,17,38,11,37,10,32)( 8,28,21,39,15,35,14,34)\n(12,36,25,31,19,30,18,24)(16,20,29,33,23,27,22,26)", "label": "( 1,13, 9, 7, 4, 6, 3, 2)( 5,40,17,38,11,37,10,32)( 8,28,21,39,15,35,14,34)\n(12,36,25,31,19,30,18,24)(16,20,29,33,23,27,22,26)", "shape": "dot", "size": 10}, {"id": "( 1,14, 9, 8, 4,21, 3,15)( 2,11,13,10, 7, 5, 6,17)(12,37,25,32,19,40,18,38)\n(16,35,29,34,23,28,22,39)(20,30,33,24,27,36,26,31)", "label": "( 1,14, 9, 8, 4,21, 3,15)( 2,11,13,10, 7, 5, 6,17)(12,37,25,32,19,40,18,38)\n(16,35,29,34,23,28,22,39)(20,30,33,24,27,36,26,31)", "shape": "dot", "size": 10}, {"id": "( 1,15, 3,21, 4, 8, 9,14)( 2,17, 6, 5, 7,10,13,11)(12,38,18,40,19,32,25,37)\n(16,39,22,28,23,34,29,35)(20,31,26,36,27,24,33,30)", "label": "( 1,15, 3,21, 4, 8, 9,14)( 2,17, 6, 5, 7,10,13,11)(12,38,18,40,19,32,25,37)\n(16,39,22,28,23,34,29,35)(20,31,26,36,27,24,33,30)", "shape": "dot", "size": 10}, {"id": "( 1,16, 3,22, 4,23, 9,29)( 2,18, 6,19, 7,25,13,12)( 5, 8,10,14,11,15,17,21)\n(20,32,26,37,27,38,33,40)(24,34,30,35,31,39,36,28)", "label": "( 1,16, 3,22, 4,23, 9,29)( 2,18, 6,19, 7,25,13,12)( 5, 8,10,14,11,15,17,21)\n(20,32,26,37,27,38,33,40)(24,34,30,35,31,39,36,28)", "shape": "dot", "size": 10}, {"id": "( 1,17,19,26,28, 9,11,18,20,39, 4,10,12,33,35, 3, 5,25,27,34)( 2,21,23,30,32,\n 13,15,22,24,40, 7,14,16,36,38, 6, 8,29,31,37)", "label": "( 1,17,19,26,28, 9,11,18,20,39, 4,10,12,33,35, 3, 5,25,27,34)( 2,21,23,30,32,\n 13,15,22,24,40, 7,14,16,36,38, 6, 8,29,31,37)", "shape": "dot", "size": 10}, {"id": "( 1,18,35,17,20, 3,19,39, 5,26, 4,25,28,10,27, 9,12,34,11,33)( 2,22,38,21,24,\n  6,23,40, 8,30, 7,29,32,14,31,13,16,37,15,36)", "label": "( 1,18,35,17,20, 3,19,39, 5,26, 4,25,28,10,27, 9,12,34,11,33)( 2,22,38,21,24,\n  6,23,40, 8,30, 7,29,32,14,31,13,16,37,15,36)", "shape": "dot", "size": 10}, {"id": "( 1,19,28,11,20, 4,12,35, 5,27)( 2,23,32,15,24, 7,16,38, 8,31)( 3,25,34,17,26,\n 9,18,39,10,33)( 6,29,37,21,30,13,22,40,14,36)", "label": "( 1,19,28,11,20, 4,12,35, 5,27)( 2,23,32,15,24, 7,16,38, 8,31)( 3,25,34,17,26,\n 9,18,39,10,33)( 6,29,37,21,30,13,22,40,14,36)", "shape": "dot", "size": 10}, {"id": "( 1,20, 5,28,12)( 2,24, 8,32,16)( 3,26,10,34,18)( 4,27,11,35,19)\n( 6,30,14,37,22)( 7,31,15,38,23)( 9,33,17,39,25)(13,36,21,40,29)", "label": "( 1,20, 5,28,12)( 2,24, 8,32,16)( 3,26,10,34,18)( 4,27,11,35,19)\n( 6,30,14,37,22)( 7,31,15,38,23)( 9,33,17,39,25)(13,36,21,40,29)", "shape": "dot", "size": 10}, {"id": "( 1,21, 9,15, 4,14, 3, 8)( 2, 5,13,17, 7,11, 6,10)(12,40,25,38,19,37,18,32)\n(16,28,29,39,23,35,22,34)(20,36,33,31,27,30,26,24)", "label": "( 1,21, 9,15, 4,14, 3, 8)( 2, 5,13,17, 7,11, 6,10)(12,40,25,38,19,37,18,32)\n(16,28,29,39,23,35,22,34)(20,36,33,31,27,30,26,24)", "shape": "dot", "size": 10}, {"id": "( 1,22, 9,16, 4,29, 3,23)( 2,19,13,18, 7,12, 6,25)( 5,14,17, 8,11,21,10,15)\n(20,37,33,32,27,40,26,38)(24,35,36,34,31,28,30,39)", "label": "( 1,22, 9,16, 4,29, 3,23)( 2,19,13,18, 7,12, 6,25)( 5,14,17, 8,11,21,10,15)\n(20,37,33,32,27,40,26,38)(24,35,36,34,31,28,30,39)", "shape": "dot", "size": 10}, {"id": "( 1,23, 3,29, 4,16, 9,22)( 2,25, 6,12, 7,18,13,19)( 5,15,10,21,11, 8,17,14)\n(20,38,26,40,27,32,33,37)(24,39,30,28,31,34,36,35)", "label": "( 1,23, 3,29, 4,16, 9,22)( 2,25, 6,12, 7,18,13,19)( 5,15,10,21,11, 8,17,14)\n(20,38,26,40,27,32,33,37)(24,39,30,28,31,34,36,35)", "shape": "dot", "size": 10}, {"id": "( 1,24, 3,30, 4,31, 9,36)( 2,26, 6,27, 7,33,13,20)( 5,16,10,22,11,23,17,29)\n( 8,18,14,19,15,25,21,12)(28,32,34,37,35,38,39,40)", "label": "( 1,24, 3,30, 4,31, 9,36)( 2,26, 6,27, 7,33,13,20)( 5,16,10,22,11,23,17,29)\n( 8,18,14,19,15,25,21,12)(28,32,34,37,35,38,39,40)", "shape": "dot", "size": 10}, {"id": "( 1,25,35,10,20, 9,19,34, 5,33, 4,18,28,17,27, 3,12,39,11,26)( 2,29,38,14,24,\n 13,23,37, 8,36, 7,22,32,21,31, 6,16,40,15,30)", "label": "( 1,25,35,10,20, 9,19,34, 5,33, 4,18,28,17,27, 3,12,39,11,26)( 2,29,38,14,24,\n 13,23,37, 8,36, 7,22,32,21,31, 6,16,40,15,30)", "shape": "dot", "size": 10}, {"id": "( 1,26,11,39,12, 3,27,17,28,18, 4,33, 5,34,19, 9,20,10,35,25)( 2,30,15,40,16,\n  6,31,21,32,22, 7,36, 8,37,23,13,24,14,38,29)", "label": "( 1,26,11,39,12, 3,27,17,28,18, 4,33, 5,34,19, 9,20,10,35,25)( 2,30,15,40,16,\n  6,31,21,32,22, 7,36, 8,37,23,13,24,14,38,29)", "shape": "dot", "size": 10}, {"id": "( 1,27, 5,35,12, 4,20,11,28,19)( 2,31, 8,38,16, 7,24,15,32,23)( 3,33,10,39,18,\n 9,26,17,34,25)( 6,36,14,40,22,13,30,21,37,29)", "label": "( 1,27, 5,35,12, 4,20,11,28,19)( 2,31, 8,38,16, 7,24,15,32,23)( 3,33,10,39,18,\n 9,26,17,34,25)( 6,36,14,40,22,13,30,21,37,29)", "shape": "dot", "size": 10}, {"id": "( 1,28,20,12, 5)( 2,32,24,16, 8)( 3,34,26,18,10)( 4,35,27,19,11)\n( 6,37,30,22,14)( 7,38,31,23,15)( 9,39,33,25,17)(13,40,36,29,21)", "label": "( 1,28,20,12, 5)( 2,32,24,16, 8)( 3,34,26,18,10)( 4,35,27,19,11)\n( 6,37,30,22,14)( 7,38,31,23,15)( 9,39,33,25,17)(13,40,36,29,21)", "shape": "dot", "size": 10}, {"id": "( 1,29, 9,23, 4,22, 3,16)( 2,12,13,25, 7,19, 6,18)( 5,21,17,15,11,14,10, 8)\n(20,40,33,38,27,37,26,32)(24,28,36,39,31,35,30,34)", "label": "( 1,29, 9,23, 4,22, 3,16)( 2,12,13,25, 7,19, 6,18)( 5,21,17,15,11,14,10, 8)\n(20,40,33,38,27,37,26,32)(24,28,36,39,31,35,30,34)", "shape": "dot", "size": 10}, {"id": "( 1,30, 9,24, 4,36, 3,31)( 2,27,13,26, 7,20, 6,33)( 5,22,17,16,11,29,10,23)\n( 8,19,21,18,15,12,14,25)(28,37,39,32,35,40,34,38)", "label": "( 1,30, 9,24, 4,36, 3,31)( 2,27,13,26, 7,20, 6,33)( 5,22,17,16,11,29,10,23)\n( 8,19,21,18,15,12,14,25)(28,37,39,32,35,40,34,38)", "shape": "dot", "size": 10}, {"id": "( 1,31, 3,36, 4,24, 9,30)( 2,33, 6,20, 7,26,13,27)( 5,23,10,29,11,16,17,22)\n( 8,25,14,12,15,18,21,19)(28,38,34,40,35,32,39,37)", "label": "( 1,31, 3,36, 4,24, 9,30)( 2,33, 6,20, 7,26,13,27)( 5,23,10,29,11,16,17,22)\n( 8,25,14,12,15,18,21,19)(28,38,34,40,35,32,39,37)", "shape": "dot", "size": 10}, {"id": "( 1,32, 3,37, 4,38, 9,40)( 2,34, 6,35, 7,39,13,28)( 5,24,10,30,11,31,17,36)\n( 8,26,14,27,15,33,21,20)(12,16,18,22,19,23,25,29)", "label": "( 1,32, 3,37, 4,38, 9,40)( 2,34, 6,35, 7,39,13,28)( 5,24,10,30,11,31,17,36)\n( 8,26,14,27,15,33,21,20)(12,16,18,22,19,23,25,29)", "shape": "dot", "size": 10}, {"id": "( 1,33,11,34,12, 9,27,10,28,25, 4,26, 5,39,19, 3,20,17,35,18)( 2,36,15,37,16,\n 13,31,14,32,29, 7,30, 8,40,23, 6,24,21,38,22)", "label": "( 1,33,11,34,12, 9,27,10,28,25, 4,26, 5,39,19, 3,20,17,35,18)( 2,36,15,37,16,\n 13,31,14,32,29, 7,30, 8,40,23, 6,24,21,38,22)", "shape": "dot", "size": 10}, {"id": "( 1,34,27,25, 5, 3,35,33,12,10, 4,39,20,18,11, 9,28,26,19,17)( 2,37,31,29, 8,\n  6,38,36,16,14, 7,40,24,22,15,13,32,30,23,21)", "label": "( 1,34,27,25, 5, 3,35,33,12,10, 4,39,20,18,11, 9,28,26,19,17)( 2,37,31,29, 8,\n  6,38,36,16,14, 7,40,24,22,15,13,32,30,23,21)", "shape": "dot", "size": 10}, {"id": "( 1,35,20,19, 5, 4,28,27,12,11)( 2,38,24,23, 8, 7,32,31,16,15)( 3,39,26,25,10,\n 9,34,33,18,17)( 6,40,30,29,14,13,37,36,22,21)", "label": "( 1,35,20,19, 5, 4,28,27,12,11)( 2,38,24,23, 8, 7,32,31,16,15)( 3,39,26,25,10,\n 9,34,33,18,17)( 6,40,30,29,14,13,37,36,22,21)", "shape": "dot", "size": 10}, {"id": "( 1,36, 9,31, 4,30, 3,24)( 2,20,13,33, 7,27, 6,26)( 5,29,17,23,11,22,10,16)\n( 8,12,21,25,15,19,14,18)(28,40,39,38,35,37,34,32)", "label": "( 1,36, 9,31, 4,30, 3,24)( 2,20,13,33, 7,27, 6,26)( 5,29,17,23,11,22,10,16)\n( 8,12,21,25,15,19,14,18)(28,40,39,38,35,37,34,32)", "shape": "dot", "size": 10}, {"id": "( 1,37, 9,32, 4,40, 3,38)( 2,35,13,34, 7,28, 6,39)( 5,30,17,24,11,36,10,31)\n( 8,27,21,26,15,20,14,33)(12,22,25,16,19,29,18,23)", "label": "( 1,37, 9,32, 4,40, 3,38)( 2,35,13,34, 7,28, 6,39)( 5,30,17,24,11,36,10,31)\n( 8,27,21,26,15,20,14,33)(12,22,25,16,19,29,18,23)", "shape": "dot", "size": 10}, {"id": "( 1,38, 3,40, 4,32, 9,37)( 2,39, 6,28, 7,34,13,35)( 5,31,10,36,11,24,17,30)\n( 8,33,14,20,15,26,21,27)(12,23,18,29,19,16,25,22)", "label": "( 1,38, 3,40, 4,32, 9,37)( 2,39, 6,28, 7,34,13,35)( 5,31,10,36,11,24,17,30)\n( 8,33,14,20,15,26,21,27)(12,23,18,29,19,16,25,22)", "shape": "dot", "size": 10}, {"id": "( 1,39,27,18, 5, 9,35,26,12,17, 4,34,20,25,11, 3,28,33,19,10)( 2,40,31,22, 8,\n 13,38,30,16,21, 7,37,24,29,15, 6,32,36,23,14)", "label": "( 1,39,27,18, 5, 9,35,26,12,17, 4,34,20,25,11, 3,28,33,19,10)( 2,40,31,22, 8,\n 13,38,30,16,21, 7,37,24,29,15, 6,32,36,23,14)", "shape": "dot", "size": 10}, {"id": "( 1,40, 9,38, 4,37, 3,32)( 2,28,13,39, 7,35, 6,34)( 5,36,17,31,11,30,10,24)\n( 8,20,21,33,15,27,14,26)(12,29,25,23,19,22,18,16)", "label": "( 1,40, 9,38, 4,37, 3,32)( 2,28,13,39, 7,35, 6,34)( 5,36,17,31,11,30,10,24)\n( 8,20,21,33,15,27,14,26)(12,29,25,23,19,22,18,16)", "shape": "dot", "size": 10}]);
        edges = new vis.DataSet([{"from": "()", "to": "( 1, 2, 3, 6, 4, 7, 9,13)( 5,32,10,37,11,38,17,40)( 8,34,14,35,15,39,21,28)\n(12,24,18,30,19,31,25,36)(16,26,22,27,23,33,29,20)", "weight": 1}, {"from": "()", "to": "( 1, 3, 4, 9)( 2, 6, 7,13)( 5,10,11,17)( 8,14,15,21)(12,18,19,25)(16,22,23,29)\n(20,26,27,33)(24,30,31,36)(28,34,35,39)(32,37,38,40)", "weight": 1}, {"from": "()", "to": "( 1, 4)( 2, 7)( 3, 9)( 5,11)( 6,13)( 8,15)(10,17)(12,19)(14,21)(16,23)(18,25)\n(20,27)(22,29)(24,31)(26,33)(28,35)(30,36)(32,38)(34,39)(37,40)", "weight": 1}, {"from": "()", "to": "( 1, 5,12,20,28)( 2, 8,16,24,32)( 3,10,18,26,34)( 4,11,19,27,35)\n( 6,14,22,30,37)( 7,15,23,31,38)( 9,17,25,33,39)(13,21,29,36,40)", "weight": 1}, {"from": "()", "to": "( 1, 6, 9, 2, 4,13, 3, 7)( 5,37,17,32,11,40,10,38)( 8,35,21,34,15,28,14,39)\n(12,30,25,24,19,36,18,31)(16,27,29,26,23,20,22,33)", "weight": 1}, {"from": "()", "to": "( 1, 7, 3,13, 4, 2, 9, 6)( 5,38,10,40,11,32,17,37)( 8,39,14,28,15,34,21,35)\n(12,31,18,36,19,24,25,30)(16,33,22,20,23,26,29,27)", "weight": 1}, {"from": "()", "to": "( 1, 8, 3,14, 4,15, 9,21)( 2,10, 6,11, 7,17,13, 5)(12,32,18,37,19,38,25,40)\n(16,34,22,35,23,39,29,28)(20,24,26,30,27,31,33,36)", "weight": 1}, {"from": "()", "to": "( 1, 9, 4, 3)( 2,13, 7, 6)( 5,17,11,10)( 8,21,15,14)(12,25,19,18)(16,29,23,22)\n(20,33,27,26)(24,36,31,30)(28,39,35,34)(32,40,38,37)", "weight": 1}, {"from": "()", "to": "( 1,10,19,33,28, 3,11,25,20,34, 4,17,12,26,35, 9, 5,18,27,39)( 2,14,23,36,32,\n  6,15,29,24,37, 7,21,16,30,38,13, 8,22,31,40)", "weight": 1}, {"from": "()", "to": "( 1,11,12,27,28, 4, 5,19,20,35)( 2,15,16,31,32, 7, 8,23,24,38)( 3,17,18,33,34,\n 9,10,25,26,39)( 6,21,22,36,37,13,14,29,30,40)", "weight": 1}, {"from": "()", "to": "( 1,12,28, 5,20)( 2,16,32, 8,24)( 3,18,34,10,26)( 4,19,35,11,27)\n( 6,22,37,14,30)( 7,23,38,15,31)( 9,25,39,17,33)(13,29,40,21,36)", "weight": 1}, {"from": "()", "to": "( 1,13, 9, 7, 4, 6, 3, 2)( 5,40,17,38,11,37,10,32)( 8,28,21,39,15,35,14,34)\n(12,36,25,31,19,30,18,24)(16,20,29,33,23,27,22,26)", "weight": 1}, {"from": "()", "to": "( 1,14, 9, 8, 4,21, 3,15)( 2,11,13,10, 7, 5, 6,17)(12,37,25,32,19,40,18,38)\n(16,35,29,34,23,28,22,39)(20,30,33,24,27,36,26,31)", "weight": 1}, {"from": "()", "to": "( 1,15, 3,21, 4, 8, 9,14)( 2,17, 6, 5, 7,10,13,11)(12,38,18,40,19,32,25,37)\n(16,39,22,28,23,34,29,35)(20,31,26,36,27,24,33,30)", "weight": 1}, {"from": "()", "to": "( 1,16, 3,22, 4,23, 9,29)( 2,18, 6,19, 7,25,13,12)( 5, 8,10,14,11,15,17,21)\n(20,32,26,37,27,38,33,40)(24,34,30,35,31,39,36,28)", "weight": 1}, {"from": "()", "to": "( 1,17,19,26,28, 9,11,18,20,39, 4,10,12,33,35, 3, 5,25,27,34)( 2,21,23,30,32,\n 13,15,22,24,40, 7,14,16,36,38, 6, 8,29,31,37)", "weight": 1}, {"from": "()", "to": "( 1,18,35,17,20, 3,19,39, 5,26, 4,25,28,10,27, 9,12,34,11,33)( 2,22,38,21,24,\n  6,23,40, 8,30, 7,29,32,14,31,13,16,37,15,36)", "weight": 1}, {"from": "()", "to": "( 1,19,28,11,20, 4,12,35, 5,27)( 2,23,32,15,24, 7,16,38, 8,31)( 3,25,34,17,26,\n 9,18,39,10,33)( 6,29,37,21,30,13,22,40,14,36)", "weight": 1}, {"from": "()", "to": "( 1,20, 5,28,12)( 2,24, 8,32,16)( 3,26,10,34,18)( 4,27,11,35,19)\n( 6,30,14,37,22)( 7,31,15,38,23)( 9,33,17,39,25)(13,36,21,40,29)", "weight": 1}, {"from": "()", "to": "( 1,21, 9,15, 4,14, 3, 8)( 2, 5,13,17, 7,11, 6,10)(12,40,25,38,19,37,18,32)\n(16,28,29,39,23,35,22,34)(20,36,33,31,27,30,26,24)", "weight": 1}, {"from": "()", "to": "( 1,22, 9,16, 4,29, 3,23)( 2,19,13,18, 7,12, 6,25)( 5,14,17, 8,11,21,10,15)\n(20,37,33,32,27,40,26,38)(24,35,36,34,31,28,30,39)", "weight": 1}, {"from": "()", "to": "( 1,23, 3,29, 4,16, 9,22)( 2,25, 6,12, 7,18,13,19)( 5,15,10,21,11, 8,17,14)\n(20,38,26,40,27,32,33,37)(24,39,30,28,31,34,36,35)", "weight": 1}, {"from": "()", "to": "( 1,24, 3,30, 4,31, 9,36)( 2,26, 6,27, 7,33,13,20)( 5,16,10,22,11,23,17,29)\n( 8,18,14,19,15,25,21,12)(28,32,34,37,35,38,39,40)", "weight": 1}, {"from": "()", "to": "( 1,25,35,10,20, 9,19,34, 5,33, 4,18,28,17,27, 3,12,39,11,26)( 2,29,38,14,24,\n 13,23,37, 8,36, 7,22,32,21,31, 6,16,40,15,30)", "weight": 1}, {"from": "()", "to": "( 1,26,11,39,12, 3,27,17,28,18, 4,33, 5,34,19, 9,20,10,35,25)( 2,30,15,40,16,\n  6,31,21,32,22, 7,36, 8,37,23,13,24,14,38,29)", "weight": 1}, {"from": "()", "to": "( 1,27, 5,35,12, 4,20,11,28,19)( 2,31, 8,38,16, 7,24,15,32,23)( 3,33,10,39,18,\n 9,26,17,34,25)( 6,36,14,40,22,13,30,21,37,29)", "weight": 1}, {"from": "()", "to": "( 1,28,20,12, 5)( 2,32,24,16, 8)( 3,34,26,18,10)( 4,35,27,19,11)\n( 6,37,30,22,14)( 7,38,31,23,15)( 9,39,33,25,17)(13,40,36,29,21)", "weight": 1}, {"from": "()", "to": "( 1,29, 9,23, 4,22, 3,16)( 2,12,13,25, 7,19, 6,18)( 5,21,17,15,11,14,10, 8)\n(20,40,33,38,27,37,26,32)(24,28,36,39,31,35,30,34)", "weight": 1}, {"from": "()", "to": "( 1,30, 9,24, 4,36, 3,31)( 2,27,13,26, 7,20, 6,33)( 5,22,17,16,11,29,10,23)\n( 8,19,21,18,15,12,14,25)(28,37,39,32,35,40,34,38)", "weight": 1}, {"from": "()", "to": "( 1,31, 3,36, 4,24, 9,30)( 2,33, 6,20, 7,26,13,27)( 5,23,10,29,11,16,17,22)\n( 8,25,14,12,15,18,21,19)(28,38,34,40,35,32,39,37)", "weight": 1}, {"from": "()", "to": "( 1,32, 3,37, 4,38, 9,40)( 2,34, 6,35, 7,39,13,28)( 5,24,10,30,11,31,17,36)\n( 8,26,14,27,15,33,21,20)(12,16,18,22,19,23,25,29)", "weight": 1}, {"from": "()", "to": "( 1,33,11,34,12, 9,27,10,28,25, 4,26, 5,39,19, 3,20,17,35,18)( 2,36,15,37,16,\n 13,31,14,32,29, 7,30, 8,40,23, 6,24,21,38,22)", "weight": 1}, {"from": "()", "to": "( 1,34,27,25, 5, 3,35,33,12,10, 4,39,20,18,11, 9,28,26,19,17)( 2,37,31,29, 8,\n  6,38,36,16,14, 7,40,24,22,15,13,32,30,23,21)", "weight": 1}, {"from": "()", "to": "( 1,35,20,19, 5, 4,28,27,12,11)( 2,38,24,23, 8, 7,32,31,16,15)( 3,39,26,25,10,\n 9,34,33,18,17)( 6,40,30,29,14,13,37,36,22,21)", "weight": 1}, {"from": "()", "to": "( 1,36, 9,31, 4,30, 3,24)( 2,20,13,33, 7,27, 6,26)( 5,29,17,23,11,22,10,16)\n( 8,12,21,25,15,19,14,18)(28,40,39,38,35,37,34,32)", "weight": 1}, {"from": "()", "to": "( 1,37, 9,32, 4,40, 3,38)( 2,35,13,34, 7,28, 6,39)( 5,30,17,24,11,36,10,31)\n( 8,27,21,26,15,20,14,33)(12,22,25,16,19,29,18,23)", "weight": 1}, {"from": "()", "to": "( 1,38, 3,40, 4,32, 9,37)( 2,39, 6,28, 7,34,13,35)( 5,31,10,36,11,24,17,30)\n( 8,33,14,20,15,26,21,27)(12,23,18,29,19,16,25,22)", "weight": 1}, {"from": "()", "to": "( 1,39,27,18, 5, 9,35,26,12,17, 4,34,20,25,11, 3,28,33,19,10)( 2,40,31,22, 8,\n 13,38,30,16,21, 7,37,24,29,15, 6,32,36,23,14)", "weight": 1}, {"from": "()", "to": "( 1,40, 9,38, 4,37, 3,32)( 2,28,13,39, 7,35, 6,34)( 5,36,17,31,11,30,10,24)\n( 8,20,21,33,15,27,14,26)(12,29,25,23,19,22,18,16)", "weight": 1}, {"from": "( 1, 2, 3, 6, 4, 7, 9,13)( 5,32,10,37,11,38,17,40)( 8,34,14,35,15,39,21,28)\n(12,24,18,30,19,31,25,36)(16,26,22,27,23,33,29,20)", "to": "( 1, 3, 4, 9)( 2, 6, 7,13)( 5,10,11,17)( 8,14,15,21)(12,18,19,25)(16,22,23,29)\n(20,26,27,33)(24,30,31,36)(28,34,35,39)(32,37,38,40)", "weight": 1}, {"from": "( 1, 2, 3, 6, 4, 7, 9,13)( 5,32,10,37,11,38,17,40)( 8,34,14,35,15,39,21,28)\n(12,24,18,30,19,31,25,36)(16,26,22,27,23,33,29,20)", "to": "( 1, 4)( 2, 7)( 3, 9)( 5,11)( 6,13)( 8,15)(10,17)(12,19)(14,21)(16,23)(18,25)\n(20,27)(22,29)(24,31)(26,33)(28,35)(30,36)(32,38)(34,39)(37,40)", "weight": 1}, {"from": "( 1, 2, 3, 6, 4, 7, 9,13)( 5,32,10,37,11,38,17,40)( 8,34,14,35,15,39,21,28)\n(12,24,18,30,19,31,25,36)(16,26,22,27,23,33,29,20)", "to": "( 1, 6, 9, 2, 4,13, 3, 7)( 5,37,17,32,11,40,10,38)( 8,35,21,34,15,28,14,39)\n(12,30,25,24,19,36,18,31)(16,27,29,26,23,20,22,33)", "weight": 1}, {"from": "( 1, 2, 3, 6, 4, 7, 9,13)( 5,32,10,37,11,38,17,40)( 8,34,14,35,15,39,21,28)\n(12,24,18,30,19,31,25,36)(16,26,22,27,23,33,29,20)", "to": "( 1, 7, 3,13, 4, 2, 9, 6)( 5,38,10,40,11,32,17,37)( 8,39,14,28,15,34,21,35)\n(12,31,18,36,19,24,25,30)(16,33,22,20,23,26,29,27)", "weight": 1}, {"from": "( 1, 2, 3, 6, 4, 7, 9,13)( 5,32,10,37,11,38,17,40)( 8,34,14,35,15,39,21,28)\n(12,24,18,30,19,31,25,36)(16,26,22,27,23,33,29,20)", "to": "( 1, 9, 4, 3)( 2,13, 7, 6)( 5,17,11,10)( 8,21,15,14)(12,25,19,18)(16,29,23,22)\n(20,33,27,26)(24,36,31,30)(28,39,35,34)(32,40,38,37)", "weight": 1}, {"from": "( 1, 2, 3, 6, 4, 7, 9,13)( 5,32,10,37,11,38,17,40)( 8,34,14,35,15,39,21,28)\n(12,24,18,30,19,31,25,36)(16,26,22,27,23,33,29,20)", "to": "( 1,13, 9, 7, 4, 6, 3, 2)( 5,40,17,38,11,37,10,32)( 8,28,21,39,15,35,14,34)\n(12,36,25,31,19,30,18,24)(16,20,29,33,23,27,22,26)", "weight": 1}, {"from": "( 1, 3, 4, 9)( 2, 6, 7,13)( 5,10,11,17)( 8,14,15,21)(12,18,19,25)(16,22,23,29)\n(20,26,27,33)(24,30,31,36)(28,34,35,39)(32,37,38,40)", "to": "( 1, 4)( 2, 7)( 3, 9)( 5,11)( 6,13)( 8,15)(10,17)(12,19)(14,21)(16,23)(18,25)\n(20,27)(22,29)(24,31)(26,33)(28,35)(30,36)(32,38)(34,39)(37,40)", "weight": 1}, {"from": "( 1, 3, 4, 9)( 2, 6, 7,13)( 5,10,11,17)( 8,14,15,21)(12,18,19,25)(16,22,23,29)\n(20,26,27,33)(24,30,31,36)(28,34,35,39)(32,37,38,40)", "to": "( 1, 5,12,20,28)( 2, 8,16,24,32)( 3,10,18,26,34)( 4,11,19,27,35)\n( 6,14,22,30,37)( 7,15,23,31,38)( 9,17,25,33,39)(13,21,29,36,40)", "weight": 1}, {"from": "( 1, 3, 4, 9)( 2, 6, 7,13)( 5,10,11,17)( 8,14,15,21)(12,18,19,25)(16,22,23,29)\n(20,26,27,33)(24,30,31,36)(28,34,35,39)(32,37,38,40)", "to": "( 1, 6, 9, 2, 4,13, 3, 7)( 5,37,17,32,11,40,10,38)( 8,35,21,34,15,28,14,39)\n(12,30,25,24,19,36,18,31)(16,27,29,26,23,20,22,33)", "weight": 1}, {"from": "( 1, 3, 4, 9)( 2, 6, 7,13)( 5,10,11,17)( 8,14,15,21)(12,18,19,25)(16,22,23,29)\n(20,26,27,33)(24,30,31,36)(28,34,35,39)(32,37,38,40)", "to": "( 1, 7, 3,13, 4, 2, 9, 6)( 5,38,10,40,11,32,17,37)( 8,39,14,28,15,34,21,35)\n(12,31,18,36,19,24,25,30)(16,33,22,20,23,26,29,27)", "weight": 1}, {"from": "( 1, 3, 4, 9)( 2, 6, 7,13)( 5,10,11,17)( 8,14,15,21)(12,18,19,25)(16,22,23,29)\n(20,26,27,33)(24,30,31,36)(28,34,35,39)(32,37,38,40)", "to": "( 1, 8, 3,14, 4,15, 9,21)( 2,10, 6,11, 7,17,13, 5)(12,32,18,37,19,38,25,40)\n(16,34,22,35,23,39,29,28)(20,24,26,30,27,31,33,36)", "weight": 1}, {"from": "( 1, 3, 4, 9)( 2, 6, 7,13)( 5,10,11,17)( 8,14,15,21)(12,18,19,25)(16,22,23,29)\n(20,26,27,33)(24,30,31,36)(28,34,35,39)(32,37,38,40)", "to": "( 1, 9, 4, 3)( 2,13, 7, 6)( 5,17,11,10)( 8,21,15,14)(12,25,19,18)(16,29,23,22)\n(20,33,27,26)(24,36,31,30)(28,39,35,34)(32,40,38,37)", "weight": 1}, {"from": "( 1, 3, 4, 9)( 2, 6, 7,13)( 5,10,11,17)( 8,14,15,21)(12,18,19,25)(16,22,23,29)\n(20,26,27,33)(24,30,31,36)(28,34,35,39)(32,37,38,40)", "to": "( 1,10,19,33,28, 3,11,25,20,34, 4,17,12,26,35, 9, 5,18,27,39)( 2,14,23,36,32,\n  6,15,29,24,37, 7,21,16,30,38,13, 8,22,31,40)", "weight": 1}, {"from": "( 1, 3, 4, 9)( 2, 6, 7,13)( 5,10,11,17)( 8,14,15,21)(12,18,19,25)(16,22,23,29)\n(20,26,27,33)(24,30,31,36)(28,34,35,39)(32,37,38,40)", "to": "( 1,11,12,27,28, 4, 5,19,20,35)( 2,15,16,31,32, 7, 8,23,24,38)( 3,17,18,33,34,\n 9,10,25,26,39)( 6,21,22,36,37,13,14,29,30,40)", "weight": 1}, {"from": "( 1, 3, 4, 9)( 2, 6, 7,13)( 5,10,11,17)( 8,14,15,21)(12,18,19,25)(16,22,23,29)\n(20,26,27,33)(24,30,31,36)(28,34,35,39)(32,37,38,40)", "to": "( 1,12,28, 5,20)( 2,16,32, 8,24)( 3,18,34,10,26)( 4,19,35,11,27)\n( 6,22,37,14,30)( 7,23,38,15,31)( 9,25,39,17,33)(13,29,40,21,36)", "weight": 1}, {"from": "( 1, 3, 4, 9)( 2, 6, 7,13)( 5,10,11,17)( 8,14,15,21)(12,18,19,25)(16,22,23,29)\n(20,26,27,33)(24,30,31,36)(28,34,35,39)(32,37,38,40)", "to": "( 1,13, 9, 7, 4, 6, 3, 2)( 5,40,17,38,11,37,10,32)( 8,28,21,39,15,35,14,34)\n(12,36,25,31,19,30,18,24)(16,20,29,33,23,27,22,26)", "weight": 1}, {"from": "( 1, 3, 4, 9)( 2, 6, 7,13)( 5,10,11,17)( 8,14,15,21)(12,18,19,25)(16,22,23,29)\n(20,26,27,33)(24,30,31,36)(28,34,35,39)(32,37,38,40)", "to": "( 1,14, 9, 8, 4,21, 3,15)( 2,11,13,10, 7, 5, 6,17)(12,37,25,32,19,40,18,38)\n(16,35,29,34,23,28,22,39)(20,30,33,24,27,36,26,31)", "weight": 1}, {"from": "( 1, 3, 4, 9)( 2, 6, 7,13)( 5,10,11,17)( 8,14,15,21)(12,18,19,25)(16,22,23,29)\n(20,26,27,33)(24,30,31,36)(28,34,35,39)(32,37,38,40)", "to": "( 1,15, 3,21, 4, 8, 9,14)( 2,17, 6, 5, 7,10,13,11)(12,38,18,40,19,32,25,37)\n(16,39,22,28,23,34,29,35)(20,31,26,36,27,24,33,30)", "weight": 1}, {"from": "( 1, 3, 4, 9)( 2, 6, 7,13)( 5,10,11,17)( 8,14,15,21)(12,18,19,25)(16,22,23,29)\n(20,26,27,33)(24,30,31,36)(28,34,35,39)(32,37,38,40)", "to": "( 1,16, 3,22, 4,23, 9,29)( 2,18, 6,19, 7,25,13,12)( 5, 8,10,14,11,15,17,21)\n(20,32,26,37,27,38,33,40)(24,34,30,35,31,39,36,28)", "weight": 1}, {"from": "( 1, 3, 4, 9)( 2, 6, 7,13)( 5,10,11,17)( 8,14,15,21)(12,18,19,25)(16,22,23,29)\n(20,26,27,33)(24,30,31,36)(28,34,35,39)(32,37,38,40)", "to": "( 1,17,19,26,28, 9,11,18,20,39, 4,10,12,33,35, 3, 5,25,27,34)( 2,21,23,30,32,\n 13,15,22,24,40, 7,14,16,36,38, 6, 8,29,31,37)", "weight": 1}, {"from": "( 1, 3, 4, 9)( 2, 6, 7,13)( 5,10,11,17)( 8,14,15,21)(12,18,19,25)(16,22,23,29)\n(20,26,27,33)(24,30,31,36)(28,34,35,39)(32,37,38,40)", "to": "( 1,18,35,17,20, 3,19,39, 5,26, 4,25,28,10,27, 9,12,34,11,33)( 2,22,38,21,24,\n  6,23,40, 8,30, 7,29,32,14,31,13,16,37,15,36)", "weight": 1}, {"from": "( 1, 3, 4, 9)( 2, 6, 7,13)( 5,10,11,17)( 8,14,15,21)(12,18,19,25)(16,22,23,29)\n(20,26,27,33)(24,30,31,36)(28,34,35,39)(32,37,38,40)", "to": "( 1,19,28,11,20, 4,12,35, 5,27)( 2,23,32,15,24, 7,16,38, 8,31)( 3,25,34,17,26,\n 9,18,39,10,33)( 6,29,37,21,30,13,22,40,14,36)", "weight": 1}, {"from": "( 1, 3, 4, 9)( 2, 6, 7,13)( 5,10,11,17)( 8,14,15,21)(12,18,19,25)(16,22,23,29)\n(20,26,27,33)(24,30,31,36)(28,34,35,39)(32,37,38,40)", "to": "( 1,20, 5,28,12)( 2,24, 8,32,16)( 3,26,10,34,18)( 4,27,11,35,19)\n( 6,30,14,37,22)( 7,31,15,38,23)( 9,33,17,39,25)(13,36,21,40,29)", "weight": 1}, {"from": "( 1, 3, 4, 9)( 2, 6, 7,13)( 5,10,11,17)( 8,14,15,21)(12,18,19,25)(16,22,23,29)\n(20,26,27,33)(24,30,31,36)(28,34,35,39)(32,37,38,40)", "to": "( 1,21, 9,15, 4,14, 3, 8)( 2, 5,13,17, 7,11, 6,10)(12,40,25,38,19,37,18,32)\n(16,28,29,39,23,35,22,34)(20,36,33,31,27,30,26,24)", "weight": 1}, {"from": "( 1, 3, 4, 9)( 2, 6, 7,13)( 5,10,11,17)( 8,14,15,21)(12,18,19,25)(16,22,23,29)\n(20,26,27,33)(24,30,31,36)(28,34,35,39)(32,37,38,40)", "to": "( 1,22, 9,16, 4,29, 3,23)( 2,19,13,18, 7,12, 6,25)( 5,14,17, 8,11,21,10,15)\n(20,37,33,32,27,40,26,38)(24,35,36,34,31,28,30,39)", "weight": 1}, {"from": "( 1, 3, 4, 9)( 2, 6, 7,13)( 5,10,11,17)( 8,14,15,21)(12,18,19,25)(16,22,23,29)\n(20,26,27,33)(24,30,31,36)(28,34,35,39)(32,37,38,40)", "to": "( 1,23, 3,29, 4,16, 9,22)( 2,25, 6,12, 7,18,13,19)( 5,15,10,21,11, 8,17,14)\n(20,38,26,40,27,32,33,37)(24,39,30,28,31,34,36,35)", "weight": 1}, {"from": "( 1, 3, 4, 9)( 2, 6, 7,13)( 5,10,11,17)( 8,14,15,21)(12,18,19,25)(16,22,23,29)\n(20,26,27,33)(24,30,31,36)(28,34,35,39)(32,37,38,40)", "to": "( 1,24, 3,30, 4,31, 9,36)( 2,26, 6,27, 7,33,13,20)( 5,16,10,22,11,23,17,29)\n( 8,18,14,19,15,25,21,12)(28,32,34,37,35,38,39,40)", "weight": 1}, {"from": "( 1, 3, 4, 9)( 2, 6, 7,13)( 5,10,11,17)( 8,14,15,21)(12,18,19,25)(16,22,23,29)\n(20,26,27,33)(24,30,31,36)(28,34,35,39)(32,37,38,40)", "to": "( 1,25,35,10,20, 9,19,34, 5,33, 4,18,28,17,27, 3,12,39,11,26)( 2,29,38,14,24,\n 13,23,37, 8,36, 7,22,32,21,31, 6,16,40,15,30)", "weight": 1}, {"from": "( 1, 3, 4, 9)( 2, 6, 7,13)( 5,10,11,17)( 8,14,15,21)(12,18,19,25)(16,22,23,29)\n(20,26,27,33)(24,30,31,36)(28,34,35,39)(32,37,38,40)", "to": "( 1,26,11,39,12, 3,27,17,28,18, 4,33, 5,34,19, 9,20,10,35,25)( 2,30,15,40,16,\n  6,31,21,32,22, 7,36, 8,37,23,13,24,14,38,29)", "weight": 1}, {"from": "( 1, 3, 4, 9)( 2, 6, 7,13)( 5,10,11,17)( 8,14,15,21)(12,18,19,25)(16,22,23,29)\n(20,26,27,33)(24,30,31,36)(28,34,35,39)(32,37,38,40)", "to": "( 1,27, 5,35,12, 4,20,11,28,19)( 2,31, 8,38,16, 7,24,15,32,23)( 3,33,10,39,18,\n 9,26,17,34,25)( 6,36,14,40,22,13,30,21,37,29)", "weight": 1}, {"from": "( 1, 3, 4, 9)( 2, 6, 7,13)( 5,10,11,17)( 8,14,15,21)(12,18,19,25)(16,22,23,29)\n(20,26,27,33)(24,30,31,36)(28,34,35,39)(32,37,38,40)", "to": "( 1,28,20,12, 5)( 2,32,24,16, 8)( 3,34,26,18,10)( 4,35,27,19,11)\n( 6,37,30,22,14)( 7,38,31,23,15)( 9,39,33,25,17)(13,40,36,29,21)", "weight": 1}, {"from": "( 1, 3, 4, 9)( 2, 6, 7,13)( 5,10,11,17)( 8,14,15,21)(12,18,19,25)(16,22,23,29)\n(20,26,27,33)(24,30,31,36)(28,34,35,39)(32,37,38,40)", "to": "( 1,29, 9,23, 4,22, 3,16)( 2,12,13,25, 7,19, 6,18)( 5,21,17,15,11,14,10, 8)\n(20,40,33,38,27,37,26,32)(24,28,36,39,31,35,30,34)", "weight": 1}, {"from": "( 1, 3, 4, 9)( 2, 6, 7,13)( 5,10,11,17)( 8,14,15,21)(12,18,19,25)(16,22,23,29)\n(20,26,27,33)(24,30,31,36)(28,34,35,39)(32,37,38,40)", "to": "( 1,30, 9,24, 4,36, 3,31)( 2,27,13,26, 7,20, 6,33)( 5,22,17,16,11,29,10,23)\n( 8,19,21,18,15,12,14,25)(28,37,39,32,35,40,34,38)", "weight": 1}, {"from": "( 1, 3, 4, 9)( 2, 6, 7,13)( 5,10,11,17)( 8,14,15,21)(12,18,19,25)(16,22,23,29)\n(20,26,27,33)(24,30,31,36)(28,34,35,39)(32,37,38,40)", "to": "( 1,31, 3,36, 4,24, 9,30)( 2,33, 6,20, 7,26,13,27)( 5,23,10,29,11,16,17,22)\n( 8,25,14,12,15,18,21,19)(28,38,34,40,35,32,39,37)", "weight": 1}, {"from": "( 1, 3, 4, 9)( 2, 6, 7,13)( 5,10,11,17)( 8,14,15,21)(12,18,19,25)(16,22,23,29)\n(20,26,27,33)(24,30,31,36)(28,34,35,39)(32,37,38,40)", "to": "( 1,32, 3,37, 4,38, 9,40)( 2,34, 6,35, 7,39,13,28)( 5,24,10,30,11,31,17,36)\n( 8,26,14,27,15,33,21,20)(12,16,18,22,19,23,25,29)", "weight": 1}, {"from": "( 1, 3, 4, 9)( 2, 6, 7,13)( 5,10,11,17)( 8,14,15,21)(12,18,19,25)(16,22,23,29)\n(20,26,27,33)(24,30,31,36)(28,34,35,39)(32,37,38,40)", "to": "( 1,33,11,34,12, 9,27,10,28,25, 4,26, 5,39,19, 3,20,17,35,18)( 2,36,15,37,16,\n 13,31,14,32,29, 7,30, 8,40,23, 6,24,21,38,22)", "weight": 1}, {"from": "( 1, 3, 4, 9)( 2, 6, 7,13)( 5,10,11,17)( 8,14,15,21)(12,18,19,25)(16,22,23,29)\n(20,26,27,33)(24,30,31,36)(28,34,35,39)(32,37,38,40)", "to": "( 1,34,27,25, 5, 3,35,33,12,10, 4,39,20,18,11, 9,28,26,19,17)( 2,37,31,29, 8,\n  6,38,36,16,14, 7,40,24,22,15,13,32,30,23,21)", "weight": 1}, {"from": "( 1, 3, 4, 9)( 2, 6, 7,13)( 5,10,11,17)( 8,14,15,21)(12,18,19,25)(16,22,23,29)\n(20,26,27,33)(24,30,31,36)(28,34,35,39)(32,37,38,40)", "to": "( 1,35,20,19, 5, 4,28,27,12,11)( 2,38,24,23, 8, 7,32,31,16,15)( 3,39,26,25,10,\n 9,34,33,18,17)( 6,40,30,29,14,13,37,36,22,21)", "weight": 1}, {"from": "( 1, 3, 4, 9)( 2, 6, 7,13)( 5,10,11,17)( 8,14,15,21)(12,18,19,25)(16,22,23,29)\n(20,26,27,33)(24,30,31,36)(28,34,35,39)(32,37,38,40)", "to": "( 1,36, 9,31, 4,30, 3,24)( 2,20,13,33, 7,27, 6,26)( 5,29,17,23,11,22,10,16)\n( 8,12,21,25,15,19,14,18)(28,40,39,38,35,37,34,32)", "weight": 1}, {"from": "( 1, 3, 4, 9)( 2, 6, 7,13)( 5,10,11,17)( 8,14,15,21)(12,18,19,25)(16,22,23,29)\n(20,26,27,33)(24,30,31,36)(28,34,35,39)(32,37,38,40)", "to": "( 1,37, 9,32, 4,40, 3,38)( 2,35,13,34, 7,28, 6,39)( 5,30,17,24,11,36,10,31)\n( 8,27,21,26,15,20,14,33)(12,22,25,16,19,29,18,23)", "weight": 1}, {"from": "( 1, 3, 4, 9)( 2, 6, 7,13)( 5,10,11,17)( 8,14,15,21)(12,18,19,25)(16,22,23,29)\n(20,26,27,33)(24,30,31,36)(28,34,35,39)(32,37,38,40)", "to": "( 1,38, 3,40, 4,32, 9,37)( 2,39, 6,28, 7,34,13,35)( 5,31,10,36,11,24,17,30)\n( 8,33,14,20,15,26,21,27)(12,23,18,29,19,16,25,22)", "weight": 1}, {"from": "( 1, 3, 4, 9)( 2, 6, 7,13)( 5,10,11,17)( 8,14,15,21)(12,18,19,25)(16,22,23,29)\n(20,26,27,33)(24,30,31,36)(28,34,35,39)(32,37,38,40)", "to": "( 1,39,27,18, 5, 9,35,26,12,17, 4,34,20,25,11, 3,28,33,19,10)( 2,40,31,22, 8,\n 13,38,30,16,21, 7,37,24,29,15, 6,32,36,23,14)", "weight": 1}, {"from": "( 1, 3, 4, 9)( 2, 6, 7,13)( 5,10,11,17)( 8,14,15,21)(12,18,19,25)(16,22,23,29)\n(20,26,27,33)(24,30,31,36)(28,34,35,39)(32,37,38,40)", "to": "( 1,40, 9,38, 4,37, 3,32)( 2,28,13,39, 7,35, 6,34)( 5,36,17,31,11,30,10,24)\n( 8,20,21,33,15,27,14,26)(12,29,25,23,19,22,18,16)", "weight": 1}, {"from": "( 1, 4)( 2, 7)( 3, 9)( 5,11)( 6,13)( 8,15)(10,17)(12,19)(14,21)(16,23)(18,25)\n(20,27)(22,29)(24,31)(26,33)(28,35)(30,36)(32,38)(34,39)(37,40)", "to": "( 1, 5,12,20,28)( 2, 8,16,24,32)( 3,10,18,26,34)( 4,11,19,27,35)\n( 6,14,22,30,37)( 7,15,23,31,38)( 9,17,25,33,39)(13,21,29,36,40)", "weight": 1}, {"from": "( 1, 4)( 2, 7)( 3, 9)( 5,11)( 6,13)( 8,15)(10,17)(12,19)(14,21)(16,23)(18,25)\n(20,27)(22,29)(24,31)(26,33)(28,35)(30,36)(32,38)(34,39)(37,40)", "to": "( 1, 6, 9, 2, 4,13, 3, 7)( 5,37,17,32,11,40,10,38)( 8,35,21,34,15,28,14,39)\n(12,30,25,24,19,36,18,31)(16,27,29,26,23,20,22,33)", "weight": 1}, {"from": "( 1, 4)( 2, 7)( 3, 9)( 5,11)( 6,13)( 8,15)(10,17)(12,19)(14,21)(16,23)(18,25)\n(20,27)(22,29)(24,31)(26,33)(28,35)(30,36)(32,38)(34,39)(37,40)", "to": "( 1, 7, 3,13, 4, 2, 9, 6)( 5,38,10,40,11,32,17,37)( 8,39,14,28,15,34,21,35)\n(12,31,18,36,19,24,25,30)(16,33,22,20,23,26,29,27)", "weight": 1}, {"from": "( 1, 4)( 2, 7)( 3, 9)( 5,11)( 6,13)( 8,15)(10,17)(12,19)(14,21)(16,23)(18,25)\n(20,27)(22,29)(24,31)(26,33)(28,35)(30,36)(32,38)(34,39)(37,40)", "to": "( 1, 8, 3,14, 4,15, 9,21)( 2,10, 6,11, 7,17,13, 5)(12,32,18,37,19,38,25,40)\n(16,34,22,35,23,39,29,28)(20,24,26,30,27,31,33,36)", "weight": 1}, {"from": "( 1, 4)( 2, 7)( 3, 9)( 5,11)( 6,13)( 8,15)(10,17)(12,19)(14,21)(16,23)(18,25)\n(20,27)(22,29)(24,31)(26,33)(28,35)(30,36)(32,38)(34,39)(37,40)", "to": "( 1, 9, 4, 3)( 2,13, 7, 6)( 5,17,11,10)( 8,21,15,14)(12,25,19,18)(16,29,23,22)\n(20,33,27,26)(24,36,31,30)(28,39,35,34)(32,40,38,37)", "weight": 1}, {"from": "( 1, 4)( 2, 7)( 3, 9)( 5,11)( 6,13)( 8,15)(10,17)(12,19)(14,21)(16,23)(18,25)\n(20,27)(22,29)(24,31)(26,33)(28,35)(30,36)(32,38)(34,39)(37,40)", "to": "( 1,10,19,33,28, 3,11,25,20,34, 4,17,12,26,35, 9, 5,18,27,39)( 2,14,23,36,32,\n  6,15,29,24,37, 7,21,16,30,38,13, 8,22,31,40)", "weight": 1}, {"from": "( 1, 4)( 2, 7)( 3, 9)( 5,11)( 6,13)( 8,15)(10,17)(12,19)(14,21)(16,23)(18,25)\n(20,27)(22,29)(24,31)(26,33)(28,35)(30,36)(32,38)(34,39)(37,40)", "to": "( 1,11,12,27,28, 4, 5,19,20,35)( 2,15,16,31,32, 7, 8,23,24,38)( 3,17,18,33,34,\n 9,10,25,26,39)( 6,21,22,36,37,13,14,29,30,40)", "weight": 1}, {"from": "( 1, 4)( 2, 7)( 3, 9)( 5,11)( 6,13)( 8,15)(10,17)(12,19)(14,21)(16,23)(18,25)\n(20,27)(22,29)(24,31)(26,33)(28,35)(30,36)(32,38)(34,39)(37,40)", "to": "( 1,12,28, 5,20)( 2,16,32, 8,24)( 3,18,34,10,26)( 4,19,35,11,27)\n( 6,22,37,14,30)( 7,23,38,15,31)( 9,25,39,17,33)(13,29,40,21,36)", "weight": 1}, {"from": "( 1, 4)( 2, 7)( 3, 9)( 5,11)( 6,13)( 8,15)(10,17)(12,19)(14,21)(16,23)(18,25)\n(20,27)(22,29)(24,31)(26,33)(28,35)(30,36)(32,38)(34,39)(37,40)", "to": "( 1,13, 9, 7, 4, 6, 3, 2)( 5,40,17,38,11,37,10,32)( 8,28,21,39,15,35,14,34)\n(12,36,25,31,19,30,18,24)(16,20,29,33,23,27,22,26)", "weight": 1}, {"from": "( 1, 4)( 2, 7)( 3, 9)( 5,11)( 6,13)( 8,15)(10,17)(12,19)(14,21)(16,23)(18,25)\n(20,27)(22,29)(24,31)(26,33)(28,35)(30,36)(32,38)(34,39)(37,40)", "to": "( 1,14, 9, 8, 4,21, 3,15)( 2,11,13,10, 7, 5, 6,17)(12,37,25,32,19,40,18,38)\n(16,35,29,34,23,28,22,39)(20,30,33,24,27,36,26,31)", "weight": 1}, {"from": "( 1, 4)( 2, 7)( 3, 9)( 5,11)( 6,13)( 8,15)(10,17)(12,19)(14,21)(16,23)(18,25)\n(20,27)(22,29)(24,31)(26,33)(28,35)(30,36)(32,38)(34,39)(37,40)", "to": "( 1,15, 3,21, 4, 8, 9,14)( 2,17, 6, 5, 7,10,13,11)(12,38,18,40,19,32,25,37)\n(16,39,22,28,23,34,29,35)(20,31,26,36,27,24,33,30)", "weight": 1}, {"from": "( 1, 4)( 2, 7)( 3, 9)( 5,11)( 6,13)( 8,15)(10,17)(12,19)(14,21)(16,23)(18,25)\n(20,27)(22,29)(24,31)(26,33)(28,35)(30,36)(32,38)(34,39)(37,40)", "to": "( 1,16, 3,22, 4,23, 9,29)( 2,18, 6,19, 7,25,13,12)( 5, 8,10,14,11,15,17,21)\n(20,32,26,37,27,38,33,40)(24,34,30,35,31,39,36,28)", "weight": 1}, {"from": "( 1, 4)( 2, 7)( 3, 9)( 5,11)( 6,13)( 8,15)(10,17)(12,19)(14,21)(16,23)(18,25)\n(20,27)(22,29)(24,31)(26,33)(28,35)(30,36)(32,38)(34,39)(37,40)", "to": "( 1,17,19,26,28, 9,11,18,20,39, 4,10,12,33,35, 3, 5,25,27,34)( 2,21,23,30,32,\n 13,15,22,24,40, 7,14,16,36,38, 6, 8,29,31,37)", "weight": 1}, {"from": "( 1, 4)( 2, 7)( 3, 9)( 5,11)( 6,13)( 8,15)(10,17)(12,19)(14,21)(16,23)(18,25)\n(20,27)(22,29)(24,31)(26,33)(28,35)(30,36)(32,38)(34,39)(37,40)", "to": "( 1,18,35,17,20, 3,19,39, 5,26, 4,25,28,10,27, 9,12,34,11,33)( 2,22,38,21,24,\n  6,23,40, 8,30, 7,29,32,14,31,13,16,37,15,36)", "weight": 1}, {"from": "( 1, 4)( 2, 7)( 3, 9)( 5,11)( 6,13)( 8,15)(10,17)(12,19)(14,21)(16,23)(18,25)\n(20,27)(22,29)(24,31)(26,33)(28,35)(30,36)(32,38)(34,39)(37,40)", "to": "( 1,19,28,11,20, 4,12,35, 5,27)( 2,23,32,15,24, 7,16,38, 8,31)( 3,25,34,17,26,\n 9,18,39,10,33)( 6,29,37,21,30,13,22,40,14,36)", "weight": 1}, {"from": "( 1, 4)( 2, 7)( 3, 9)( 5,11)( 6,13)( 8,15)(10,17)(12,19)(14,21)(16,23)(18,25)\n(20,27)(22,29)(24,31)(26,33)(28,35)(30,36)(32,38)(34,39)(37,40)", "to": "( 1,20, 5,28,12)( 2,24, 8,32,16)( 3,26,10,34,18)( 4,27,11,35,19)\n( 6,30,14,37,22)( 7,31,15,38,23)( 9,33,17,39,25)(13,36,21,40,29)", "weight": 1}, {"from": "( 1, 4)( 2, 7)( 3, 9)( 5,11)( 6,13)( 8,15)(10,17)(12,19)(14,21)(16,23)(18,25)\n(20,27)(22,29)(24,31)(26,33)(28,35)(30,36)(32,38)(34,39)(37,40)", "to": "( 1,21, 9,15, 4,14, 3, 8)( 2, 5,13,17, 7,11, 6,10)(12,40,25,38,19,37,18,32)\n(16,28,29,39,23,35,22,34)(20,36,33,31,27,30,26,24)", "weight": 1}, {"from": "( 1, 4)( 2, 7)( 3, 9)( 5,11)( 6,13)( 8,15)(10,17)(12,19)(14,21)(16,23)(18,25)\n(20,27)(22,29)(24,31)(26,33)(28,35)(30,36)(32,38)(34,39)(37,40)", "to": "( 1,22, 9,16, 4,29, 3,23)( 2,19,13,18, 7,12, 6,25)( 5,14,17, 8,11,21,10,15)\n(20,37,33,32,27,40,26,38)(24,35,36,34,31,28,30,39)", "weight": 1}, {"from": "( 1, 4)( 2, 7)( 3, 9)( 5,11)( 6,13)( 8,15)(10,17)(12,19)(14,21)(16,23)(18,25)\n(20,27)(22,29)(24,31)(26,33)(28,35)(30,36)(32,38)(34,39)(37,40)", "to": "( 1,23, 3,29, 4,16, 9,22)( 2,25, 6,12, 7,18,13,19)( 5,15,10,21,11, 8,17,14)\n(20,38,26,40,27,32,33,37)(24,39,30,28,31,34,36,35)", "weight": 1}, {"from": "( 1, 4)( 2, 7)( 3, 9)( 5,11)( 6,13)( 8,15)(10,17)(12,19)(14,21)(16,23)(18,25)\n(20,27)(22,29)(24,31)(26,33)(28,35)(30,36)(32,38)(34,39)(37,40)", "to": "( 1,24, 3,30, 4,31, 9,36)( 2,26, 6,27, 7,33,13,20)( 5,16,10,22,11,23,17,29)\n( 8,18,14,19,15,25,21,12)(28,32,34,37,35,38,39,40)", "weight": 1}, {"from": "( 1, 4)( 2, 7)( 3, 9)( 5,11)( 6,13)( 8,15)(10,17)(12,19)(14,21)(16,23)(18,25)\n(20,27)(22,29)(24,31)(26,33)(28,35)(30,36)(32,38)(34,39)(37,40)", "to": "( 1,25,35,10,20, 9,19,34, 5,33, 4,18,28,17,27, 3,12,39,11,26)( 2,29,38,14,24,\n 13,23,37, 8,36, 7,22,32,21,31, 6,16,40,15,30)", "weight": 1}, {"from": "( 1, 4)( 2, 7)( 3, 9)( 5,11)( 6,13)( 8,15)(10,17)(12,19)(14,21)(16,23)(18,25)\n(20,27)(22,29)(24,31)(26,33)(28,35)(30,36)(32,38)(34,39)(37,40)", "to": "( 1,26,11,39,12, 3,27,17,28,18, 4,33, 5,34,19, 9,20,10,35,25)( 2,30,15,40,16,\n  6,31,21,32,22, 7,36, 8,37,23,13,24,14,38,29)", "weight": 1}, {"from": "( 1, 4)( 2, 7)( 3, 9)( 5,11)( 6,13)( 8,15)(10,17)(12,19)(14,21)(16,23)(18,25)\n(20,27)(22,29)(24,31)(26,33)(28,35)(30,36)(32,38)(34,39)(37,40)", "to": "( 1,27, 5,35,12, 4,20,11,28,19)( 2,31, 8,38,16, 7,24,15,32,23)( 3,33,10,39,18,\n 9,26,17,34,25)( 6,36,14,40,22,13,30,21,37,29)", "weight": 1}, {"from": "( 1, 4)( 2, 7)( 3, 9)( 5,11)( 6,13)( 8,15)(10,17)(12,19)(14,21)(16,23)(18,25)\n(20,27)(22,29)(24,31)(26,33)(28,35)(30,36)(32,38)(34,39)(37,40)", "to": "( 1,28,20,12, 5)( 2,32,24,16, 8)( 3,34,26,18,10)( 4,35,27,19,11)\n( 6,37,30,22,14)( 7,38,31,23,15)( 9,