<html>
<head>
<link rel="stylesheet" href="https://cdnjs.cloudflare.com/ajax/libs/vis/4.16.1/vis.css" type="text/css" />
<script type="text/javascript" src="https://cdnjs.cloudflare.com/ajax/libs/vis/4.16.1/vis-network.min.js"> </script>
<center>
<h1></h1>
</center>

<!-- <link rel="stylesheet" href="../node_modules/vis/dist/vis.min.css" type="text/css" />
<script type="text/javascript" src="../node_modules/vis/dist/vis.js"> </script>-->

<style type="text/css">

        #mynetwork {
            width: 80%;
            height: 1000px;
            background-color: #ffffff;
            border: 1px solid lightgray;
            position: relative;
            float: left;
        }

        

        
        #config {
            float: left;
            width: 400px;
            height: 600px;
        }
        

        
</style>

</head>

<body>
<div id = "mynetwork"></div>


<div id = "config"></div>

<script type="text/javascript">

    // initialize global variables.
    var edges;
    var nodes;
    var network; 
    var container;
    var options, data;

    
    // This method is responsible for drawing the graph, returns the drawn network
    function drawGraph() {
        var container = document.getElementById('mynetwork');
        
        

        // parsing and collecting nodes and edges from the python
        nodes = new vis.DataSet([{"id": "()", "label": "()", "shape": "dot", "size": 10}, {"id": "( 1, 2)( 3, 5)( 4,36)( 6,33)( 7,10)( 8,40)( 9,30)(11,38)(12,27)(13,42)(14,35)\n(15,24)(16,41)(17,32)(18,21)(19,39)(20,29)(22,37)(23,26)(25,34)(28,31)", "label": "( 1, 2)( 3, 5)( 4,36)( 6,33)( 7,10)( 8,40)( 9,30)(11,38)(12,27)(13,42)(14,35)\n(15,24)(16,41)(17,32)(18,21)(19,39)(20,29)(22,37)(23,26)(25,34)(28,31)", "shape": "dot", "size": 10}, {"id": "( 1, 3, 7)( 2, 5,10)( 4, 8,13)( 6,11,16)( 9,14,19)(12,17,22)(15,20,25)\n(18,23,28)(21,26,31)(24,29,34)(27,32,37)(30,35,39)(33,38,41)(36,40,42)", "label": "( 1, 3, 7)( 2, 5,10)( 4, 8,13)( 6,11,16)( 9,14,19)(12,17,22)(15,20,25)\n(18,23,28)(21,26,31)(24,29,34)(27,32,37)(30,35,39)(33,38,41)(36,40,42)", "shape": "dot", "size": 10}, {"id": "( 1, 4, 9,15,21,27,33)( 2, 6,12,18,24,30,36)( 3, 8,14,20,26,32,38)\n( 5,11,17,23,29,35,40)( 7,13,19,25,31,37,41)(10,16,22,28,34,39,42)", "label": "( 1, 4, 9,15,21,27,33)( 2, 6,12,18,24,30,36)( 3, 8,14,20,26,32,38)\n( 5,11,17,23,29,35,40)( 7,13,19,25,31,37,41)(10,16,22,28,34,39,42)", "shape": "dot", "size": 10}, {"id": "( 1, 5, 7, 2, 3,10)( 4,40,13,36, 8,42)( 6,38,16,33,11,41)( 9,35,19,30,14,39)\n(12,32,22,27,17,37)(15,29,25,24,20,34)(18,26,28,21,23,31)", "label": "( 1, 5, 7, 2, 3,10)( 4,40,13,36, 8,42)( 6,38,16,33,11,41)( 9,35,19,30,14,39)\n(12,32,22,27,17,37)(15,29,25,24,20,34)(18,26,28,21,23,31)", "shape": "dot", "size": 10}, {"id": "( 1, 6)( 2, 4)( 3,11)( 5, 8)( 7,16)( 9,36)(10,13)(12,33)(14,40)(15,30)(17,38)\n(18,27)(19,42)(20,35)(21,24)(22,41)(23,32)(25,39)(26,29)(28,37)(31,34)", "label": "( 1, 6)( 2, 4)( 3,11)( 5, 8)( 7,16)( 9,36)(10,13)(12,33)(14,40)(15,30)(17,38)\n(18,27)(19,42)(20,35)(21,24)(22,41)(23,32)(25,39)(26,29)(28,37)(31,34)", "shape": "dot", "size": 10}, {"id": "( 1, 7, 3)( 2,10, 5)( 4,13, 8)( 6,16,11)( 9,19,14)(12,22,17)(15,25,20)\n(18,28,23)(21,31,26)(24,34,29)(27,37,32)(30,39,35)(33,41,38)(36,42,40)", "label": "( 1, 7, 3)( 2,10, 5)( 4,13, 8)( 6,16,11)( 9,19,14)(12,22,17)(15,25,20)\n(18,28,23)(21,31,26)(24,34,29)(27,37,32)(30,39,35)(33,41,38)(36,42,40)", "shape": "dot", "size": 10}, {"id": "( 1, 8,19,15,26,37,33, 3,13, 9,20,31,27,38, 7, 4,14,25,21,32,41)\n( 2,11,22,18,29,39,36, 5,16,12,23,34,30,40,10, 6,17,28,24,35,42)", "label": "( 1, 8,19,15,26,37,33, 3,13, 9,20,31,27,38, 7, 4,14,25,21,32,41)\n( 2,11,22,18,29,39,36, 5,16,12,23,34,30,40,10, 6,17,28,24,35,42)", "shape": "dot", "size": 10}, {"id": "( 1, 9,21,33, 4,15,27)( 2,12,24,36, 6,18,30)( 3,14,26,38, 8,20,32)\n( 5,17,29,40,11,23,35)( 7,19,31,41,13,25,37)(10,22,34,42,16,28,39)", "label": "( 1, 9,21,33, 4,15,27)( 2,12,24,36, 6,18,30)( 3,14,26,38, 8,20,32)\n( 5,17,29,40,11,23,35)( 7,19,31,41,13,25,37)(10,22,34,42,16,28,39)", "shape": "dot", "size": 10}, {"id": "( 1,10, 3, 2, 7, 5)( 4,42, 8,36,13,40)( 6,41,11,33,16,38)( 9,39,14,30,19,35)\n(12,37,17,27,22,32)(15,34,20,24,25,29)(18,31,23,21,28,26)", "label": "( 1,10, 3, 2, 7, 5)( 4,42, 8,36,13,40)( 6,41,11,33,16,38)( 9,39,14,30,19,35)\n(12,37,17,27,22,32)(15,34,20,24,25,29)(18,31,23,21,28,26)", "shape": "dot", "size": 10}, {"id": "( 1,11, 7, 6, 3,16)( 2, 8,10, 4, 5,13)( 9,40,19,36,14,42)(12,38,22,33,17,41)\n(15,35,25,30,20,39)(18,32,28,27,23,37)(21,29,31,24,26,34)", "label": "( 1,11, 7, 6, 3,16)( 2, 8,10, 4, 5,13)( 9,40,19,36,14,42)(12,38,22,33,17,41)\n(15,35,25,30,20,39)(18,32,28,27,23,37)(21,29,31,24,26,34)", "shape": "dot", "size": 10}, {"id": "( 1,12)( 2, 9)( 3,17)( 4, 6)( 5,14)( 7,22)( 8,11)(10,19)(13,16)(15,36)(18,33)\n(20,40)(21,30)(23,38)(24,27)(25,42)(26,35)(28,41)(29,32)(31,39)(34,37)", "label": "( 1,12)( 2, 9)( 3,17)( 4, 6)( 5,14)( 7,22)( 8,11)(10,19)(13,16)(15,36)(18,33)\n(20,40)(21,30)(23,38)(24,27)(25,42)(26,35)(28,41)(29,32)(31,39)(34,37)", "shape": "dot", "size": 10}, {"id": "( 1,13,14,15,31,32,33, 7, 8, 9,25,26,27,41, 3, 4,19,20,21,37,38)\n( 2,16,17,18,34,35,36,10,11,12,28,29,30,42, 5, 6,22,23,24,39,40)", "label": "( 1,13,14,15,31,32,33, 7, 8, 9,25,26,27,41, 3, 4,19,20,21,37,38)\n( 2,16,17,18,34,35,36,10,11,12,28,29,30,42, 5, 6,22,23,24,39,40)", "shape": "dot", "size": 10}, {"id": "( 1,14,31,33, 8,25,27, 3,19,21,38,13,15,32, 7, 9,26,41, 4,20,37)\n( 2,17,34,36,11,28,30, 5,22,24,40,16,18,35,10,12,29,42, 6,23,39)", "label": "( 1,14,31,33, 8,25,27, 3,19,21,38,13,15,32, 7, 9,26,41, 4,20,37)\n( 2,17,34,36,11,28,30, 5,22,24,40,16,18,35,10,12,29,42, 6,23,39)", "shape": "dot", "size": 10}, {"id": "( 1,15,33, 9,27, 4,21)( 2,18,36,12,30, 6,24)( 3,20,38,14,32, 8,26)\n( 5,23,40,17,35,11,29)( 7,25,41,19,37,13,31)(10,28,42,22,39,16,34)", "label": "( 1,15,33, 9,27, 4,21)( 2,18,36,12,30, 6,24)( 3,20,38,14,32, 8,26)\n( 5,23,40,17,35,11,29)( 7,25,41,19,37,13,31)(10,28,42,22,39,16,34)", "shape": "dot", "size": 10}, {"id": "( 1,16, 3, 6, 7,11)( 2,13, 5, 4,10, 8)( 9,42,14,36,19,40)(12,41,17,33,22,38)\n(15,39,20,30,25,35)(18,37,23,27,28,32)(21,34,26,24,31,29)", "label": "( 1,16, 3, 6, 7,11)( 2,13, 5, 4,10, 8)( 9,42,14,36,19,40)(12,41,17,33,22,38)\n(15,39,20,30,25,35)(18,37,23,27,28,32)(21,34,26,24,31,29)", "shape": "dot", "size": 10}, {"id": "( 1,17, 7,12, 3,22)( 2,14,10, 9, 5,19)( 4,11,13, 6, 8,16)(15,40,25,36,20,42)\n(18,38,28,33,23,41)(21,35,31,30,26,39)(24,32,34,27,29,37)", "label": "( 1,17, 7,12, 3,22)( 2,14,10, 9, 5,19)( 4,11,13, 6, 8,16)(15,40,25,36,20,42)\n(18,38,28,33,23,41)(21,35,31,30,26,39)(24,32,34,27,29,37)", "shape": "dot", "size": 10}, {"id": "( 1,18)( 2,15)( 3,23)( 4,12)( 5,20)( 6, 9)( 7,28)( 8,17)(10,25)(11,14)(13,22)\n(16,19)(21,36)(24,33)(26,40)(27,30)(29,38)(31,42)(32,35)(34,41)(37,39)", "label": "( 1,18)( 2,15)( 3,23)( 4,12)( 5,20)( 6, 9)( 7,28)( 8,17)(10,25)(11,14)(13,22)\n(16,19)(21,36)(24,33)(26,40)(27,30)(29,38)(31,42)(32,35)(34,41)(37,39)", "shape": "dot", "size": 10}, {"id": "( 1,19,26,33,13,20,27, 7,14,21,41, 8,15,37, 3, 9,31,38, 4,25,32)\n( 2,22,29,36,16,23,30,10,17,24,42,11,18,39, 5,12,34,40, 6,28,35)", "label": "( 1,19,26,33,13,20,27, 7,14,21,41, 8,15,37, 3, 9,31,38, 4,25,32)\n( 2,22,29,36,16,23,30,10,17,24,42,11,18,39, 5,12,34,40, 6,28,35)", "shape": "dot", "size": 10}, {"id": "( 1,20,41, 9,32,13,21, 3,25,33,14,37, 4,26, 7,15,38,19,27, 8,31)\n( 2,23,42,12,35,16,24, 5,28,36,17,39, 6,29,10,18,40,22,30,11,34)", "label": "( 1,20,41, 9,32,13,21, 3,25,33,14,37, 4,26, 7,15,38,19,27, 8,31)\n( 2,23,42,12,35,16,24, 5,28,36,17,39, 6,29,10,18,40,22,30,11,34)", "shape": "dot", "size": 10}, {"id": "( 1,21, 4,27, 9,33,15)( 2,24, 6,30,12,36,18)( 3,26, 8,32,14,38,20)\n( 5,29,11,35,17,40,23)( 7,31,13,37,19,41,25)(10,34,16,39,22,42,28)", "label": "( 1,21, 4,27, 9,33,15)( 2,24, 6,30,12,36,18)( 3,26, 8,32,14,38,20)\n( 5,29,11,35,17,40,23)( 7,31,13,37,19,41,25)(10,34,16,39,22,42,28)", "shape": "dot", "size": 10}, {"id": "( 1,22, 3,12, 7,17)( 2,19, 5, 9,10,14)( 4,16, 8, 6,13,11)(15,42,20,36,25,40)\n(18,41,23,33,28,38)(21,39,26,30,31,35)(24,37,29,27,34,32)", "label": "( 1,22, 3,12, 7,17)( 2,19, 5, 9,10,14)( 4,16, 8, 6,13,11)(15,42,20,36,25,40)\n(18,41,23,33,28,38)(21,39,26,30,31,35)(24,37,29,27,34,32)", "shape": "dot", "size": 10}, {"id": "( 1,23, 7,18, 3,28)( 2,20,10,15, 5,25)( 4,17,13,12, 8,22)( 6,14,16, 9,11,19)\n(21,40,31,36,26,42)(24,38,34,33,29,41)(27,35,37,30,32,39)", "label": "( 1,23, 7,18, 3,28)( 2,20,10,15, 5,25)( 4,17,13,12, 8,22)( 6,14,16, 9,11,19)\n(21,40,31,36,26,42)(24,38,34,33,29,41)(27,35,37,30,32,39)", "shape": "dot", "size": 10}, {"id": "( 1,24)( 2,21)( 3,29)( 4,18)( 5,26)( 6,15)( 7,34)( 8,23)( 9,12)(10,31)(11,20)\n(13,28)(14,17)(16,25)(19,22)(27,36)(30,33)(32,40)(35,38)(37,42)(39,41)", "label": "( 1,24)( 2,21)( 3,29)( 4,18)( 5,26)( 6,15)( 7,34)( 8,23)( 9,12)(10,31)(11,20)\n(13,28)(14,17)(16,25)(19,22)(27,36)(30,33)(32,40)(35,38)(37,42)(39,41)", "shape": "dot", "size": 10}, {"id": "( 1,25,38, 9,37, 8,21, 7,20,33,19,32, 4,31, 3,15,41,14,27,13,26)\n( 2,28,40,12,39,11,24,10,23,36,22,35, 6,34, 5,18,42,17,30,16,29)", "label": "( 1,25,38, 9,37, 8,21, 7,20,33,19,32, 4,31, 3,15,41,14,27,13,26)\n( 2,28,40,12,39,11,24,10,23,36,22,35, 6,34, 5,18,42,17,30,16,29)", "shape": "dot", "size": 10}, {"id": "( 1,26,13,27,14,41,15, 3,31, 4,32,19,33,20, 7,21, 8,37, 9,38,25)\n( 2,29,16,30,17,42,18, 5,34, 6,35,22,36,23,10,24,11,39,12,40,28)", "label": "( 1,26,13,27,14,41,15, 3,31, 4,32,19,33,20, 7,21, 8,37, 9,38,25)\n( 2,29,16,30,17,42,18, 5,34, 6,35,22,36,23,10,24,11,39,12,40,28)", "shape": "dot", "size": 10}, {"id": "( 1,27,15, 4,33,21, 9)( 2,30,18, 6,36,24,12)( 3,32,20, 8,38,26,14)\n( 5,35,23,11,40,29,17)( 7,37,25,13,41,31,19)(10,39,28,16,42,34,22)", "label": "( 1,27,15, 4,33,21, 9)( 2,30,18, 6,36,24,12)( 3,32,20, 8,38,26,14)\n( 5,35,23,11,40,29,17)( 7,37,25,13,41,31,19)(10,39,28,16,42,34,22)", "shape": "dot", "size": 10}, {"id": "( 1,28, 3,18, 7,23)( 2,25, 5,15,10,20)( 4,22, 8,12,13,17)( 6,19,11, 9,16,14)\n(21,42,26,36,31,40)(24,41,29,33,34,38)(27,39,32,30,37,35)", "label": "( 1,28, 3,18, 7,23)( 2,25, 5,15,10,20)( 4,22, 8,12,13,17)( 6,19,11, 9,16,14)\n(21,42,26,36,31,40)(24,41,29,33,34,38)(27,39,32,30,37,35)", "shape": "dot", "size": 10}, {"id": "( 1,29, 7,24, 3,34)( 2,26,10,21, 5,31)( 4,23,13,18, 8,28)( 6,20,16,15,11,25)\n( 9,17,19,12,14,22)(27,40,37,36,32,42)(30,38,39,33,35,41)", "label": "( 1,29, 7,24, 3,34)( 2,26,10,21, 5,31)( 4,23,13,18, 8,28)( 6,20,16,15,11,25)\n( 9,17,19,12,14,22)(27,40,37,36,32,42)(30,38,39,33,35,41)", "shape": "dot", "size": 10}, {"id": "( 1,30)( 2,27)( 3,35)( 4,24)( 5,32)( 6,21)( 7,39)( 8,29)( 9,18)(10,37)(11,26)\n(12,15)(13,34)(14,23)(16,31)(17,20)(19,28)(22,25)(33,36)(38,40)(41,42)", "label": "( 1,30)( 2,27)( 3,35)( 4,24)( 5,32)( 6,21)( 7,39)( 8,29)( 9,18)(10,37)(11,26)\n(12,15)(13,34)(14,23)(16,31)(17,20)(19,28)(22,25)(33,36)(38,40)(41,42)", "shape": "dot", "size": 10}, {"id": "( 1,31, 8,27,19,38,15, 7,26, 4,37,14,33,25, 3,21,13,32, 9,41,20)\n( 2,34,11,30,22,40,18,10,29, 6,39,17,36,28, 5,24,16,35,12,42,23)", "label": "( 1,31, 8,27,19,38,15, 7,26, 4,37,14,33,25, 3,21,13,32, 9,41,20)\n( 2,34,11,30,22,40,18,10,29, 6,39,17,36,28, 5,24,16,35,12,42,23)", "shape": "dot", "size": 10}, {"id": "( 1,32,25, 4,38,31, 9, 3,37,15, 8,41,21,14, 7,27,20,13,33,26,19)\n( 2,35,28, 6,40,34,12, 5,39,18,11,42,24,17,10,30,23,16,36,29,22)", "label": "( 1,32,25, 4,38,31, 9, 3,37,15, 8,41,21,14, 7,27,20,13,33,26,19)\n( 2,35,28, 6,40,34,12, 5,39,18,11,42,24,17,10,30,23,16,36,29,22)", "shape": "dot", "size": 10}, {"id": "( 1,33,27,21,15, 9, 4)( 2,36,30,24,18,12, 6)( 3,38,32,26,20,14, 8)\n( 5,40,35,29,23,17,11)( 7,41,37,31,25,19,13)(10,42,39,34,28,22,16)", "label": "( 1,33,27,21,15, 9, 4)( 2,36,30,24,18,12, 6)( 3,38,32,26,20,14, 8)\n( 5,40,35,29,23,17,11)( 7,41,37,31,25,19,13)(10,42,39,34,28,22,16)", "shape": "dot", "size": 10}, {"id": "( 1,34, 3,24, 7,29)( 2,31, 5,21,10,26)( 4,28, 8,18,13,23)( 6,25,11,15,16,20)\n( 9,22,14,12,19,17)(27,42,32,36,37,40)(30,41,35,33,39,38)", "label": "( 1,34, 3,24, 7,29)( 2,31, 5,21,10,26)( 4,28, 8,18,13,23)( 6,25,11,15,16,20)\n( 9,22,14,12,19,17)(27,42,32,36,37,40)(30,41,35,33,39,38)", "shape": "dot", "size": 10}, {"id": "( 1,35, 7,30, 3,39)( 2,32,10,27, 5,37)( 4,29,13,24, 8,34)( 6,26,16,21,11,31)\n( 9,23,19,18,14,28)(12,20,22,15,17,25)(33,40,41,36,38,42)", "label": "( 1,35, 7,30, 3,39)( 2,32,10,27, 5,37)( 4,29,13,24, 8,34)( 6,26,16,21,11,31)\n( 9,23,19,18,14,28)(12,20,22,15,17,25)(33,40,41,36,38,42)", "shape": "dot", "size": 10}, {"id": "( 1,36)( 2,33)( 3,40)( 4,30)( 5,38)( 6,27)( 7,42)( 8,35)( 9,24)(10,41)(11,32)\n(12,21)(13,39)(14,29)(15,18)(16,37)(17,26)(19,34)(20,23)(22,31)(25,28)", "label": "( 1,36)( 2,33)( 3,40)( 4,30)( 5,38)( 6,27)( 7,42)( 8,35)( 9,24)(10,41)(11,32)\n(12,21)(13,39)(14,29)(15,18)(16,37)(17,26)(19,34)(20,23)(22,31)(25,28)", "shape": "dot", "size": 10}, {"id": "( 1,37,20, 4,41,26, 9, 7,32,15,13,38,21,19, 3,27,25, 8,33,31,14)\n( 2,39,23, 6,42,29,12,10,35,18,16,40,24,22, 5,30,28,11,36,34,17)", "label": "( 1,37,20, 4,41,26, 9, 7,32,15,13,38,21,19, 3,27,25, 8,33,31,14)\n( 2,39,23, 6,42,29,12,10,35,18,16,40,24,22, 5,30,28,11,36,34,17)", "shape": "dot", "size": 10}, {"id": "( 1,38,37,21,20,19, 4, 3,41,27,26,25, 9, 8, 7,33,32,31,15,14,13)\n( 2,40,39,24,23,22, 6, 5,42,30,29,28,12,11,10,36,35,34,18,17,16)", "label": "( 1,38,37,21,20,19, 4, 3,41,27,26,25, 9, 8, 7,33,32,31,15,14,13)\n( 2,40,39,24,23,22, 6, 5,42,30,29,28,12,11,10,36,35,34,18,17,16)", "shape": "dot", "size": 10}, {"id": "( 1,39, 3,30, 7,35)( 2,37, 5,27,10,32)( 4,34, 8,24,13,29)( 6,31,11,21,16,26)\n( 9,28,14,18,19,23)(12,25,17,15,22,20)(33,42,38,36,41,40)", "label": "( 1,39, 3,30, 7,35)( 2,37, 5,27,10,32)( 4,34, 8,24,13,29)( 6,31,11,21,16,26)\n( 9,28,14,18,19,23)(12,25,17,15,22,20)(33,42,38,36,41,40)", "shape": "dot", "size": 10}, {"id": "( 1,40, 7,36, 3,42)( 2,38,10,33, 5,41)( 4,35,13,30, 8,39)( 6,32,16,27,11,37)\n( 9,29,19,24,14,34)(12,26,22,21,17,31)(15,23,25,18,20,28)", "label": "( 1,40, 7,36, 3,42)( 2,38,10,33, 5,41)( 4,35,13,30, 8,39)( 6,32,16,27,11,37)\n( 9,29,19,24,14,34)(12,26,22,21,17,31)(15,23,25,18,20,28)", "shape": "dot", "size": 10}, {"id": "( 1,41,32,21,25,14, 4, 7,38,27,31,20, 9,13, 3,33,37,26,15,19, 8)\n( 2,42,35,24,28,17, 6,10,40,30,34,23,12,16, 5,36,39,29,18,22,11)", "label": "( 1,41,32,21,25,14, 4, 7,38,27,31,20, 9,13, 3,33,37,26,15,19, 8)\n( 2,42,35,24,28,17, 6,10,40,30,34,23,12,16, 5,36,39,29,18,22,11)", "shape": "dot", "size": 10}, {"id": "( 1,42, 3,36, 7,40)( 2,41, 5,33,10,38)( 4,39, 8,30,13,35)( 6,37,11,27,16,32)\n( 9,34,14,24,19,29)(12,31,17,21,22,26)(15,28,20,18,25,23)", "label": "( 1,42, 3,36, 7,40)( 2,41, 5,33,10,38)( 4,39, 8,30,13,35)( 6,37,11,27,16,32)\n( 9,34,14,24,19,29)(12,31,17,21,22,26)(15,28,20,18,25,23)", "shape": "dot", "size": 10}]);
        edges = new vis.DataSet([{"from": "()", "to": "( 1, 2)( 3, 5)( 4,36)( 6,33)( 7,10)( 8,40)( 9,30)(11,38)(12,27)(13,42)(14,35)\n(15,24)(16,41)(17,32)(18,21)(19,39)(20,29)(22,37)(23,26)(25,34)(28,31)", "weight": 1}, {"from": "()", "to": "( 1, 3, 7)( 2, 5,10)( 4, 8,13)( 6,11,16)( 9,14,19)(12,17,22)(15,20,25)\n(18,23,28)(21,26,31)(24,29,34)(27,32,37)(30,35,39)(33,38,41)(36,40,42)", "weight": 1}, {"from": "()", "to": "( 1, 4, 9,15,21,27,33)( 2, 6,12,18,24,30,36)( 3, 8,14,20,26,32,38)\n( 5,11,17,23,29,35,40)( 7,13,19,25,31,37,41)(10,16,22,28,34,39,42)", "weight": 1}, {"from": "()", "to": "( 1, 5, 7, 2, 3,10)( 4,40,13,36, 8,42)( 6,38,16,33,11,41)( 9,35,19,30,14,39)\n(12,32,22,27,17,37)(15,29,25,24,20,34)(18,26,28,21,23,31)", "weight": 1}, {"from": "()", "to": "( 1, 6)( 2, 4)( 3,11)( 5, 8)( 7,16)( 9,36)(10,13)(12,33)(14,40)(15,30)(17,38)\n(18,27)(19,42)(20,35)(21,24)(22,41)(23,32)(25,39)(26,29)(28,37)(31,34)", "weight": 1}, {"from": "()", "to": "( 1, 7, 3)( 2,10, 5)( 4,13, 8)( 6,16,11)( 9,19,14)(12,22,17)(15,25,20)\n(18,28,23)(21,31,26)(24,34,29)(27,37,32)(30,39,35)(33,41,38)(36,42,40)", "weight": 1}, {"from": "()", "to": "( 1, 8,19,15,26,37,33, 3,13, 9,20,31,27,38, 7, 4,14,25,21,32,41)\n( 2,11,22,18,29,39,36, 5,16,12,23,34,30,40,10, 6,17,28,24,35,42)", "weight": 1}, {"from": "()", "to": "( 1, 9,21,33, 4,15,27)( 2,12,24,36, 6,18,30)( 3,14,26,38, 8,20,32)\n( 5,17,29,40,11,23,35)( 7,19,31,41,13,25,37)(10,22,34,42,16,28,39)", "weight": 1}, {"from": "()", "to": "( 1,10, 3, 2, 7, 5)( 4,42, 8,36,13,40)( 6,41,11,33,16,38)( 9,39,14,30,19,35)\n(12,37,17,27,22,32)(15,34,20,24,25,29)(18,31,23,21,28,26)", "weight": 1}, {"from": "()", "to": "( 1,11, 7, 6, 3,16)( 2, 8,10, 4, 5,13)( 9,40,19,36,14,42)(12,38,22,33,17,41)\n(15,35,25,30,20,39)(18,32,28,27,23,37)(21,29,31,24,26,34)", "weight": 1}, {"from": "()", "to": "( 1,12)( 2, 9)( 3,17)( 4, 6)( 5,14)( 7,22)( 8,11)(10,19)(13,16)(15,36)(18,33)\n(20,40)(21,30)(23,38)(24,27)(25,42)(26,35)(28,41)(29,32)(31,39)(34,37)", "weight": 1}, {"from": "()", "to": "( 1,13,14,15,31,32,33, 7, 8, 9,25,26,27,41, 3, 4,19,20,21,37,38)\n( 2,16,17,18,34,35,36,10,11,12,28,29,30,42, 5, 6,22,23,24,39,40)", "weight": 1}, {"from": "()", "to": "( 1,14,31,33, 8,25,27, 3,19,21,38,13,15,32, 7, 9,26,41, 4,20,37)\n( 2,17,34,36,11,28,30, 5,22,24,40,16,18,35,10,12,29,42, 6,23,39)", "weight": 1}, {"from": "()", "to": "( 1,15,33, 9,27, 4,21)( 2,18,36,12,30, 6,24)( 3,20,38,14,32, 8,26)\n( 5,23,40,17,35,11,29)( 7,25,41,19,37,13,31)(10,28,42,22,39,16,34)", "weight": 1}, {"from": "()", "to": "( 1,16, 3, 6, 7,11)( 2,13, 5, 4,10, 8)( 9,42,14,36,19,40)(12,41,17,33,22,38)\n(15,39,20,30,25,35)(18,37,23,27,28,32)(21,34,26,24,31,29)", "weight": 1}, {"from": "()", "to": "( 1,17, 7,12, 3,22)( 2,14,10, 9, 5,19)( 4,11,13, 6, 8,16)(15,40,25,36,20,42)\n(18,38,28,33,23,41)(21,35,31,30,26,39)(24,32,34,27,29,37)", "weight": 1}, {"from": "()", "to": "( 1,18)( 2,15)( 3,23)( 4,12)( 5,20)( 6, 9)( 7,28)( 8,17)(10,25)(11,14)(13,22)\n(16,19)(21,36)(24,33)(26,40)(27,30)(29,38)(31,42)(32,35)(34,41)(37,39)", "weight": 1}, {"from": "()", "to": "( 1,19,26,33,13,20,27, 7,14,21,41, 8,15,37, 3, 9,31,38, 4,25,32)\n( 2,22,29,36,16,23,30,10,17,24,42,11,18,39, 5,12,34,40, 6,28,35)", "weight": 1}, {"from": "()", "to": "( 1,20,41, 9,32,13,21, 3,25,33,14,37, 4,26, 7,15,38,19,27, 8,31)\n( 2,23,42,12,35,16,24, 5,28,36,17,39, 6,29,10,18,40,22,30,11,34)", "weight": 1}, {"from": "()", "to": "( 1,21, 4,27, 9,33,15)( 2,24, 6,30,12,36,18)( 3,26, 8,32,14,38,20)\n( 5,29,11,35,17,40,23)( 7,31,13,37,19,41,25)(10,34,16,39,22,42,28)", "weight": 1}, {"from": "()", "to": "( 1,22, 3,12, 7,17)( 2,19, 5, 9,10,14)( 4,16, 8, 6,13,11)(15,42,20,36,25,40)\n(18,41,23,33,28,38)(21,39,26,30,31,35)(24,37,29,27,34,32)", "weight": 1}, {"from": "()", "to": "( 1,23, 7,18, 3,28)( 2,20,10,15, 5,25)( 4,17,13,12, 8,22)( 6,14,16, 9,11,19)\n(21,40,31,36,26,42)(24,38,34,33,29,41)(27,35,37,30,32,39)", "weight": 1}, {"from": "()", "to": "( 1,24)( 2,21)( 3,29)( 4,18)( 5,26)( 6,15)( 7,34)( 8,23)( 9,12)(10,31)(11,20)\n(13,28)(14,17)(16,25)(19,22)(27,36)(30,33)(32,40)(35,38)(37,42)(39,41)", "weight": 1}, {"from": "()", "to": "( 1,25,38, 9,37, 8,21, 7,20,33,19,32, 4,31, 3,15,41,14,27,13,26)\n( 2,28,40,12,39,11,24,10,23,36,22,35, 6,34, 5,18,42,17,30,16,29)", "weight": 1}, {"from": "()", "to": "( 1,26,13,27,14,41,15, 3,31, 4,32,19,33,20, 7,21, 8,37, 9,38,25)\n( 2,29,16,30,17,42,18, 5,34, 6,35,22,36,23,10,24,11,39,12,40,28)", "weight": 1}, {"from": "()", "to": "( 1,27,15, 4,33,21, 9)( 2,30,18, 6,36,24,12)( 3,32,20, 8,38,26,14)\n( 5,35,23,11,40,29,17)( 7,37,25,13,41,31,19)(10,39,28,16,42,34,22)", "weight": 1}, {"from": "()", "to": "( 1,28, 3,18, 7,23)( 2,25, 5,15,10,20)( 4,22, 8,12,13,17)( 6,19,11, 9,16,14)\n(21,42,26,36,31,40)(24,41,29,33,34,38)(27,39,32,30,37,35)", "weight": 1}, {"from": "()", "to": "( 1,29, 7,24, 3,34)( 2,26,10,21, 5,31)( 4,23,13,18, 8,28)( 6,20,16,15,11,25)\n( 9,17,19,12,14,22)(27,40,37,36,32,42)(30,38,39,33,35,41)", "weight": 1}, {"from": "()", "to": "( 1,30)( 2,27)( 3,35)( 4,24)( 5,32)( 6,21)( 7,39)( 8,29)( 9,18)(10,37)(11,26)\n(12,15)(13,34)(14,23)(16,31)(17,20)(19,28)(22,25)(33,36)(38,40)(41,42)", "weight": 1}, {"from": "()", "to": "( 1,31, 8,27,19,38,15, 7,26, 4,37,14,33,25, 3,21,13,32, 9,41,20)\n( 2,34,11,30,22,40,18,10,29, 6,39,17,36,28, 5,24,16,35,12,42,23)", "weight": 1}, {"from": "()", "to": "( 1,32,25, 4,38,31, 9, 3,37,15, 8,41,21,14, 7,27,20,13,33,26,19)\n( 2,35,28, 6,40,34,12, 5,39,18,11,42,24,17,10,30,23,16,36,29,22)", "weight": 1}, {"from": "()", "to": "( 1,33,27,21,15, 9, 4)( 2,36,30,24,18,12, 6)( 3,38,32,26,20,14, 8)\n( 5,40,35,29,23,17,11)( 7,41,37,31,25,19,13)(10,42,39,34,28,22,16)", "weight": 1}, {"from": "()", "to": "( 1,34, 3,24, 7,29)( 2,31, 5,21,10,26)( 4,28, 8,18,13,23)( 6,25,11,15,16,20)\n( 9,22,14,12,19,17)(27,42,32,36,37,40)(30,41,35,33,39,38)", "weight": 1}, {"from": "()", "to": "( 1,35, 7,30, 3,39)( 2,32,10,27, 5,37)( 4,29,13,24, 8,34)( 6,26,16,21,11,31)\n( 9,23,19,18,14,28)(12,20,22,15,17,25)(33,40,41,36,38,42)", "weight": 1}, {"from": "()", "to": "( 1,36)( 2,33)( 3,40)( 4,30)( 5,38)( 6,27)( 7,42)( 8,35)( 9,24)(10,41)(11,32)\n(12,21)(13,39)(14,29)(15,18)(16,37)(17,26)(19,34)(20,23)(22,31)(25,28)", "weight": 1}, {"from": "()", "to": "( 1,37,20, 4,41,26, 9, 7,32,15,13,38,21,19, 3,27,25, 8,33,31,14)\n( 2,39,23, 6,42,29,12,10,35,18,16,40,24,22, 5,30,28,11,36,34,17)", "weight": 1}, {"from": "()", "to": "( 1,38,37,21,20,19, 4, 3,41,27,26,25, 9, 8, 7,33,32,31,15,14,13)\n( 2,40,39,24,23,22, 6, 5,42,30,29,28,12,11,10,36,35,34,18,17,16)", "weight": 1}, {"from": "()", "to": "( 1,39, 3,30, 7,35)( 2,37, 5,27,10,32)( 4,34, 8,24,13,29)( 6,31,11,21,16,26)\n( 9,28,14,18,19,23)(12,25,17,15,22,20)(33,42,38,36,41,40)", "weight": 1}, {"from": "()", "to": "( 1,40, 7,36, 3,42)( 2,38,10,33, 5,41)( 4,35,13,30, 8,39)( 6,32,16,27,11,37)\n( 9,29,19,24,14,34)(12,26,22,21,17,31)(15,23,25,18,20,28)", "weight": 1}, {"from": "()", "to": "( 1,41,32,21,25,14, 4, 7,38,27,31,20, 9,13, 3,33,37,26,15,19, 8)\n( 2,42,35,24,28,17, 6,10,40,30,34,23,12,16, 5,36,39,29,18,22,11)", "weight": 1}, {"from": "()", "to": "( 1,42, 3,36, 7,40)( 2,41, 5,33,10,38)( 4,39, 8,30,13,35)( 6,37,11,27,16,32)\n( 9,34,14,24,19,29)(12,31,17,21,22,26)(15,28,20,18,25,23)", "weight": 1}, {"from": "( 1, 2)( 3, 5)( 4,36)( 6,33)( 7,10)( 8,40)( 9,30)(11,38)(12,27)(13,42)(14,35)\n(15,24)(16,41)(17,32)(18,21)(19,39)(20,29)(22,37)(23,26)(25,34)(28,31)", "to": "( 1, 3, 7)( 2, 5,10)( 4, 8,13)( 6,11,16)( 9,14,19)(12,17,22)(15,20,25)\n(18,23,28)(21,26,31)(24,29,34)(27,32,37)(30,35,39)(33,38,41)(36,40,42)", "weight": 1}, {"from": "( 1, 2)( 3, 5)( 4,36)( 6,33)( 7,10)( 8,40)( 9,30)(11,38)(12,27)(13,42)(14,35)\n(15,24)(16,41)(17,32)(18,21)(19,39)(20,29)(22,37)(23,26)(25,34)(28,31)", "to": "( 1, 5, 7, 2, 3,10)( 4,40,13,36, 8,42)( 6,38,16,33,11,41)( 9,35,19,30,14,39)\n(12,32,22,27,17,37)(15,29,25,24,20,34)(18,26,28,21,23,31)", "weight": 1}, {"from": "( 1, 2)( 3, 5)( 4,36)( 6,33)( 7,10)( 8,40)( 9,30)(11,38)(12,27)(13,42)(14,35)\n(15,24)(16,41)(17,32)(18,21)(19,39)(20,29)(22,37)(23,26)(25,34)(28,31)", "to": "( 1, 7, 3)( 2,10, 5)( 4,13, 8)( 6,16,11)( 9,19,14)(12,22,17)(15,25,20)\n(18,28,23)(21,31,26)(24,34,29)(27,37,32)(30,39,35)(33,41,38)(36,42,40)", "weight": 1}, {"from": "( 1, 2)( 3, 5)( 4,36)( 6,33)( 7,10)( 8,40)( 9,30)(11,38)(12,27)(13,42)(14,35)\n(15,24)(16,41)(17,32)(18,21)(19,39)(20,29)(22,37)(23,26)(25,34)(28,31)", "to": "( 1,10, 3, 2, 7, 5)( 4,42, 8,36,13,40)( 6,41,11,33,16,38)( 9,39,14,30,19,35)\n(12,37,17,27,22,32)(15,34,20,24,25,29)(18,31,23,21,28,26)", "weight": 1}, {"from": "( 1, 3, 7)( 2, 5,10)( 4, 8,13)( 6,11,16)( 9,14,19)(12,17,22)(15,20,25)\n(18,23,28)(21,26,31)(24,29,34)(27,32,37)(30,35,39)(33,38,41)(36,40,42)", "to": "( 1, 4, 9,15,21,27,33)( 2, 6,12,18,24,30,36)( 3, 8,14,20,26,32,38)\n( 5,11,17,23,29,35,40)( 7,13,19,25,31,37,41)(10,16,22,28,34,39,42)", "weight": 1}, {"from": "( 1, 3, 7)( 2, 5,10)( 4, 8,13)( 6,11,16)( 9,14,19)(12,17,22)(15,20,25)\n(18,23,28)(21,26,31)(24,29,34)(27,32,37)(30,35,39)(33,38,41)(36,40,42)", "to": "( 1, 5, 7, 2, 3,10)( 4,40,13,36, 8,42)( 6,38,16,33,11,41)( 9,35,19,30,14,39)\n(12,32,22,27,17,37)(15,29,25,24,20,34)(18,26,28,21,23,31)", "weight": 1}, {"from": "( 1, 3, 7)( 2, 5,10)( 4, 8,13)( 6,11,16)( 9,14,19)(12,17,22)(15,20,25)\n(18,23,28)(21,26,31)(24,29,34)(27,32,37)(30,35,39)(33,38,41)(36,40,42)", "to": "( 1, 6)( 2, 4)( 3,11)( 5, 8)( 7,16)( 9,36)(10,13)(12,33)(14,40)(15,30)(17,38)\n(18,27)(19,42)(20,35)(21,24)(22,41)(23,32)(25,39)(26,29)(28,37)(31,34)", "weight": 1}, {"from": "( 1, 3, 7)( 2, 5,10)( 4, 8,13)( 6,11,16)( 9,14,19)(12,17,22)(15,20,25)\n(18,23,28)(21,26,31)(24,29,34)(27,32,37)(30,35,39)(33,38,41)(36,40,42)", "to": "( 1, 7, 3)( 2,10, 5)( 4,13, 8)( 6,16,11)( 9,19,14)(12,22,17)(15,25,20)\n(18,28,23)(21,31,26)(24,34,29)(27,37,32)(30,39,35)(33,41,38)(36,42,40)", "weight": 1}, {"from": "( 1, 3, 7)( 2, 5,10)( 4, 8,13)( 6,11,16)( 9,14,19)(12,17,22)(15,20,25)\n(18,23,28)(21,26,31)(24,29,34)(27,32,37)(30,35,39)(33,38,41)(36,40,42)", "to": "( 1, 8,19,15,26,37,33, 3,13, 9,20,31,27,38, 7, 4,14,25,21,32,41)\n( 2,11,22,18,29,39,36, 5,16,12,23,34,30,40,10, 6,17,28,24,35,42)", "weight": 1}, {"from": "( 1, 3, 7)( 2, 5,10)( 4, 8,13)( 6,11,16)( 9,14,19)(12,17,22)(15,20,25)\n(18,23,28)(21,26,31)(24,29,34)(27,32,37)(30,35,39)(33,38,41)(36,40,42)", "to": "( 1, 9,21,33, 4,15,27)( 2,12,24,36, 6,18,30)( 3,14,26,38, 8,20,32)\n( 5,17,29,40,11,23,35)( 7,19,31,41,13,25,37)(10,22,34,42,16,28,39)", "weight": 1}, {"from": "( 1, 3, 7)( 2, 5,10)( 4, 8,13)( 6,11,16)( 9,14,19)(12,17,22)(15,20,25)\n(18,23,28)(21,26,31)(24,29,34)(27,32,37)(30,35,39)(33,38,41)(36,40,42)", "to": "( 1,10, 3, 2, 7, 5)( 4,42, 8,36,13,40)( 6,41,11,33,16,38)( 9,39,14,30,19,35)\n(12,37,17,27,22,32)(15,34,20,24,25,29)(18,31,23,21,28,26)", "weight": 1}, {"from": "( 1, 3, 7)( 2, 5,10)( 4, 8,13)( 6,11,16)( 9,14,19)(12,17,22)(15,20,25)\n(18,23,28)(21,26,31)(24,29,34)(27,32,37)(30,35,39)(33,38,41)(36,40,42)", "to": "( 1,11, 7, 6, 3,16)( 2, 8,10, 4, 5,13)( 9,40,19,36,14,42)(12,38,22,33,17,41)\n(15,35,25,30,20,39)(18,32,28,27,23,37)(21,29,31,24,26,34)", "weight": 1}, {"from": "( 1, 3, 7)( 2, 5,10)( 4, 8,13)( 6,11,16)( 9,14,19)(12,17,22)(15,20,25)\n(18,23,28)(21,26,31)(24,29,34)(27,32,37)(30,35,39)(33,38,41)(36,40,42)", "to": "( 1,12)( 2, 9)( 3,17)( 4, 6)( 5,14)( 7,22)( 8,11)(10,19)(13,16)(15,36)(18,33)\n(20,40)(21,30)(23,38)(24,27)(25,42)(26,35)(28,41)(29,32)(31,39)(34,37)", "weight": 1}, {"from": "( 1, 3, 7)( 2, 5,10)( 4, 8,13)( 6,11,16)( 9,14,19)(12,17,22)(15,20,25)\n(18,23,28)(21,26,31)(24,29,34)(27,32,37)(30,35,39)(33,38,41)(36,40,42)", "to": "( 1,13,14,15,31,32,33, 7, 8, 9,25,26,27,41, 3, 4,19,20,21,37,38)\n( 2,16,17,18,34,35,36,10,11,12,28,29,30,42, 5, 6,22,23,24,39,40)", "weight": 1}, {"from": "( 1, 3, 7)( 2, 5,10)( 4, 8,13)( 6,11,16)( 9,14,19)(12,17,22)(15,20,25)\n(18,23,28)(21,26,31)(24,29,34)(27,32,37)(30,35,39)(33,38,41)(36,40,42)", "to": "( 1,14,31,33, 8,25,27, 3,19,21,38,13,15,32, 7, 9,26,41, 4,20,37)\n( 2,17,34,36,11,28,30, 5,22,24,40,16,18,35,10,12,29,42, 6,23,39)", "weight": 1}, {"from": "( 1, 3, 7)( 2, 5,10)( 4, 8,13)( 6,11,16)( 9,14,19)(12,17,22)(15,20,25)\n(18,23,28)(21,26,31)(24,29,34)(27,32,37)(30,35,39)(33,38,41)(36,40,42)", "to": "( 1,15,33, 9,27, 4,21)( 2,18,36,12,30, 6,24)( 3,20,38,14,32, 8,26)\n( 5,23,40,17,35,11,29)( 7,25,41,19,37,13,31)(10,28,42,22,39,16,34)", "weight": 1}, {"from": "( 1, 3, 7)( 2, 5,10)( 4, 8,13)( 6,11,16)( 9,14,19)(12,17,22)(15,20,25)\n(18,23,28)(21,26,31)(24,29,34)(27,32,37)(30,35,39)(33,38,41)(36,40,42)", "to": "( 1,16, 3, 6, 7,11)( 2,13, 5, 4,10, 8)( 9,42,14,36,19,40)(12,41,17,33,22,38)\n(15,39,20,30,25,35)(18,37,23,27,28,32)(21,34,26,24,31,29)", "weight": 1}, {"from": "( 1, 3, 7)( 2, 5,10)( 4, 8,13)( 6,11,16)( 9,14,19)(12,17,22)(15,20,25)\n(18,23,28)(21,26,31)(24,29,34)(27,32,37)(30,35,39)(33,38,41)(36,40,42)", "to": "( 1,17, 7,12, 3,22)( 2,14,10, 9, 5,19)( 4,11,13, 6, 8,16)(15,40,25,36,20,42)\n(18,38,28,33,23,41)(21,35,31,30,26,39)(24,32,34,27,29,37)", "weight": 1}, {"from": "( 1, 3, 7)( 2, 5,10)( 4, 8,13)( 6,11,16)( 9,14,19)(12,17,22)(15,20,25)\n(18,23,28)(21,26,31)(24,29,34)(27,32,37)(30,35,39)(33,38,41)(36,40,42)", "to": "( 1,18)( 2,15)( 3,23)( 4,12)( 5,20)( 6, 9)( 7,28)( 8,17)(10,25)(11,14)(13,22)\n(16,19)(21,36)(24,33)(26,40)(27,30)(29,38)(31,42)(32,35)(34,41)(37,39)", "weight": 1}, {"from": "( 1, 3, 7)( 2, 5,10)( 4, 8,13)( 6,11,16)( 9,14,19)(12,17,22)(15,20,25)\n(18,23,28)(21,26,31)(24,29,34)(27,32,37)(30,35,39)(33,38,41)(36,40,42)", "to": "( 1,19,26,33,13,20,27, 7,14,21,41, 8,15,37, 3, 9,31,38, 4,25,32)\n( 2,22,29,36,16,23,30,10,17,24,42,11,18,39, 5,12,34,40, 6,28,35)", "weight": 1}, {"from": "( 1, 3, 7)( 2, 5,10)( 4, 8,13)( 6,11,16)( 9,14,19)(12,17,22)(15,20,25)\n(18,23,28)(21,26,31)(24,29,34)(27,32,37)(30,35,39)(33,38,41)(36,40,42)", "to": "( 1,20,41, 9,32,13,21, 3,25,33,14,37, 4,26, 7,15,38,19,27, 8,31)\n( 2,23,42,12,35,16,24, 5,28,36,17,39, 6,29,10,18,40,22,30,11,34)", "weight": 1}, {"from": "( 1, 3, 7)( 2, 5,10)( 4, 8,13)( 6,11,16)( 9,14,19)(12,17,22)(15,20,25)\n(18,23,28)(21,26,31)(24,29,34)(27,32,37)(30,35,39)(33,38,41)(36,40,42)", "to": "( 1,21, 4,27, 9,33,15)( 2,24, 6,30,12,36,18)( 3,26, 8,32,14,38,20)\n( 5,29,11,35,17,40,23)( 7,31,13,37,19,41,25)(10,34,16,39,22,42,28)", "weight": 1}, {"from": "( 1, 3, 7)( 2, 5,10)( 4, 8,13)( 6,11,16)( 9,14,19)(12,17,22)(15,20,25)\n(18,23,28)(21,26,31)(24,29,34)(27,32,37)(30,35,39)(33,38,41)(36,40,42)", "to": "( 1,22, 3,12, 7,17)( 2,19, 5, 9,10,14)( 4,16, 8, 6,13,11)(15,42,20,36,25,40)\n(18,41,23,33,28,38)(21,39,26,30,31,35)(24,37,29,27,34,32)", "weight": 1}, {"from": "( 1, 3, 7)( 2, 5,10)( 4, 8,13)( 6,11,16)( 9,14,19)(12,17,22)(15,20,25)\n(18,23,28)(21,26,31)(24,29,34)(27,32,37)(30,35,39)(33,38,41)(36,40,42)", "to": "( 1,23, 7,18, 3,28)( 2,20,10,15, 5,25)( 4,17,13,12, 8,22)( 6,14,16, 9,11,19)\n(21,40,31,36,26,42)(24,38,34,33,29,41)(27,35,37,30,32,39)", "weight": 1}, {"from": "( 1, 3, 7)( 2, 5,10)( 4, 8,13)( 6,11,16)( 9,14,19)(12,17,22)(15,20,25)\n(18,23,28)(21,26,31)(24,29,34)(27,32,37)(30,35,39)(33,38,41)(36,40,42)", "to": "( 1,24)( 2,21)( 3,29)( 4,18)( 5,26)( 6,15)( 7,34)( 8,23)( 9,12)(10,31)(11,20)\n(13,28)(14,17)(16,25)(19,22)(27,36)(30,33)(32,40)(35,38)(37,42)(39,41)", "weight": 1}, {"from": "( 1, 3, 7)( 2, 5,10)( 4, 8,13)( 6,11,16)( 9,14,19)(12,17,22)(15,20,25)\n(18,23,28)(21,26,31)(24,29,34)(27,32,37)(30,35,39)(33,38,41)(36,40,42)", "to": "( 1,25,38, 9,37, 8,21, 7,20,33,19,32, 4,31, 3,15,41,14,27,13,26)\n( 2,28,40,12,39,11,24,10,23,36,22,35, 6,34, 5,18,42,17,30,16,29)", "weight": 1}, {"from": "( 1, 3, 7)( 2, 5,10)( 4, 8,13)( 6,11,16)( 9,14,19)(12,17,22)(15,20,25)\n(18,23,28)(21,26,31)(24,29,34)(27,32,37)(30,35,39)(33,38,41)(36,40,42)", "to": "( 1,26,13,27,14,41,15, 3,31, 4,32,19,33,20, 7,21, 8,37, 9,38,25)\n( 2,29,16,30,17,42,18, 5,34, 6,35,22,36,23,10,24,11,39,12,40,28)", "weight": 1}, {"from": "( 1, 3, 7)( 2, 5,10)( 4, 8,13)( 6,11,16)( 9,14,19)(12,17,22)(15,20,25)\n(18,23,28)(21,26,31)(24,29,34)(27,32,37)(30,35,39)(33,38,41)(36,40,42)", "to": "( 1,27,15, 4,33,21, 9)( 2,30,18, 6,36,24,12)( 3,32,20, 8,38,26,14)\n( 5,35,23,11,40,29,17)( 7,37,25,13,41,31,19)(10,39,28,16,42,34,22)", "weight": 1}, {"from": "( 1, 3, 7)( 2, 5,10)( 4, 8,13)( 6,11,16)( 9,14,19)(12,17,22)(15,20,25)\n(18,23,28)(21,26,31)(24,29,34)(27,32,37)(30,35,39)(33,38,41)(36,40,42)", "to": "( 1,28, 3,18, 7,23)( 2,25, 5,15,10,20)( 4,22, 8,12,13,17)( 6,19,11, 9,16,14)\n(21,42,26,36,31,40)(24,41,29,33,34,38)(27,39,32,30,37,35)", "weight": 1}, {"from": "( 1, 3, 7)( 2, 5,10)( 4, 8,13)( 6,11,16)( 9,14,19)(12,17,22)(15,20,25)\n(18,23,28)(21,26,31)(24,29,34)(27,32,37)(30,35,39)(33,38,41)(36,40,42)", "to": "( 1,29, 7,24, 3,34)( 2,26,10,21, 5,31)( 4,23,13,18, 8,28)( 6,20,16,15,11,25)\n( 9,17,19,12,14,22)(27,40,37,36,32,42)(30,38,39,33,35,41)", "weight": 1}, {"from": "( 1, 3, 7)( 2, 5,10)( 4, 8,13)( 6,11,16)( 9,14,19)(12,17,22)(15,20,25)\n(18,23,28)(21,26,31)(24,29,34)(27,32,37)(30,35,39)(33,38,41)(36,40,42)", "to": "( 1,30)( 2,27)( 3,35)( 4,24)( 5,32)( 6,21)( 7,39)( 8,29)( 9,18)(10,37)(11,26)\n(12,15)(13,34)(14,23)(16,31)(17,20)(19,28)(22,25)(33,36)(38,40)(41,42)", "weight": 1}, {"from": "( 1, 3, 7)( 2, 5,10)( 4, 8,13)( 6,11,16)( 9,14,19)(12,17,22)(15,20,25)\n(18,23,28)(21,26,31)(24,29,34)(27,32,37)(30,35,39)(33,38,41)(36,40,42)", "to": "( 1,31, 8,27,19,38,15, 7,26, 4,37,14,33,25, 3,21,13,32, 9,41,20)\n( 2,34,11,30,22,40,18,10,29, 6,39,17,36,28, 5,24,16,35,12,42,23)", "weight": 1}, {"from": "( 1, 3, 7)( 2, 5,10)( 4, 8,13)( 6,11,16)( 9,14,19)(12,17,22)(15,20,25)\n(18,23,28)(21,26,31)(24,29,34)(27,32,37)(30,35,39)(33,38,41)(36,40,42)", "to": "( 1,32,25, 4,38,31, 9, 3,37,15, 8,41,21,14, 7,27,20,13,33,26,19)\n( 2,35,28, 6,40,34,12, 5,39,18,11,42,24,17,10,30,23,16,36,29,22)", "weight": 1}, {"from": "( 1, 3, 7)( 2, 5,10)( 4, 8,13)( 6,11,16)( 9,14,19)(12,17,22)(15,20,25)\n(18,23,28)(21,26,31)(24,29,34)(27,32,37)(30,35,39)(33,38,41)(36,40,42)", "to": "( 1,33,27,21,15, 9, 4)( 2,36,30,24,18,12, 6)( 3,38,32,26,20,14, 8)\n( 5,40,35,29,23,17,11)( 7,41,37,31,25,19,13)(10,42,39,34,28,22,16)", "weight": 1}, {"from": "( 1, 3, 7)( 2, 5,10)( 4, 8,13)( 6,11,16)( 9,14,19)(12,17,22)(15,20,25)\n(18,23,28)(21,26,31)(24,29,34)(27,32,37)(30,35,39)(33,38,41)(36,40,42)", "to": "( 1,34, 3,24, 7,29)( 2,31, 5,21,10,26)( 4,28, 8,18,13,23)( 6,25,11,15,16,20)\n( 9,22,14,12,19,17)(27,42,32,36,37,40)(30,41,35,33,39,38)", "weight": 1}, {"from": "( 1, 3, 7)( 2, 5,10)( 4, 8,13)( 6,11,16)( 9,14,19)(12,17,22)(15,20,25)\n(18,23,28)(21,26,31)(24,29,34)(27,32,37)(30,35,39)(33,38,41)(36,40,42)", "to": "( 1,35, 7,30, 3,39)( 2,32,10,27, 5,37)( 4,29,13,24, 8,34)( 6,26,16,21,11,31)\n( 9,23,19,18,14,28)(12,20,22,15,17,25)(33,40,41,36,38,42)", "weight": 1}, {"from": "( 1, 3, 7)( 2, 5,10)( 4, 8,13)( 6,11,16)( 9,14,19)(12,17,22)(15,20,25)\n(18,23,28)(21,26,31)(24,29,34)(27,32,37)(30,35,39)(33,38,41)(36,40,42)", "to": "( 1,36)( 2,33)( 3,40)( 4,30)( 5,38)( 6,27)( 7,42)( 8,35)( 9,24)(10,41)(11,32)\n(12,21)(13,39)(14,29)(15,18)(16,37)(17,26)(19,34)(20,23)(22,31)(25,28)", "weight": 1}, {"from": "( 1, 3, 7)( 2, 5,10)( 4, 8,13)( 6,11,16)( 9,14,19)(12,17,22)(15,20,25)\n(18,23,28)(21,26,31)(24,29,34)(27,32,37)(30,35,39)(33,38,41)(36,40,42)", "to": "( 1,37,20, 4,41,26, 9, 7,32,15,13,38,21,19, 3,27,25, 8,33,31,14)\n( 2,39,23, 6,42,29,12,10,35,18,16,40,24,22, 5,30,28,11,36,34,17)", "weight": 1}, {"from": "( 1, 3, 7)( 2, 5,10)( 4, 8,13)( 6,11,16)( 9,14,19)(12,17,22)(15,20,25)\n(18,23,28)(21,26,31)(24,29,34)(27,32,37)(30,35,39)(33,38,41)(36,40,42)", "to": "( 1,38,37,21,20,19, 4, 3,41,27,26,25, 9, 8, 7,33,32,31,15,14,13)\n( 2,40,39,24,23,22, 6, 5,42,30,29,28,12,11,10,36,35,34,18,17,16)", "weight": 1}, {"from": "( 1, 3, 7)( 2, 5,10)( 4, 8,13)( 6,11,16)( 9,14,19)(12,17,22)(15,20,25)\n(18,23,28)(21,26,31)(24,29,34)(27,32,37)(30,35,39)(33,38,41)(36,40,42)", "to": "( 1,39, 3,30, 7,35)( 2,37, 5,27,10,32)( 4,34, 8,24,13,29)( 6,31,11,21,16,26)\n( 9,28,14,18,19,23)(12,25,17,15,22,20)(33,42,38,36,41,40)", "weight": 1}, {"from": "( 1, 3, 7)( 2, 5,10)( 4, 8,13)( 6,11,16)( 9,14,19)(12,17,22)(15,20,25)\n(18,23,28)(21,26,31)(24,29,34)(27,32,37)(30,35,39)(33,38,41)(36,40,42)", "to": "( 1,40, 7,36, 3,42)( 2,38,10,33, 5,41)( 4,35,13,30, 8,39)( 6,32,16,27,11,37)\n( 9,29,19,24,14,34)(12,26,22,21,17,31)(15,23,25,18,20,28)", "weight": 1}, {"from": "( 1, 3, 7)( 2, 5,10)( 4, 8,13)( 6,11,16)( 9,14,19)(12,17,22)(15,20,25)\n(18,23,28)(21,26,31)(24,29,34)(27,32,37)(30,35,39)(33,38,41)(36,40,42)", "to": "( 1,41,32,21,25,14, 4, 7,38,27,31,20, 9,13, 3,33,37,26,15,19, 8)\n( 2,42,35,24,28,17, 6,10,40,30,34,23,12,16, 5,36,39,29,18,22,11)", "weight": 1}, {"from": "( 1, 3, 7)( 2, 5,10)( 4, 8,13)( 6,11,16)( 9,14,19)(12,17,22)(15,20,25)\n(18,23,28)(21,26,31)(24,29,34)(27,32,37)(30,35,39)(33,38,41)(36,40,42)", "to": "( 1,42, 3,36, 7,40)( 2,41, 5,33,10,38)( 4,39, 8,30,13,35)( 6,37,11,27,16,32)\n( 9,34,14,24,19,29)(12,31,17,21,22,26)(15,28,20,18,25,23)", "weight": 1}, {"from": "( 1, 4, 9,15,21,27,33)( 2, 6,12,18,24,30,36)( 3, 8,14,20,26,32,38)\n( 5,11,17,23,29,35,40)( 7,13,19,25,31,37,41)(10,16,22,28,34,39,42)", "to": "( 1, 7, 3)( 2,10, 5)( 4,13, 8)( 6,16,11)( 9,19,14)(12,22,17)(15,25,20)\n(18,28,23)(21,31,26)(24,34,29)(27,37,32)(30,39,35)(33,41,38)(36,42,40)", "weight": 1}, {"from": "( 1, 4, 9,15,21,27,33)( 2, 6,12,18,24,30,36)( 3, 8,14,20,26,32,38)\n( 5,11,17,23,29,35,40)( 7,13,19,25,31,37,41)(10,16,22,28,34,39,42)", "to": "( 1, 8,19,15,26,37,33, 3,13, 9,20,31,27,38, 7, 4,14,25,21,32,41)\n( 2,11,22,18,29,39,36, 5,16,12,23,34,30,40,10, 6,17,28,24,35,42)", "weight": 1}, {"from": "( 1, 4, 9,15,21,27,33)( 2, 6,12,18,24,30,36)( 3, 8,14,20,26,32,38)\n( 5,11,17,23,29,35,40)( 7,13,19,25,31,37,41)(10,16,22,28,34,39,42)", "to": "( 1, 9,21,33, 4,15,27)( 2,12,24,36, 6,18,30)( 3,14,26,38, 8,20,32)\n( 5,17,29,40,11,23,35)( 7,19,31,41,13,25,37)(10,22,34,42,16,28,39)", "weight": 1}, {"from": "( 1, 4, 9,15,21,27,33)( 2, 6,12,18,24,30,36)( 3, 8,14,20,26,32,38)\n( 5,11,17,23,29,35,40)( 7,13,19,25,31,37,41)(10,16,22,28,34,39,42)", "to": "( 1,13,14,15,31,32,33, 7, 8, 9,25,26,27,41, 3, 4,19,20,21,37,38)\n( 2,16,17,18,34,35,36,10,11,12,28,29,30,42, 5, 6,22,23,24,39,40)", "weight": 1}, {"from": "( 1, 4, 9,15,21,27,33)( 2, 6,12,18,24,30,36)( 3, 8,14,20,26,32,38)\n( 5,11,17,23,29,35,40)( 7,13,19,25,31,37,41)(10,16,22,28,34,39,42)", "to": "( 1,14,31,33, 8,25,27, 3,19,21,38,13,15,32, 7, 9,26,41, 4,20,37)\n( 2,17,34,36,11,28,30, 5,22,24,40,16,18,35,10,12,29,42, 6,23,39)", "weight": 1}, {"from": "( 1, 4, 9,15,21,27,33)( 2, 6,12,18,24,30,36)( 3, 8,14,20,26,32,38)\n( 5,11,17,23,29,35,40)( 7,13,19,25,31,37,41)(10,16,22,28,34,39,42)", "to": "( 1,15,33, 9,27, 4,21)( 2,18,36,12,30, 6,24)( 3,20,38,14,32, 8,26)\n( 5,23,40,17,35,11,29)( 7,25,41,19,37,13,31)(10,28,42,22,39,16,34)", "weight": 1}, {"from": "( 1, 4, 9,15,21,27,33)( 2, 6,12,18,24,30,36)( 3, 8,14,20,26,32,38)\n( 5,11,17,23,29,35,40)( 7,13,19,25,31,37,41)(10,16,22,28,34,39,42)", "to": "( 1,19,26,33,13,20,27, 7,14,21,41, 8,15,37, 3, 9,31,38, 4,25,32)\n( 2,22,29,36,16,23,30,10,17,24,42,11,18,39, 5,12,34,40, 6,28,35)", "weight": 1}, {"from": "( 1, 4, 9,15,21,27,33)( 2, 6,12,18,24,30,36)( 3, 8,14,20,26,32,38)\n( 5,11,17,23,29,35,40)( 7,13,19,25,31,37,41)(10,16,22,28,34,39,42)", "to": "( 1,20,41, 9,32,13,21, 3,25,33,14,37, 4,26, 7,15,38,19,27, 8,31)\n( 2,23,42,12,35,16,24, 5,28,36,17,39, 6,29,10,18,40,22,30,11,34)", "weight": 1}, {"from": "( 1, 4, 9,15,21,27,33)( 2, 6,12,18,24,30,36)( 3, 8,14,20,26,32,38)\n( 5,11,17,23,29,35,40)( 7,13,19,25,31,37,41)(10,16,22,28,34,39,42)", "to": "( 1,21, 4,27, 9,33,15)( 2,24, 6,30,12,36,18)( 3,26, 8,32,14,38,20)\n( 5,29,11,35,17,40,23)( 7,31,13,37,19,41,25)(10,34,16,39,22,42,28)", "weight": 1}, {"from": "( 1, 4, 9,15,21,27,33)( 2, 6,12,18,24,30,36)( 3, 8,14,20,26,32,38)\n( 5,11,17,23,29,35,40)( 7,13,19,25,31,37,41)(10,16,22,28,34,39,42)", "to": "( 1,25,38, 9,37, 8,21, 7,20,33,19,32, 4,31, 3,15,41,14,27,13,26)\n( 2,28,40,12,39,11,24,10,23,36,22,35, 6,34, 5,18,42,17,30,16,29)", "weight": 1}, {"from": "( 1, 4, 9,15,21,27,33)( 2, 6,12,18,24,30,36)( 3, 8,14,20,26,32,38)\n( 5,11,17,23,29,35,40)( 7,13,19,25,31,37,41)(10,16,22,28,34,39,42)", "to": "( 1,26,13,27,14,41,15, 3,31, 4,32,19,33,20, 7,21, 8,37, 9,38,25)\n( 2,29,16,30,17,42,18, 5,34, 6,35,22,36,23,10,24,11,39,12,40,28)", "weight": 1}, {"from": "( 1, 4, 9,15,21,27,33)( 2, 6,12,18,24,30,36)( 3, 8,14,20,26,32,38)\n( 5,11,17,23,29,35,40)( 7,13,19,25,31,37,41)(10,16,22,28,34,39,42)", "to": "( 1,27,15, 4,33,21, 9)( 2,30,18, 6,36,24,12)( 3,32,20, 8,38,26,14)\n( 5,35,23,11,40,29,17)( 7,37,25,13,41,31,19)(10,39,28,16,42,34,22)", "weight": 1}, {"from": "( 1, 4, 9,15,21,27,33)( 2, 6,12,18,24,30,36)( 3, 8,14,20,26,32,38)\n( 5,11,17,23,29,35,40)( 7,13,19,25,31,37,41)(10,16,22,28,34,39,42)", "to": "( 1,31, 8,27,19,38,15, 7,26, 4,37,14,33,25, 3,21,13,32, 9,41,20)\n( 2,34,11,30,22,40,18,10,29, 6,39,17,36,28, 5,24,16,35,12,42,23)", "weight": 1}, {"from": "( 1, 4, 9,15,21,27,33)( 2, 6,12,18,24,30,36)( 3, 8,14,20,26,32,38)\n( 5,11,17,23,29,35,40)( 7,13,19,25,31,37,41)(10,16,22,28,34,39,42)", "to": "( 1,32,25, 4,38,31, 9, 3,37,15, 8,41,21,14, 7,27,20,13,33,26,19)\n( 2,35,28, 6,40,34,12, 5,39,18,11,42,24,17,10,30,23,16,36,29,22)", "weight": 1}, {"from": "( 1, 4, 9,15,21,27,33)( 2, 6,12,18,24,30,36)( 3, 8,14,20,26,32,38)\n( 5,11,17,23,29,35,40)( 7,13,19,25,31,37,41)(10,16,22,28,34,39,42)", "to": "( 1,33,27,21,15, 9, 4)( 2,36,30,24,18,12, 6)( 3,38,32,26