<html>
<head>
<link rel="stylesheet" href="https://cdnjs.cloudflare.com/ajax/libs/vis/4.16.1/vis.css" type="text/css" />
<script type="text/javascript" src="https://cdnjs.cloudflare.com/ajax/libs/vis/4.16.1/vis-network.min.js"> </script>
<center>
<h1></h1>
</center>

<!-- <link rel="stylesheet" href="../node_modules/vis/dist/vis.min.css" type="text/css" />
<script type="text/javascript" src="../node_modules/vis/dist/vis.js"> </script>-->

<style type="text/css">

        #mynetwork {
            width: 80%;
            height: 1000px;
            background-color: #ffffff;
            border: 1px solid lightgray;
            position: relative;
            float: left;
        }

        

        
        #config {
            float: left;
            width: 400px;
            height: 600px;
        }
        

        
</style>

</head>

<body>
<div id = "mynetwork"></div>


<div id = "config"></div>

<script type="text/javascript">

    // initialize global variables.
    var edges;
    var nodes;
    var network; 
    var container;
    var options, data;

    
    // This method is responsible for drawing the graph, returns the drawn network
    function drawGraph() {
        var container = document.getElementById('mynetwork');
        
        

        // parsing and collecting nodes and edges from the python
        nodes = new vis.DataSet([{"id": "()", "label": "()", "shape": "dot", "size": 10}, {"id": "( 1, 2)( 3, 5)( 4,42)( 6,40)( 7,44)( 8,38)( 9,43)(10,36)(11,41)(12,34)(13,39)\n(14,32)(15,37)(16,30)(17,35)(18,28)(19,33)(20,26)(21,31)(22,24)(23,29)(25,27)", "label": "( 1, 2)( 3, 5)( 4,42)( 6,40)( 7,44)( 8,38)( 9,43)(10,36)(11,41)(12,34)(13,39)\n(14,32)(15,37)(16,30)(17,35)(18,28)(19,33)(20,26)(21,31)(22,24)(23,29)(25,27)", "shape": "dot", "size": 10}, {"id": "( 1, 3)( 2, 5)( 4, 7)( 6, 9)( 8,11)(10,13)(12,15)(14,17)(16,19)(18,21)(20,23)\n(22,25)(24,27)(26,29)(28,31)(30,33)(32,35)(34,37)(36,39)(38,41)(40,43)(42,44)", "label": "( 1, 3)( 2, 5)( 4, 7)( 6, 9)( 8,11)(10,13)(12,15)(14,17)(16,19)(18,21)(20,23)\n(22,25)(24,27)(26,29)(28,31)(30,33)(32,35)(34,37)(36,39)(38,41)(40,43)(42,44)", "shape": "dot", "size": 10}, {"id": "( 1, 4, 8,12,16,20,24,28,32,36,40)( 2, 6,10,14,18,22,26,30,34,38,42)\n( 3, 7,11,15,19,23,27,31,35,39,43)( 5, 9,13,17,21,25,29,33,37,41,44)", "label": "( 1, 4, 8,12,16,20,24,28,32,36,40)( 2, 6,10,14,18,22,26,30,34,38,42)\n( 3, 7,11,15,19,23,27,31,35,39,43)( 5, 9,13,17,21,25,29,33,37,41,44)", "shape": "dot", "size": 10}, {"id": "( 1, 5)( 2, 3)( 4,44)( 6,43)( 7,42)( 8,41)( 9,40)(10,39)(11,38)(12,37)(13,36)\n(14,35)(15,34)(16,33)(17,32)(18,31)(19,30)(20,29)(21,28)(22,27)(23,26)(24,25)", "label": "( 1, 5)( 2, 3)( 4,44)( 6,43)( 7,42)( 8,41)( 9,40)(10,39)(11,38)(12,37)(13,36)\n(14,35)(15,34)(16,33)(17,32)(18,31)(19,30)(20,29)(21,28)(22,27)(23,26)(24,25)", "shape": "dot", "size": 10}, {"id": "( 1, 6)( 2, 4)( 3, 9)( 5, 7)( 8,42)(10,40)(11,44)(12,38)(13,43)(14,36)(15,41)\n(16,34)(17,39)(18,32)(19,37)(20,30)(21,35)(22,28)(23,33)(24,26)(25,31)(27,29)", "label": "( 1, 6)( 2, 4)( 3, 9)( 5, 7)( 8,42)(10,40)(11,44)(12,38)(13,43)(14,36)(15,41)\n(16,34)(17,39)(18,32)(19,37)(20,30)(21,35)(22,28)(23,33)(24,26)(25,31)(27,29)", "shape": "dot", "size": 10}, {"id": "( 1, 7, 8,15,16,23,24,31,32,39,40, 3, 4,11,12,19,20,27,28,35,36,43)\n( 2, 9,10,17,18,25,26,33,34,41,42, 5, 6,13,14,21,22,29,30,37,38,44)", "label": "( 1, 7, 8,15,16,23,24,31,32,39,40, 3, 4,11,12,19,20,27,28,35,36,43)\n( 2, 9,10,17,18,25,26,33,34,41,42, 5, 6,13,14,21,22,29,30,37,38,44)", "shape": "dot", "size": 10}, {"id": "( 1, 8,16,24,32,40, 4,12,20,28,36)( 2,10,18,26,34,42, 6,14,22,30,38)\n( 3,11,19,27,35,43, 7,15,23,31,39)( 5,13,21,29,37,44, 9,17,25,33,41)", "label": "( 1, 8,16,24,32,40, 4,12,20,28,36)( 2,10,18,26,34,42, 6,14,22,30,38)\n( 3,11,19,27,35,43, 7,15,23,31,39)( 5,13,21,29,37,44, 9,17,25,33,41)", "shape": "dot", "size": 10}, {"id": "( 1, 9)( 2, 7)( 3, 6)( 4, 5)( 8,44)(10,43)(11,42)(12,41)(13,40)(14,39)(15,38)\n(16,37)(17,36)(18,35)(19,34)(20,33)(21,32)(22,31)(23,30)(24,29)(25,28)(26,27)", "label": "( 1, 9)( 2, 7)( 3, 6)( 4, 5)( 8,44)(10,43)(11,42)(12,41)(13,40)(14,39)(15,38)\n(16,37)(17,36)(18,35)(19,34)(20,33)(21,32)(22,31)(23,30)(24,29)(25,28)(26,27)", "shape": "dot", "size": 10}, {"id": "( 1,10)( 2, 8)( 3,13)( 4, 6)( 5,11)( 7, 9)(12,42)(14,40)(15,44)(16,38)(17,43)\n(18,36)(19,41)(20,34)(21,39)(22,32)(23,37)(24,30)(25,35)(26,28)(27,33)(29,31)", "label": "( 1,10)( 2, 8)( 3,13)( 4, 6)( 5,11)( 7, 9)(12,42)(14,40)(15,44)(16,38)(17,43)\n(18,36)(19,41)(20,34)(21,39)(22,32)(23,37)(24,30)(25,35)(26,28)(27,33)(29,31)", "shape": "dot", "size": 10}, {"id": "( 1,11,16,27,32,43, 4,15,20,31,36, 3, 8,19,24,35,40, 7,12,23,28,39)\n( 2,13,18,29,34,44, 6,17,22,33,38, 5,10,21,26,37,42, 9,14,25,30,41)", "label": "( 1,11,16,27,32,43, 4,15,20,31,36, 3, 8,19,24,35,40, 7,12,23,28,39)\n( 2,13,18,29,34,44, 6,17,22,33,38, 5,10,21,26,37,42, 9,14,25,30,41)", "shape": "dot", "size": 10}, {"id": "( 1,12,24,36, 4,16,28,40, 8,20,32)( 2,14,26,38, 6,18,30,42,10,22,34)\n( 3,15,27,39, 7,19,31,43,11,23,35)( 5,17,29,41, 9,21,33,44,13,25,37)", "label": "( 1,12,24,36, 4,16,28,40, 8,20,32)( 2,14,26,38, 6,18,30,42,10,22,34)\n( 3,15,27,39, 7,19,31,43,11,23,35)( 5,17,29,41, 9,21,33,44,13,25,37)", "shape": "dot", "size": 10}, {"id": "( 1,13)( 2,11)( 3,10)( 4, 9)( 5, 8)( 6, 7)(12,44)(14,43)(15,42)(16,41)(17,40)\n(18,39)(19,38)(20,37)(21,36)(22,35)(23,34)(24,33)(25,32)(26,31)(27,30)(28,29)", "label": "( 1,13)( 2,11)( 3,10)( 4, 9)( 5, 8)( 6, 7)(12,44)(14,43)(15,42)(16,41)(17,40)\n(18,39)(19,38)(20,37)(21,36)(22,35)(23,34)(24,33)(25,32)(26,31)(27,30)(28,29)", "shape": "dot", "size": 10}, {"id": "( 1,14)( 2,12)( 3,17)( 4,10)( 5,15)( 6, 8)( 7,13)( 9,11)(16,42)(18,40)(19,44)\n(20,38)(21,43)(22,36)(23,41)(24,34)(25,39)(26,32)(27,37)(28,30)(29,35)(31,33)", "label": "( 1,14)( 2,12)( 3,17)( 4,10)( 5,15)( 6, 8)( 7,13)( 9,11)(16,42)(18,40)(19,44)\n(20,38)(21,43)(22,36)(23,41)(24,34)(25,39)(26,32)(27,37)(28,30)(29,35)(31,33)", "shape": "dot", "size": 10}, {"id": "( 1,15,24,39, 4,19,28,43, 8,23,32, 3,12,27,36, 7,16,31,40,11,20,35)\n( 2,17,26,41, 6,21,30,44,10,25,34, 5,14,29,38, 9,18,33,42,13,22,37)", "label": "( 1,15,24,39, 4,19,28,43, 8,23,32, 3,12,27,36, 7,16,31,40,11,20,35)\n( 2,17,26,41, 6,21,30,44,10,25,34, 5,14,29,38, 9,18,33,42,13,22,37)", "shape": "dot", "size": 10}, {"id": "( 1,16,32, 4,20,36, 8,24,40,12,28)( 2,18,34, 6,22,38,10,26,42,14,30)\n( 3,19,35, 7,23,39,11,27,43,15,31)( 5,21,37, 9,25,41,13,29,44,17,33)", "label": "( 1,16,32, 4,20,36, 8,24,40,12,28)( 2,18,34, 6,22,38,10,26,42,14,30)\n( 3,19,35, 7,23,39,11,27,43,15,31)( 5,21,37, 9,25,41,13,29,44,17,33)", "shape": "dot", "size": 10}, {"id": "( 1,17)( 2,15)( 3,14)( 4,13)( 5,12)( 6,11)( 7,10)( 8, 9)(16,44)(18,43)(19,42)\n(20,41)(21,40)(22,39)(23,38)(24,37)(25,36)(26,35)(27,34)(28,33)(29,32)(30,31)", "label": "( 1,17)( 2,15)( 3,14)( 4,13)( 5,12)( 6,11)( 7,10)( 8, 9)(16,44)(18,43)(19,42)\n(20,41)(21,40)(22,39)(23,38)(24,37)(25,36)(26,35)(27,34)(28,33)(29,32)(30,31)", "shape": "dot", "size": 10}, {"id": "( 1,18)( 2,16)( 3,21)( 4,14)( 5,19)( 6,12)( 7,17)( 8,10)( 9,15)(11,13)(20,42)\n(22,40)(23,44)(24,38)(25,43)(26,36)(27,41)(28,34)(29,39)(30,32)(31,37)(33,35)", "label": "( 1,18)( 2,16)( 3,21)( 4,14)( 5,19)( 6,12)( 7,17)( 8,10)( 9,15)(11,13)(20,42)\n(22,40)(23,44)(24,38)(25,43)(26,36)(27,41)(28,34)(29,39)(30,32)(31,37)(33,35)", "shape": "dot", "size": 10}, {"id": "( 1,19,32, 7,20,39, 8,27,40,15,28, 3,16,35, 4,23,36,11,24,43,12,31)\n( 2,21,34, 9,22,41,10,29,42,17,30, 5,18,37, 6,25,38,13,26,44,14,33)", "label": "( 1,19,32, 7,20,39, 8,27,40,15,28, 3,16,35, 4,23,36,11,24,43,12,31)\n( 2,21,34, 9,22,41,10,29,42,17,30, 5,18,37, 6,25,38,13,26,44,14,33)", "shape": "dot", "size": 10}, {"id": "( 1,20,40,16,36,12,32, 8,28, 4,24)( 2,22,42,18,38,14,34,10,30, 6,26)\n( 3,23,43,19,39,15,35,11,31, 7,27)( 5,25,44,21,41,17,37,13,33, 9,29)", "label": "( 1,20,40,16,36,12,32, 8,28, 4,24)( 2,22,42,18,38,14,34,10,30, 6,26)\n( 3,23,43,19,39,15,35,11,31, 7,27)( 5,25,44,21,41,17,37,13,33, 9,29)", "shape": "dot", "size": 10}, {"id": "( 1,21)( 2,19)( 3,18)( 4,17)( 5,16)( 6,15)( 7,14)( 8,13)( 9,12)(10,11)(20,44)\n(22,43)(23,42)(24,41)(25,40)(26,39)(27,38)(28,37)(29,36)(30,35)(31,34)(32,33)", "label": "( 1,21)( 2,19)( 3,18)( 4,17)( 5,16)( 6,15)( 7,14)( 8,13)( 9,12)(10,11)(20,44)\n(22,43)(23,42)(24,41)(25,40)(26,39)(27,38)(28,37)(29,36)(30,35)(31,34)(32,33)", "shape": "dot", "size": 10}, {"id": "( 1,22)( 2,20)( 3,25)( 4,18)( 5,23)( 6,16)( 7,21)( 8,14)( 9,19)(10,12)(11,17)\n(13,15)(24,42)(26,40)(27,44)(28,38)(29,43)(30,36)(31,41)(32,34)(33,39)(35,37)", "label": "( 1,22)( 2,20)( 3,25)( 4,18)( 5,23)( 6,16)( 7,21)( 8,14)( 9,19)(10,12)(11,17)\n(13,15)(24,42)(26,40)(27,44)(28,38)(29,43)(30,36)(31,41)(32,34)(33,39)(35,37)", "shape": "dot", "size": 10}, {"id": "( 1,23,40,19,36,15,32,11,28, 7,24, 3,20,43,16,39,12,35, 8,31, 4,27)\n( 2,25,42,21,38,17,34,13,30, 9,26, 5,22,44,18,41,14,37,10,33, 6,29)", "label": "( 1,23,40,19,36,15,32,11,28, 7,24, 3,20,43,16,39,12,35, 8,31, 4,27)\n( 2,25,42,21,38,17,34,13,30, 9,26, 5,22,44,18,41,14,37,10,33, 6,29)", "shape": "dot", "size": 10}, {"id": "( 1,24, 4,28, 8,32,12,36,16,40,20)( 2,26, 6,30,10,34,14,38,18,42,22)\n( 3,27, 7,31,11,35,15,39,19,43,23)( 5,29, 9,33,13,37,17,41,21,44,25)", "label": "( 1,24, 4,28, 8,32,12,36,16,40,20)( 2,26, 6,30,10,34,14,38,18,42,22)\n( 3,27, 7,31,11,35,15,39,19,43,23)( 5,29, 9,33,13,37,17,41,21,44,25)", "shape": "dot", "size": 10}, {"id": "( 1,25)( 2,23)( 3,22)( 4,21)( 5,20)( 6,19)( 7,18)( 8,17)( 9,16)(10,15)(11,14)\n(12,13)(24,44)(26,43)(27,42)(28,41)(29,40)(30,39)(31,38)(32,37)(33,36)(34,35)", "label": "( 1,25)( 2,23)( 3,22)( 4,21)( 5,20)( 6,19)( 7,18)( 8,17)( 9,16)(10,15)(11,14)\n(12,13)(24,44)(26,43)(27,42)(28,41)(29,40)(30,39)(31,38)(32,37)(33,36)(34,35)", "shape": "dot", "size": 10}, {"id": "( 1,26)( 2,24)( 3,29)( 4,22)( 5,27)( 6,20)( 7,25)( 8,18)( 9,23)(10,16)(11,21)\n(12,14)(13,19)(15,17)(28,42)(30,40)(31,44)(32,38)(33,43)(34,36)(35,41)(37,39)", "label": "( 1,26)( 2,24)( 3,29)( 4,22)( 5,27)( 6,20)( 7,25)( 8,18)( 9,23)(10,16)(11,21)\n(12,14)(13,19)(15,17)(28,42)(30,40)(31,44)(32,38)(33,43)(34,36)(35,41)(37,39)", "shape": "dot", "size": 10}, {"id": "( 1,27, 4,31, 8,35,12,39,16,43,20, 3,24, 7,28,11,32,15,36,19,40,23)\n( 2,29, 6,33,10,37,14,41,18,44,22, 5,26, 9,30,13,34,17,38,21,42,25)", "label": "( 1,27, 4,31, 8,35,12,39,16,43,20, 3,24, 7,28,11,32,15,36,19,40,23)\n( 2,29, 6,33,10,37,14,41,18,44,22, 5,26, 9,30,13,34,17,38,21,42,25)", "shape": "dot", "size": 10}, {"id": "( 1,28,12,40,24, 8,36,20, 4,32,16)( 2,30,14,42,26,10,38,22, 6,34,18)\n( 3,31,15,43,27,11,39,23, 7,35,19)( 5,33,17,44,29,13,41,25, 9,37,21)", "label": "( 1,28,12,40,24, 8,36,20, 4,32,16)( 2,30,14,42,26,10,38,22, 6,34,18)\n( 3,31,15,43,27,11,39,23, 7,35,19)( 5,33,17,44,29,13,41,25, 9,37,21)", "shape": "dot", "size": 10}, {"id": "( 1,29)( 2,27)( 3,26)( 4,25)( 5,24)( 6,23)( 7,22)( 8,21)( 9,20)(10,19)(11,18)\n(12,17)(13,16)(14,15)(28,44)(30,43)(31,42)(32,41)(33,40)(34,39)(35,38)(36,37)", "label": "( 1,29)( 2,27)( 3,26)( 4,25)( 5,24)( 6,23)( 7,22)( 8,21)( 9,20)(10,19)(11,18)\n(12,17)(13,16)(14,15)(28,44)(30,43)(31,42)(32,41)(33,40)(34,39)(35,38)(36,37)", "shape": "dot", "size": 10}, {"id": "( 1,30)( 2,28)( 3,33)( 4,26)( 5,31)( 6,24)( 7,29)( 8,22)( 9,27)(10,20)(11,25)\n(12,18)(13,23)(14,16)(15,21)(17,19)(32,42)(34,40)(35,44)(36,38)(37,43)(39,41)", "label": "( 1,30)( 2,28)( 3,33)( 4,26)( 5,31)( 6,24)( 7,29)( 8,22)( 9,27)(10,20)(11,25)\n(12,18)(13,23)(14,16)(15,21)(17,19)(32,42)(34,40)(35,44)(36,38)(37,43)(39,41)", "shape": "dot", "size": 10}, {"id": "( 1,31,12,43,24,11,36,23, 4,35,16, 3,28,15,40,27, 8,39,20, 7,32,19)\n( 2,33,14,44,26,13,38,25, 6,37,18, 5,30,17,42,29,10,41,22, 9,34,21)", "label": "( 1,31,12,43,24,11,36,23, 4,35,16, 3,28,15,40,27, 8,39,20, 7,32,19)\n( 2,33,14,44,26,13,38,25, 6,37,18, 5,30,17,42,29,10,41,22, 9,34,21)", "shape": "dot", "size": 10}, {"id": "( 1,32,20, 8,40,28,16, 4,36,24,12)( 2,34,22,10,42,30,18, 6,38,26,14)\n( 3,35,23,11,43,31,19, 7,39,27,15)( 5,37,25,13,44,33,21, 9,41,29,17)", "label": "( 1,32,20, 8,40,28,16, 4,36,24,12)( 2,34,22,10,42,30,18, 6,38,26,14)\n( 3,35,23,11,43,31,19, 7,39,27,15)( 5,37,25,13,44,33,21, 9,41,29,17)", "shape": "dot", "size": 10}, {"id": "( 1,33)( 2,31)( 3,30)( 4,29)( 5,28)( 6,27)( 7,26)( 8,25)( 9,24)(10,23)(11,22)\n(12,21)(13,20)(14,19)(15,18)(16,17)(32,44)(34,43)(35,42)(36,41)(37,40)(38,39)", "label": "( 1,33)( 2,31)( 3,30)( 4,29)( 5,28)( 6,27)( 7,26)( 8,25)( 9,24)(10,23)(11,22)\n(12,21)(13,20)(14,19)(15,18)(16,17)(32,44)(34,43)(35,42)(36,41)(37,40)(38,39)", "shape": "dot", "size": 10}, {"id": "( 1,34)( 2,32)( 3,37)( 4,30)( 5,35)( 6,28)( 7,33)( 8,26)( 9,31)(10,24)(11,29)\n(12,22)(13,27)(14,20)(15,25)(16,18)(17,23)(19,21)(36,42)(38,40)(39,44)(41,43)", "label": "( 1,34)( 2,32)( 3,37)( 4,30)( 5,35)( 6,28)( 7,33)( 8,26)( 9,31)(10,24)(11,29)\n(12,22)(13,27)(14,20)(15,25)(16,18)(17,23)(19,21)(36,42)(38,40)(39,44)(41,43)", "shape": "dot", "size": 10}, {"id": "( 1,35,20,11,40,31,16, 7,36,27,12, 3,32,23, 8,43,28,19, 4,39,24,15)\n( 2,37,22,13,42,33,18, 9,38,29,14, 5,34,25,10,44,30,21, 6,41,26,17)", "label": "( 1,35,20,11,40,31,16, 7,36,27,12, 3,32,23, 8,43,28,19, 4,39,24,15)\n( 2,37,22,13,42,33,18, 9,38,29,14, 5,34,25,10,44,30,21, 6,41,26,17)", "shape": "dot", "size": 10}, {"id": "( 1,36,28,20,12, 4,40,32,24,16, 8)( 2,38,30,22,14, 6,42,34,26,18,10)\n( 3,39,31,23,15, 7,43,35,27,19,11)( 5,41,33,25,17, 9,44,37,29,21,13)", "label": "( 1,36,28,20,12, 4,40,32,24,16, 8)( 2,38,30,22,14, 6,42,34,26,18,10)\n( 3,39,31,23,15, 7,43,35,27,19,11)( 5,41,33,25,17, 9,44,37,29,21,13)", "shape": "dot", "size": 10}, {"id": "( 1,37)( 2,35)( 3,34)( 4,33)( 5,32)( 6,31)( 7,30)( 8,29)( 9,28)(10,27)(11,26)\n(12,25)(13,24)(14,23)(15,22)(16,21)(17,20)(18,19)(36,44)(38,43)(39,42)(40,41)", "label": "( 1,37)( 2,35)( 3,34)( 4,33)( 5,32)( 6,31)( 7,30)( 8,29)( 9,28)(10,27)(11,26)\n(12,25)(13,24)(14,23)(15,22)(16,21)(17,20)(18,19)(36,44)(38,43)(39,42)(40,41)", "shape": "dot", "size": 10}, {"id": "( 1,38)( 2,36)( 3,41)( 4,34)( 5,39)( 6,32)( 7,37)( 8,30)( 9,35)(10,28)(11,33)\n(12,26)(13,31)(14,24)(15,29)(16,22)(17,27)(18,20)(19,25)(21,23)(40,42)(43,44)", "label": "( 1,38)( 2,36)( 3,41)( 4,34)( 5,39)( 6,32)( 7,37)( 8,30)( 9,35)(10,28)(11,33)\n(12,26)(13,31)(14,24)(15,29)(16,22)(17,27)(18,20)(19,25)(21,23)(40,42)(43,44)", "shape": "dot", "size": 10}, {"id": "( 1,39,28,23,12, 7,40,35,24,19, 8, 3,36,31,20,15, 4,43,32,27,16,11)\n( 2,41,30,25,14, 9,42,37,26,21,10, 5,38,33,22,17, 6,44,34,29,18,13)", "label": "( 1,39,28,23,12, 7,40,35,24,19, 8, 3,36,31,20,15, 4,43,32,27,16,11)\n( 2,41,30,25,14, 9,42,37,26,21,10, 5,38,33,22,17, 6,44,34,29,18,13)", "shape": "dot", "size": 10}, {"id": "( 1,40,36,32,28,24,20,16,12, 8, 4)( 2,42,38,34,30,26,22,18,14,10, 6)\n( 3,43,39,35,31,27,23,19,15,11, 7)( 5,44,41,37,33,29,25,21,17,13, 9)", "label": "( 1,40,36,32,28,24,20,16,12, 8, 4)( 2,42,38,34,30,26,22,18,14,10, 6)\n( 3,43,39,35,31,27,23,19,15,11, 7)( 5,44,41,37,33,29,25,21,17,13, 9)", "shape": "dot", "size": 10}, {"id": "( 1,41)( 2,39)( 3,38)( 4,37)( 5,36)( 6,35)( 7,34)( 8,33)( 9,32)(10,31)(11,30)\n(12,29)(13,28)(14,27)(15,26)(16,25)(17,24)(18,23)(19,22)(20,21)(40,44)(42,43)", "label": "( 1,41)( 2,39)( 3,38)( 4,37)( 5,36)( 6,35)( 7,34)( 8,33)( 9,32)(10,31)(11,30)\n(12,29)(13,28)(14,27)(15,26)(16,25)(17,24)(18,23)(19,22)(20,21)(40,44)(42,43)", "shape": "dot", "size": 10}, {"id": "( 1,42)( 2,40)( 3,44)( 4,38)( 5,43)( 6,36)( 7,41)( 8,34)( 9,39)(10,32)(11,37)\n(12,30)(13,35)(14,28)(15,33)(16,26)(17,31)(18,24)(19,29)(20,22)(21,27)(23,25)", "label": "( 1,42)( 2,40)( 3,44)( 4,38)( 5,43)( 6,36)( 7,41)( 8,34)( 9,39)(10,32)(11,37)\n(12,30)(13,35)(14,28)(15,33)(16,26)(17,31)(18,24)(19,29)(20,22)(21,27)(23,25)", "shape": "dot", "size": 10}, {"id": "( 1,43,36,35,28,27,20,19,12,11, 4, 3,40,39,32,31,24,23,16,15, 8, 7)\n( 2,44,38,37,30,29,22,21,14,13, 6, 5,42,41,34,33,26,25,18,17,10, 9)", "label": "( 1,43,36,35,28,27,20,19,12,11, 4, 3,40,39,32,31,24,23,16,15, 8, 7)\n( 2,44,38,37,30,29,22,21,14,13, 6, 5,42,41,34,33,26,25,18,17,10, 9)", "shape": "dot", "size": 10}, {"id": "( 1,44)( 2,43)( 3,42)( 4,41)( 5,40)( 6,39)( 7,38)( 8,37)( 9,36)(10,35)(11,34)\n(12,33)(13,32)(14,31)(15,30)(16,29)(17,28)(18,27)(19,26)(20,25)(21,24)(22,23)", "label": "( 1,44)( 2,43)( 3,42)( 4,41)( 5,40)( 6,39)( 7,38)( 8,37)( 9,36)(10,35)(11,34)\n(12,33)(13,32)(14,31)(15,30)(16,29)(17,28)(18,27)(19,26)(20,25)(21,24)(22,23)", "shape": "dot", "size": 10}]);
        edges = new vis.DataSet([{"from": "()", "to": "( 1, 2)( 3, 5)( 4,42)( 6,40)( 7,44)( 8,38)( 9,43)(10,36)(11,41)(12,34)(13,39)\n(14,32)(15,37)(16,30)(17,35)(18,28)(19,33)(20,26)(21,31)(22,24)(23,29)(25,27)", "weight": 1}, {"from": "()", "to": "( 1, 3)( 2, 5)( 4, 7)( 6, 9)( 8,11)(10,13)(12,15)(14,17)(16,19)(18,21)(20,23)\n(22,25)(24,27)(26,29)(28,31)(30,33)(32,35)(34,37)(36,39)(38,41)(40,43)(42,44)", "weight": 1}, {"from": "()", "to": "( 1, 4, 8,12,16,20,24,28,32,36,40)( 2, 6,10,14,18,22,26,30,34,38,42)\n( 3, 7,11,15,19,23,27,31,35,39,43)( 5, 9,13,17,21,25,29,33,37,41,44)", "weight": 1}, {"from": "()", "to": "( 1, 5)( 2, 3)( 4,44)( 6,43)( 7,42)( 8,41)( 9,40)(10,39)(11,38)(12,37)(13,36)\n(14,35)(15,34)(16,33)(17,32)(18,31)(19,30)(20,29)(21,28)(22,27)(23,26)(24,25)", "weight": 1}, {"from": "()", "to": "( 1, 6)( 2, 4)( 3, 9)( 5, 7)( 8,42)(10,40)(11,44)(12,38)(13,43)(14,36)(15,41)\n(16,34)(17,39)(18,32)(19,37)(20,30)(21,35)(22,28)(23,33)(24,26)(25,31)(27,29)", "weight": 1}, {"from": "()", "to": "( 1, 7, 8,15,16,23,24,31,32,39,40, 3, 4,11,12,19,20,27,28,35,36,43)\n( 2, 9,10,17,18,25,26,33,34,41,42, 5, 6,13,14,21,22,29,30,37,38,44)", "weight": 1}, {"from": "()", "to": "( 1, 8,16,24,32,40, 4,12,20,28,36)( 2,10,18,26,34,42, 6,14,22,30,38)\n( 3,11,19,27,35,43, 7,15,23,31,39)( 5,13,21,29,37,44, 9,17,25,33,41)", "weight": 1}, {"from": "()", "to": "( 1, 9)( 2, 7)( 3, 6)( 4, 5)( 8,44)(10,43)(11,42)(12,41)(13,40)(14,39)(15,38)\n(16,37)(17,36)(18,35)(19,34)(20,33)(21,32)(22,31)(23,30)(24,29)(25,28)(26,27)", "weight": 1}, {"from": "()", "to": "( 1,10)( 2, 8)( 3,13)( 4, 6)( 5,11)( 7, 9)(12,42)(14,40)(15,44)(16,38)(17,43)\n(18,36)(19,41)(20,34)(21,39)(22,32)(23,37)(24,30)(25,35)(26,28)(27,33)(29,31)", "weight": 1}, {"from": "()", "to": "( 1,11,16,27,32,43, 4,15,20,31,36, 3, 8,19,24,35,40, 7,12,23,28,39)\n( 2,13,18,29,34,44, 6,17,22,33,38, 5,10,21,26,37,42, 9,14,25,30,41)", "weight": 1}, {"from": "()", "to": "( 1,12,24,36, 4,16,28,40, 8,20,32)( 2,14,26,38, 6,18,30,42,10,22,34)\n( 3,15,27,39, 7,19,31,43,11,23,35)( 5,17,29,41, 9,21,33,44,13,25,37)", "weight": 1}, {"from": "()", "to": "( 1,13)( 2,11)( 3,10)( 4, 9)( 5, 8)( 6, 7)(12,44)(14,43)(15,42)(16,41)(17,40)\n(18,39)(19,38)(20,37)(21,36)(22,35)(23,34)(24,33)(25,32)(26,31)(27,30)(28,29)", "weight": 1}, {"from": "()", "to": "( 1,14)( 2,12)( 3,17)( 4,10)( 5,15)( 6, 8)( 7,13)( 9,11)(16,42)(18,40)(19,44)\n(20,38)(21,43)(22,36)(23,41)(24,34)(25,39)(26,32)(27,37)(28,30)(29,35)(31,33)", "weight": 1}, {"from": "()", "to": "( 1,15,24,39, 4,19,28,43, 8,23,32, 3,12,27,36, 7,16,31,40,11,20,35)\n( 2,17,26,41, 6,21,30,44,10,25,34, 5,14,29,38, 9,18,33,42,13,22,37)", "weight": 1}, {"from": "()", "to": "( 1,16,32, 4,20,36, 8,24,40,12,28)( 2,18,34, 6,22,38,10,26,42,14,30)\n( 3,19,35, 7,23,39,11,27,43,15,31)( 5,21,37, 9,25,41,13,29,44,17,33)", "weight": 1}, {"from": "()", "to": "( 1,17)( 2,15)( 3,14)( 4,13)( 5,12)( 6,11)( 7,10)( 8, 9)(16,44)(18,43)(19,42)\n(20,41)(21,40)(22,39)(23,38)(24,37)(25,36)(26,35)(27,34)(28,33)(29,32)(30,31)", "weight": 1}, {"from": "()", "to": "( 1,18)( 2,16)( 3,21)( 4,14)( 5,19)( 6,12)( 7,17)( 8,10)( 9,15)(11,13)(20,42)\n(22,40)(23,44)(24,38)(25,43)(26,36)(27,41)(28,34)(29,39)(30,32)(31,37)(33,35)", "weight": 1}, {"from": "()", "to": "( 1,19,32, 7,20,39, 8,27,40,15,28, 3,16,35, 4,23,36,11,24,43,12,31)\n( 2,21,34, 9,22,41,10,29,42,17,30, 5,18,37, 6,25,38,13,26,44,14,33)", "weight": 1}, {"from": "()", "to": "( 1,20,40,16,36,12,32, 8,28, 4,24)( 2,22,42,18,38,14,34,10,30, 6,26)\n( 3,23,43,19,39,15,35,11,31, 7,27)( 5,25,44,21,41,17,37,13,33, 9,29)", "weight": 1}, {"from": "()", "to": "( 1,21)( 2,19)( 3,18)( 4,17)( 5,16)( 6,15)( 7,14)( 8,13)( 9,12)(10,11)(20,44)\n(22,43)(23,42)(24,41)(25,40)(26,39)(27,38)(28,37)(29,36)(30,35)(31,34)(32,33)", "weight": 1}, {"from": "()", "to": "( 1,22)( 2,20)( 3,25)( 4,18)( 5,23)( 6,16)( 7,21)( 8,14)( 9,19)(10,12)(11,17)\n(13,15)(24,42)(26,40)(27,44)(28,38)(29,43)(30,36)(31,41)(32,34)(33,39)(35,37)", "weight": 1}, {"from": "()", "to": "( 1,23,40,19,36,15,32,11,28, 7,24, 3,20,43,16,39,12,35, 8,31, 4,27)\n( 2,25,42,21,38,17,34,13,30, 9,26, 5,22,44,18,41,14,37,10,33, 6,29)", "weight": 1}, {"from": "()", "to": "( 1,24, 4,28, 8,32,12,36,16,40,20)( 2,26, 6,30,10,34,14,38,18,42,22)\n( 3,27, 7,31,11,35,15,39,19,43,23)( 5,29, 9,33,13,37,17,41,21,44,25)", "weight": 1}, {"from": "()", "to": "( 1,25)( 2,23)( 3,22)( 4,21)( 5,20)( 6,19)( 7,18)( 8,17)( 9,16)(10,15)(11,14)\n(12,13)(24,44)(26,43)(27,42)(28,41)(29,40)(30,39)(31,38)(32,37)(33,36)(34,35)", "weight": 1}, {"from": "()", "to": "( 1,26)( 2,24)( 3,29)( 4,22)( 5,27)( 6,20)( 7,25)( 8,18)( 9,23)(10,16)(11,21)\n(12,14)(13,19)(15,17)(28,42)(30,40)(31,44)(32,38)(33,43)(34,36)(35,41)(37,39)", "weight": 1}, {"from": "()", "to": "( 1,27, 4,31, 8,35,12,39,16,43,20, 3,24, 7,28,11,32,15,36,19,40,23)\n( 2,29, 6,33,10,37,14,41,18,44,22, 5,26, 9,30,13,34,17,38,21,42,25)", "weight": 1}, {"from": "()", "to": "( 1,28,12,40,24, 8,36,20, 4,32,16)( 2,30,14,42,26,10,38,22, 6,34,18)\n( 3,31,15,43,27,11,39,23, 7,35,19)( 5,33,17,44,29,13,41,25, 9,37,21)", "weight": 1}, {"from": "()", "to": "( 1,29)( 2,27)( 3,26)( 4,25)( 5,24)( 6,23)( 7,22)( 8,21)( 9,20)(10,19)(11,18)\n(12,17)(13,16)(14,15)(28,44)(30,43)(31,42)(32,41)(33,40)(34,39)(35,38)(36,37)", "weight": 1}, {"from": "()", "to": "( 1,30)( 2,28)( 3,33)( 4,26)( 5,31)( 6,24)( 7,29)( 8,22)( 9,27)(10,20)(11,25)\n(12,18)(13,23)(14,16)(15,21)(17,19)(32,42)(34,40)(35,44)(36,38)(37,43)(39,41)", "weight": 1}, {"from": "()", "to": "( 1,31,12,43,24,11,36,23, 4,35,16, 3,28,15,40,27, 8,39,20, 7,32,19)\n( 2,33,14,44,26,13,38,25, 6,37,18, 5,30,17,42,29,10,41,22, 9,34,21)", "weight": 1}, {"from": "()", "to": "( 1,32,20, 8,40,28,16, 4,36,24,12)( 2,34,22,10,42,30,18, 6,38,26,14)\n( 3,35,23,11,43,31,19, 7,39,27,15)( 5,37,25,13,44,33,21, 9,41,29,17)", "weight": 1}, {"from": "()", "to": "( 1,33)( 2,31)( 3,30)( 4,29)( 5,28)( 6,27)( 7,26)( 8,25)( 9,24)(10,23)(11,22)\n(12,21)(13,20)(14,19)(15,18)(16,17)(32,44)(34,43)(35,42)(36,41)(37,40)(38,39)", "weight": 1}, {"from": "()", "to": "( 1,34)( 2,32)( 3,37)( 4,30)( 5,35)( 6,28)( 7,33)( 8,26)( 9,31)(10,24)(11,29)\n(12,22)(13,27)(14,20)(15,25)(16,18)(17,23)(19,21)(36,42)(38,40)(39,44)(41,43)", "weight": 1}, {"from": "()", "to": "( 1,35,20,11,40,31,16, 7,36,27,12, 3,32,23, 8,43,28,19, 4,39,24,15)\n( 2,37,22,13,42,33,18, 9,38,29,14, 5,34,25,10,44,30,21, 6,41,26,17)", "weight": 1}, {"from": "()", "to": "( 1,36,28,20,12, 4,40,32,24,16, 8)( 2,38,30,22,14, 6,42,34,26,18,10)\n( 3,39,31,23,15, 7,43,35,27,19,11)( 5,41,33,25,17, 9,44,37,29,21,13)", "weight": 1}, {"from": "()", "to": "( 1,37)( 2,35)( 3,34)( 4,33)( 5,32)( 6,31)( 7,30)( 8,29)( 9,28)(10,27)(11,26)\n(12,25)(13,24)(14,23)(15,22)(16,21)(17,20)(18,19)(36,44)(38,43)(39,42)(40,41)", "weight": 1}, {"from": "()", "to": "( 1,38)( 2,36)( 3,41)( 4,34)( 5,39)( 6,32)( 7,37)( 8,30)( 9,35)(10,28)(11,33)\n(12,26)(13,31)(14,24)(15,29)(16,22)(17,27)(18,20)(19,25)(21,23)(40,42)(43,44)", "weight": 1}, {"from": "()", "to": "( 1,39,28,23,12, 7,40,35,24,19, 8, 3,36,31,20,15, 4,43,32,27,16,11)\n( 2,41,30,25,14, 9,42,37,26,21,10, 5,38,33,22,17, 6,44,34,29,18,13)", "weight": 1}, {"from": "()", "to": "( 1,40,36,32,28,24,20,16,12, 8, 4)( 2,42,38,34,30,26,22,18,14,10, 6)\n( 3,43,39,35,31,27,23,19,15,11, 7)( 5,44,41,37,33,29,25,21,17,13, 9)", "weight": 1}, {"from": "()", "to": "( 1,41)( 2,39)( 3,38)( 4,37)( 5,36)( 6,35)( 7,34)( 8,33)( 9,32)(10,31)(11,30)\n(12,29)(13,28)(14,27)(15,26)(16,25)(17,24)(18,23)(19,22)(20,21)(40,44)(42,43)", "weight": 1}, {"from": "()", "to": "( 1,42)( 2,40)( 3,44)( 4,38)( 5,43)( 6,36)( 7,41)( 8,34)( 9,39)(10,32)(11,37)\n(12,30)(13,35)(14,28)(15,33)(16,26)(17,31)(18,24)(19,29)(20,22)(21,27)(23,25)", "weight": 1}, {"from": "()", "to": "( 1,43,36,35,28,27,20,19,12,11, 4, 3,40,39,32,31,24,23,16,15, 8, 7)\n( 2,44,38,37,30,29,22,21,14,13, 6, 5,42,41,34,33,26,25,18,17,10, 9)", "weight": 1}, {"from": "()", "to": "( 1,44)( 2,43)( 3,42)( 4,41)( 5,40)( 6,39)( 7,38)( 8,37)( 9,36)(10,35)(11,34)\n(12,33)(13,32)(14,31)(15,30)(16,29)(17,28)(18,27)(19,26)(20,25)(21,24)(22,23)", "weight": 1}, {"from": "( 1, 2)( 3, 5)( 4,42)( 6,40)( 7,44)( 8,38)( 9,43)(10,36)(11,41)(12,34)(13,39)\n(14,32)(15,37)(16,30)(17,35)(18,28)(19,33)(20,26)(21,31)(22,24)(23,29)(25,27)", "to": "( 1, 3)( 2, 5)( 4, 7)( 6, 9)( 8,11)(10,13)(12,15)(14,17)(16,19)(18,21)(20,23)\n(22,25)(24,27)(26,29)(28,31)(30,33)(32,35)(34,37)(36,39)(38,41)(40,43)(42,44)", "weight": 1}, {"from": "( 1, 2)( 3, 5)( 4,42)( 6,40)( 7,44)( 8,38)( 9,43)(10,36)(11,41)(12,34)(13,39)\n(14,32)(15,37)(16,30)(17,35)(18,28)(19,33)(20,26)(21,31)(22,24)(23,29)(25,27)", "to": "( 1, 5)( 2, 3)( 4,44)( 6,43)( 7,42)( 8,41)( 9,40)(10,39)(11,38)(12,37)(13,36)\n(14,35)(15,34)(16,33)(17,32)(18,31)(19,30)(20,29)(21,28)(22,27)(23,26)(24,25)", "weight": 1}, {"from": "( 1, 3)( 2, 5)( 4, 7)( 6, 9)( 8,11)(10,13)(12,15)(14,17)(16,19)(18,21)(20,23)\n(22,25)(24,27)(26,29)(28,31)(30,33)(32,35)(34,37)(36,39)(38,41)(40,43)(42,44)", "to": "( 1, 4, 8,12,16,20,24,28,32,36,40)( 2, 6,10,14,18,22,26,30,34,38,42)\n( 3, 7,11,15,19,23,27,31,35,39,43)( 5, 9,13,17,21,25,29,33,37,41,44)", "weight": 1}, {"from": "( 1, 3)( 2, 5)( 4, 7)( 6, 9)( 8,11)(10,13)(12,15)(14,17)(16,19)(18,21)(20,23)\n(22,25)(24,27)(26,29)(28,31)(30,33)(32,35)(34,37)(36,39)(38,41)(40,43)(42,44)", "to": "( 1, 5)( 2, 3)( 4,44)( 6,43)( 7,42)( 8,41)( 9,40)(10,39)(11,38)(12,37)(13,36)\n(14,35)(15,34)(16,33)(17,32)(18,31)(19,30)(20,29)(21,28)(22,27)(23,26)(24,25)", "weight": 1}, {"from": "( 1, 3)( 2, 5)( 4, 7)( 6, 9)( 8,11)(10,13)(12,15)(14,17)(16,19)(18,21)(20,23)\n(22,25)(24,27)(26,29)(28,31)(30,33)(32,35)(34,37)(36,39)(38,41)(40,43)(42,44)", "to": "( 1, 6)( 2, 4)( 3, 9)( 5, 7)( 8,42)(10,40)(11,44)(12,38)(13,43)(14,36)(15,41)\n(16,34)(17,39)(18,32)(19,37)(20,30)(21,35)(22,28)(23,33)(24,26)(25,31)(27,29)", "weight": 1}, {"from": "( 1, 3)( 2, 5)( 4, 7)( 6, 9)( 8,11)(10,13)(12,15)(14,17)(16,19)(18,21)(20,23)\n(22,25)(24,27)(26,29)(28,31)(30,33)(32,35)(34,37)(36,39)(38,41)(40,43)(42,44)", "to": "( 1, 7, 8,15,16,23,24,31,32,39,40, 3, 4,11,12,19,20,27,28,35,36,43)\n( 2, 9,10,17,18,25,26,33,34,41,42, 5, 6,13,14,21,22,29,30,37,38,44)", "weight": 1}, {"from": "( 1, 3)( 2, 5)( 4, 7)( 6, 9)( 8,11)(10,13)(12,15)(14,17)(16,19)(18,21)(20,23)\n(22,25)(24,27)(26,29)(28,31)(30,33)(32,35)(34,37)(36,39)(38,41)(40,43)(42,44)", "to": "( 1, 8,16,24,32,40, 4,12,20,28,36)( 2,10,18,26,34,42, 6,14,22,30,38)\n( 3,11,19,27,35,43, 7,15,23,31,39)( 5,13,21,29,37,44, 9,17,25,33,41)", "weight": 1}, {"from": "( 1, 3)( 2, 5)( 4, 7)( 6, 9)( 8,11)(10,13)(12,15)(14,17)(16,19)(18,21)(20,23)\n(22,25)(24,27)(26,29)(28,31)(30,33)(32,35)(34,37)(36,39)(38,41)(40,43)(42,44)", "to": "( 1, 9)( 2, 7)( 3, 6)( 4, 5)( 8,44)(10,43)(11,42)(12,41)(13,40)(14,39)(15,38)\n(16,37)(17,36)(18,35)(19,34)(20,33)(21,32)(22,31)(23,30)(24,29)(25,28)(26,27)", "weight": 1}, {"from": "( 1, 3)( 2, 5)( 4, 7)( 6, 9)( 8,11)(10,13)(12,15)(14,17)(16,19)(18,21)(20,23)\n(22,25)(24,27)(26,29)(28,31)(30,33)(32,35)(34,37)(36,39)(38,41)(40,43)(42,44)", "to": "( 1,10)( 2, 8)( 3,13)( 4, 6)( 5,11)( 7, 9)(12,42)(14,40)(15,44)(16,38)(17,43)\n(18,36)(19,41)(20,34)(21,39)(22,32)(23,37)(24,30)(25,35)(26,28)(27,33)(29,31)", "weight": 1}, {"from": "( 1, 3)( 2, 5)( 4, 7)( 6, 9)( 8,11)(10,13)(12,15)(14,17)(16,19)(18,21)(20,23)\n(22,25)(24,27)(26,29)(28,31)(30,33)(32,35)(34,37)(36,39)(38,41)(40,43)(42,44)", "to": "( 1,11,16,27,32,43, 4,15,20,31,36, 3, 8,19,24,35,40, 7,12,23,28,39)\n( 2,13,18,29,34,44, 6,17,22,33,38, 5,10,21,26,37,42, 9,14,25,30,41)", "weight": 1}, {"from": "( 1, 3)( 2, 5)( 4, 7)( 6, 9)( 8,11)(10,13)(12,15)(14,17)(16,19)(18,21)(20,23)\n(22,25)(24,27)(26,29)(28,31)(30,33)(32,35)(34,37)(36,39)(38,41)(40,43)(42,44)", "to": "( 1,12,24,36, 4,16,28,40, 8,20,32)( 2,14,26,38, 6,18,30,42,10,22,34)\n( 3,15,27,39, 7,19,31,43,11,23,35)( 5,17,29,41, 9,21,33,44,13,25,37)", "weight": 1}, {"from": "( 1, 3)( 2, 5)( 4, 7)( 6, 9)( 8,11)(10,13)(12,15)(14,17)(16,19)(18,21)(20,23)\n(22,25)(24,27)(26,29)(28,31)(30,33)(32,35)(34,37)(36,39)(38,41)(40,43)(42,44)", "to": "( 1,13)( 2,11)( 3,10)( 4, 9)( 5, 8)( 6, 7)(12,44)(14,43)(15,42)(16,41)(17,40)\n(18,39)(19,38)(20,37)(21,36)(22,35)(23,34)(24,33)(25,32)(26,31)(27,30)(28,29)", "weight": 1}, {"from": "( 1, 3)( 2, 5)( 4, 7)( 6, 9)( 8,11)(10,13)(12,15)(14,17)(16,19)(18,21)(20,23)\n(22,25)(24,27)(26,29)(28,31)(30,33)(32,35)(34,37)(36,39)(38,41)(40,43)(42,44)", "to": "( 1,14)( 2,12)( 3,17)( 4,10)( 5,15)( 6, 8)( 7,13)( 9,11)(16,42)(18,40)(19,44)\n(20,38)(21,43)(22,36)(23,41)(24,34)(25,39)(26,32)(27,37)(28,30)(29,35)(31,33)", "weight": 1}, {"from": "( 1, 3)( 2, 5)( 4, 7)( 6, 9)( 8,11)(10,13)(12,15)(14,17)(16,19)(18,21)(20,23)\n(22,25)(24,27)(26,29)(28,31)(30,33)(32,35)(34,37)(36,39)(38,41)(40,43)(42,44)", "to": "( 1,15,24,39, 4,19,28,43, 8,23,32, 3,12,27,36, 7,16,31,40,11,20,35)\n( 2,17,26,41, 6,21,30,44,10,25,34, 5,14,29,38, 9,18,33,42,13,22,37)", "weight": 1}, {"from": "( 1, 3)( 2, 5)( 4, 7)( 6, 9)( 8,11)(10,13)(12,15)(14,17)(16,19)(18,21)(20,23)\n(22,25)(24,27)(26,29)(28,31)(30,33)(32,35)(34,37)(36,39)(38,41)(40,43)(42,44)", "to": "( 1,16,32, 4,20,36, 8,24,40,12,28)( 2,18,34, 6,22,38,10,26,42,14,30)\n( 3,19,35, 7,23,39,11,27,43,15,31)( 5,21,37, 9,25,41,13,29,44,17,33)", "weight": 1}, {"from": "( 1, 3)( 2, 5)( 4, 7)( 6, 9)( 8,11)(10,13)(12,15)(14,17)(16,19)(18,21)(20,23)\n(22,25)(24,27)(26,29)(28,31)(30,33)(32,35)(34,37)(36,39)(38,41)(40,43)(42,44)", "to": "( 1,17)( 2,15)( 3,14)( 4,13)( 5,12)( 6,11)( 7,10)( 8, 9)(16,44)(18,43)(19,42)\n(20,41)(21,40)(22,39)(23,38)(24,37)(25,36)(26,35)(27,34)(28,33)(29,32)(30,31)", "weight": 1}, {"from": "( 1, 3)( 2, 5)( 4, 7)( 6, 9)( 8,11)(10,13)(12,15)(14,17)(16,19)(18,21)(20,23)\n(22,25)(24,27)(26,29)(28,31)(30,33)(32,35)(34,37)(36,39)(38,41)(40,43)(42,44)", "to": "( 1,18)( 2,16)( 3,21)( 4,14)( 5,19)( 6,12)( 7,17)( 8,10)( 9,15)(11,13)(20,42)\n(22,40)(23,44)(24,38)(25,43)(26,36)(27,41)(28,34)(29,39)(30,32)(31,37)(33,35)", "weight": 1}, {"from": "( 1, 3)( 2, 5)( 4, 7)( 6, 9)( 8,11)(10,13)(12,15)(14,17)(16,19)(18,21)(20,23)\n(22,25)(24,27)(26,29)(28,31)(30,33)(32,35)(34,37)(36,39)(38,41)(40,43)(42,44)", "to": "( 1,19,32, 7,20,39, 8,27,40,15,28, 3,16,35, 4,23,36,11,24,43,12,31)\n( 2,21,34, 9,22,41,10,29,42,17,30, 5,18,37, 6,25,38,13,26,44,14,33)", "weight": 1}, {"from": "( 1, 3)( 2, 5)( 4, 7)( 6, 9)( 8,11)(10,13)(12,15)(14,17)(16,19)(18,21)(20,23)\n(22,25)(24,27)(26,29)(28,31)(30,33)(32,35)(34,37)(36,39)(38,41)(40,43)(42,44)", "to": "( 1,20,40,16,36,12,32, 8,28, 4,24)( 2,22,42,18,38,14,34,10,30, 6,26)\n( 3,23,43,19,39,15,35,11,31, 7,27)( 5,25,44,21,41,17,37,13,33, 9,29)", "weight": 1}, {"from": "( 1, 3)( 2, 5)( 4, 7)( 6, 9)( 8,11)(10,13)(12,15)(14,17)(16,19)(18,21)(20,23)\n(22,25)(24,27)(26,29)(28,31)(30,33)(32,35)(34,37)(36,39)(38,41)(40,43)(42,44)", "to": "( 1,21)( 2,19)( 3,18)( 4,17)( 5,16)( 6,15)( 7,14)( 8,13)( 9,12)(10,11)(20,44)\n(22,43)(23,42)(24,41)(25,40)(26,39)(27,38)(28,37)(29,36)(30,35)(31,34)(32,33)", "weight": 1}, {"from": "( 1, 3)( 2, 5)( 4, 7)( 6, 9)( 8,11)(10,13)(12,15)(14,17)(16,19)(18,21)(20,23)\n(22,25)(24,27)(26,29)(28,31)(30,33)(32,35)(34,37)(36,39)(38,41)(40,43)(42,44)", "to": "( 1,22)( 2,20)( 3,25)( 4,18)( 5,23)( 6,16)( 7,21)( 8,14)( 9,19)(10,12)(11,17)\n(13,15)(24,42)(26,40)(27,44)(28,38)(29,43)(30,36)(31,41)(32,34)(33,39)(35,37)", "weight": 1}, {"from": "( 1, 3)( 2, 5)( 4, 7)( 6, 9)( 8,11)(10,13)(12,15)(14,17)(16,19)(18,21)(20,23)\n(22,25)(24,27)(26,29)(28,31)(30,33)(32,35)(34,37)(36,39)(38,41)(40,43)(42,44)", "to": "( 1,23,40,19,36,15,32,11,28, 7,24, 3,20,43,16,39,12,35, 8,31, 4,27)\n( 2,25,42,21,38,17,34,13,30, 9,26, 5,22,44,18,41,14,37,10,33, 6,29)", "weight": 1}, {"from": "( 1, 3)( 2, 5)( 4, 7)( 6, 9)( 8,11)(10,13)(12,15)(14,17)(16,19)(18,21)(20,23)\n(22,25)(24,27)(26,29)(28,31)(30,33)(32,35)(34,37)(36,39)(38,41)(40,43)(42,44)", "to": "( 1,24, 4,28, 8,32,12,36,16,40,20)( 2,26, 6,30,10,34,14,38,18,42,22)\n( 3,27, 7,31,11,35,15,39,19,43,23)( 5,29, 9,33,13,37,17,41,21,44,25)", "weight": 1}, {"from": "( 1, 3)( 2, 5)( 4, 7)( 6, 9)( 8,11)(10,13)(12,15)(14,17)(16,19)(18,21)(20,23)\n(22,25)(24,27)(26,29)(28,31)(30,33)(32,35)(34,37)(36,39)(38,41)(40,43)(42,44)", "to": "( 1,25)( 2,23)( 3,22)( 4,21)( 5,20)( 6,19)( 7,18)( 8,17)( 9,16)(10,15)(11,14)\n(12,13)(24,44)(26,43)(27,42)(28,41)(29,40)(30,39)(31,38)(32,37)(33,36)(34,35)", "weight": 1}, {"from": "( 1, 3)( 2, 5)( 4, 7)( 6, 9)( 8,11)(10,13)(12,15)(14,17)(16,19)(18,21)(20,23)\n(22,25)(24,27)(26,29)(28,31)(30,33)(32,35)(34,37)(36,39)(38,41)(40,43)(42,44)", "to": "( 1,26)( 2,24)( 3,29)( 4,22)( 5,27)( 6,20)( 7,25)( 8,18)( 9,23)(10,16)(11,21)\n(12,14)(13,19)(15,17)(28,42)(30,40)(31,44)(32,38)(33,43)(34,36)(35,41)(37,39)", "weight": 1}, {"from": "( 1, 3)( 2, 5)( 4, 7)( 6, 9)( 8,11)(10,13)(12,15)(14,17)(16,19)(18,21)(20,23)\n(22,25)(24,27)(26,29)(28,31)(30,33)(32,35)(34,37)(36,39)(38,41)(40,43)(42,44)", "to": "( 1,27, 4,31, 8,35,12,39,16,43,20, 3,24, 7,28,11,32,15,36,19,40,23)\n( 2,29, 6,33,10,37,14,41,18,44,22, 5,26, 9,30,13,34,17,38,21,42,25)", "weight": 1}, {"from": "( 1, 3)( 2, 5)( 4, 7)( 6, 9)( 8,11)(10,13)(12,15)(14,17)(16,19)(18,21)(20,23)\n(22,25)(24,27)(26,29)(28,31)(30,33)(32,35)(34,37)(36,39)(38,41)(40,43)(42,44)", "to": "( 1,28,12,40,24, 8,36,20, 4,32,16)( 2,30,14,42,26,10,38,22, 6,34,18)\n( 3,31,15,43,27,11,39,23, 7,35,19)( 5,33,17,44,29,13,41,25, 9,37,21)", "weight": 1}, {"from": "( 1, 3)( 2, 5)( 4, 7)( 6, 9)( 8,11)(10,13)(12,15)(14,17)(16,19)(18,21)(20,23)\n(22,25)(24,27)(26,29)(28,31)(30,33)(32,35)(34,37)(36,39)(38,41)(40,43)(42,44)", "to": "( 1,29)( 2,27)( 3,26)( 4,25)( 5,24)( 6,23)( 7,22)( 8,21)( 9,20)(10,19)(11,18)\n(12,17)(13,16)(14,15)(28,44)(30,43)(31,42)(32,41)(33,40)(34,39)(35,38)(36,37)", "weight": 1}, {"from": "( 1, 3)( 2, 5)( 4, 7)( 6, 9)( 8,11)(10,13)(12,15)(14,17)(16,19)(18,21)(20,23)\n(22,25)(24,27)(26,29)(28,31)(30,33)(32,35)(34,37)(36,39)(38,41)(40,43)(42,44)", "to": "( 1,30)( 2,28)( 3,33)( 4,26)( 5,31)( 6,24)( 7,29)( 8,22)( 9,27)(10,20)(11,25)\n(12,18)(13,23)(14,16)(15,21)(17,19)(32,42)(34,40)(35,44)(36,38)(37,43)(39,41)", "weight": 1}, {"from": "( 1, 3)( 2, 5)( 4, 7)( 6, 9)( 8,11)(10,13)(12,15)(14,17)(16,19)(18,21)(20,23)\n(22,25)(24,27)(26,29)(28,31)(30,33)(32,35)(34,37)(36,39)(38,41)(40,43)(42,44)", "to": "( 1,31,12,43,24,11,36,23, 4,35,16, 3,28,15,40,27, 8,39,20, 7,32,19)\n( 2,33,14,44,26,13,38,25, 6,37,18, 5,30,17,42,29,10,41,22, 9,34,21)", "weight": 1}, {"from": "( 1, 3)( 2, 5)( 4, 7)( 6, 9)( 8,11)(10,13)(12,15)(14,17)(16,19)(18,21)(20,23)\n(22,25)(24,27)(26,29)(28,31)(30,33)(32,35)(34,37)(36,39)(38,41)(40,43)(42,44)", "to": "( 1,32,20, 8,40,28,16, 4,36,24,12)( 2,34,22,10,42,30,18, 6,38,26,14)\n( 3,35,23,11,43,31,19, 7,39,27,15)( 5,37,25,13,44,33,21, 9,41,29,17)", "weight": 1}, {"from": "( 1, 3)( 2, 5)( 4, 7)( 6, 9)( 8,11)(10,13)(12,15)(14,17)(16,19)(18,21)(20,23)\n(22,25)(24,27)(26,29)(28,31)(30,33)(32,35)(34,37)(36,39)(38,41)(40,43)(42,44)", "to": "( 1,33)( 2,31)( 3,30)( 4,29)( 5,28)( 6,27)( 7,26)( 8,25)( 9,24)(10,23)(11,22)\n(12,21)(13,20)(14,19)(15,18)(16,17)(32,44)(34,43)(35,42)(36,41)(37,40)(38,39)", "weight": 1}, {"from": "( 1, 3)( 2, 5)( 4, 7)( 6, 9)( 8,11)(10,13)(12,15)(14,17)(16,19)(18,21)(20,23)\n(22,25)(24,27)(26,29)(28,31)(30,33)(32,35)(34,37)(36,39)(38,41)(40,43)(42,44)", "to": "( 1,34)( 2,32)( 3,37)( 4,30)( 5,35)( 6,28)( 7,33)( 8,26)( 9,31)(10,24)(11,29)\n(12,22)(13,27)(14,20)(15,25)(16,18)(17,23)(19,21)(36,42)(38,40)(39,44)(41,43)", "weight": 1}, {"from": "( 1, 3)( 2, 5)( 4, 7)( 6, 9)( 8,11)(10,13)(12,15)(14,17)(16,19)(18,21)(20,23)\n(22,25)(24,27)(26,29)(28,31)(30,33)(32,35)(34,37)(36,39)(38,41)(40,43)(42,44)", "to": "( 1,35,20,11,40,31,16, 7,36,27,12, 3,32,23, 8,43,28,19, 4,39,24,15)\n( 2,37,22,13,42,33,18, 9,38,29,14, 5,34,25,10,44,30,21, 6,41,26,17)", "weight": 1}, {"from": "( 1, 3)( 2, 5)( 4, 7)( 6, 9)( 8,11)(10,13)(12,15)(14,17)(16,19)(18,21)(20,23)\n(22,25)(24,27)(26,29)(28,31)(30,33)(32,35)(34,37)(36,39)(38,41)(40,43)(42,44)", "to": "( 1,36,28,20,12, 4,40,32,24,16, 8)( 2,38,30,22,14, 6,42,34,26,18,10)\n( 3,39,31,23,15, 7,43,35,27,19,11)( 5,41,33,25,17, 9,44,37,29,21,13)", "weight": 1}, {"from": "( 1, 3)( 2, 5)( 4, 7)( 6, 9)( 8,11)(10,13)(12,15)(14,17)(16,19)(18,21)(20,23)\n(22,25)(24,27)(26,29)(28,31)(30,33)(32,35)(34,37)(36,39)(38,41)(40,43)(42,44)", "to": "( 1,37)( 2,35)( 3,34)( 4,33)( 5,32)( 6,31)( 7,30)( 8,29)( 9,28)(10,27)(11,26)\n(12,25)(13,24)(14,23)(15,22)(16,21)(17,20)(18,19)(36,44)(38,43)(39,42)(40,41)", "weight": 1}, {"from": "( 1, 3)( 2, 5)( 4, 7)( 6, 9)( 8,11)(10,13)(12,15)(14,17)(16,19)(18,21)(20,23)\n(22,25)(24,27)(26,29)(28,31)(30,33)(32,35)(34,37)(36,39)(38,41)(40,43)(42,44)", "to": "( 1,38)( 2,36)( 3,41)( 4,34)( 5,39)( 6,32)( 7,37)( 8,30)( 9,35)(10,28)(11,33)\n(12,26)(13,31)(14,24)(15,29)(16,22)(17,27)(18,20)(19,25)(21,23)(40,42)(43,44)", "weight": 1}, {"from": "( 1, 3)( 2, 5)( 4, 7)( 6, 9)( 8,11)(10,13)(12,15)(14,17)(16,19)(18,21)(20,23)\n(22,25)(24,27)(26,29)(28,31)(30,33)(32,35)(34,37)(36,39)(38,41)(40,43)(42,44)", "to": "( 1,39,28,23,12, 7,40,35,24,19, 8, 3,36,31,20,15, 4,43,32,27,16,11)\n( 2,41,30,25,14, 9,42,37,26,21,10, 5,38,33,22,17, 6,44,34,29,18,13)", "weight": 1}, {"from": "( 1, 3)( 2, 5)( 4, 7)( 6, 9)( 8,11)(10,13)(12,15)(14,17)(16,19)(18,21)(20,23)\n(22,25)(24,27)(26,29)(28,31)(30,33)(32,35)(34,37)(36,39)(38,41)(40,43)(42,44)", "to": "( 1,40,36,32,28,24,20,16,12, 8, 4)( 2,42,38,34,30,26,22,18,14,10, 6)\n( 3,43,39,35,31,27,23,19,15,11, 7)( 5,44,41,37,33,29,25,21,17,13, 9)", "weight": 1}, {"from": "( 1, 3)( 2, 5)( 4, 7)( 6, 9)( 8,11)(10,13)(12,15)(14,17)(16,19)(18,21)(20,23)\n(22,25)(24,27)(26,29)(28,31)(30,33)(32,35)(34,37)(36,39)(38,41)(40,43)(42,44)", "to": "( 1,41)( 2,39)( 3,38)( 4,37)( 5,36)( 6,35)( 7,34)( 8,33)( 9,32)(10,31)(11,30)\n(12,29)(13,28)(14,27)(15,26)(16,25)(17,24)(18,23)(19,22)(20,21)(40,44)(42,43)", "weight": 1}, {"from": "( 1, 3)( 2, 5)( 4, 7)( 6, 9)( 8,11)(10,13)(12,15)(14,17)(16,19)(18,21)(20,23)\n(22,25)(24,27)(26,29)(28,31)(30,33)(32,35)(34,37)(36,39)(38,41)(40,43)(42,44)", "to": "( 1,42)( 2,40)( 3,44)( 4,38)( 5,43)( 6,36)( 7,41)( 8,34)( 9,39)(10,32)(11,37)\n(12,30)(13,35)(14,28)(15,33)(16,26)(17,31)(18,24)(19,29)(20,22)(21,27)(23,25)", "weight": 1}, {"from": "( 1, 3)( 2, 5)( 4, 7)( 6, 9)( 8,11)(10,13)(12,15)(14,17)(16,19)(18,21)(20,23)\n(22,25)(24,27)(26,29)(28,31)(30,33)(32,35)(34,37)(36,39)(38,41)(40,43)(42,44)", "to": "( 1,43,36,35,28,27,20,19,12,11, 4, 3,40,39,32,31,24,23,16,15, 8, 7)\n( 2,44,38,37,30,29,22,21,14,13, 6, 5,42,41,34,33,26,25,18,17,10, 9)", "weight": 1}, {"from": "( 1, 3)( 2, 5)( 4, 7)( 6, 9)( 8,11)(10,13)(12,15)(14,17)(16,19)(18,21)(20,23)\n(22,25)(24,27)(26,29)(28,31)(30,33)(32,35)(34,37)(36,39)(38,41)(40,43)(42,44)", "to": "( 1,44)( 2,43)( 3,42)( 4,41)( 5,40)( 6,39)( 7,38)( 8,37)( 9,36)(10,35)(11,34)\n(12,33)(13,32)(14,31)(15,30)(16,29)(17,28)(18,27)(19,26)(20,25)(21,24)(22,23)", "weight": 1}, {"from": "( 1, 4, 8,12,16,20,24,28,32,36,40)( 2, 6,10,14,18,22,26,30,34,38,42)\n( 3, 7,11,15,19,23,27,31,35,39,43)( 5, 9,13,17,21,25,29,33,37,41,44)", "to": "( 1, 7, 8,15,16,23,24,31,32,39,40, 3, 4,11,12,19,20,27,28,35,36,43)\n( 2, 9,10,17,18,25,26,33,34,41,42, 5, 6,13,14,21,22,29,30,37,38,44)", "weight": 1}, {"from": "( 1, 4, 8,12,16,20,24,28,32,36,40)( 2, 6,10,14,18,22,26,30,34,38,42)\n( 3, 7,11,15,19,23,27,31,35,39,43)( 5, 9,13,17,21,25,29,33,37,41,44)", "to": "( 1, 8,16,24,32,40, 4,12,20,28,36)( 2,10,18,26,34,42, 6,14,22,30,38)\n( 3,11,19,27,35,43, 7,15,23,31,39)( 5,13,21,29,37,44, 9,17,25,33,41)", "weight": 1}, {"from": "( 1, 4, 8,12,16,20,24,28,32,36,40)( 2, 6,10,14,18,22,26,30,34,38,42)\n( 3, 7,11,15,19,23,27,31,35,39,43)( 5, 9,13,17,21,25,29,33,37,41,44)", "to": "( 1,11,16,27,32,43, 4,15,20,31,36, 3, 8,19,24,35,40, 7,12,23,28,39)\n( 2,13,18,29,34,44, 6,17,22,33,38, 5,10,21,26,37,42, 9,14,25,30,41)", "weight": 1}, {"from": "( 1, 4, 8,12,16,20,24,28