<html>
<head>
<link rel="stylesheet" href="https://cdnjs.cloudflare.com/ajax/libs/vis/4.16.1/vis.css" type="text/css" />
<script type="text/javascript" src="https://cdnjs.cloudflare.com/ajax/libs/vis/4.16.1/vis-network.min.js"> </script>
<center>
<h1></h1>
</center>

<!-- <link rel="stylesheet" href="../node_modules/vis/dist/vis.min.css" type="text/css" />
<script type="text/javascript" src="../node_modules/vis/dist/vis.js"> </script>-->

<style type="text/css">

        #mynetwork {
            width: 80%;
            height: 1000px;
            background-color: #ffffff;
            border: 1px solid lightgray;
            position: relative;
            float: left;
        }

        

        
        #config {
            float: left;
            width: 400px;
            height: 600px;
        }
        

        
</style>

</head>

<body>
<div id = "mynetwork"></div>


<div id = "config"></div>

<script type="text/javascript">

    // initialize global variables.
    var edges;
    var nodes;
    var network; 
    var container;
    var options, data;

    
    // This method is responsible for drawing the graph, returns the drawn network
    function drawGraph() {
        var container = document.getElementById('mynetwork');
        
        

        // parsing and collecting nodes and edges from the python
        nodes = new vis.DataSet([{"id": "( 1, 2)( 3, 6)( 4, 7)( 5,16)( 8,12)( 9,13)(10,21)(11,22)(14,18)(15,19)(17,24)\n(20,23)", "label": "( 1, 2)( 3, 6)( 4, 7)( 5,16)( 8,12)( 9,13)(10,21)(11,22)(14,18)(15,19)(17,24)\n(20,23)", "shape": "dot", "size": 10}, {"id": "( 1,10,19, 9, 5,18, 4,17,12, 3,11,23)( 2,14,22,13, 8,21, 7,20,16, 6,15,24)", "label": "( 1,10,19, 9, 5,18, 4,17,12, 3,11,23)( 2,14,22,13, 8,21, 7,20,16, 6,15,24)", "shape": "dot", "size": 10}, {"id": "( 1,14, 4,20)( 2,10, 7,17)( 3,15, 9, 8)( 5, 6,11,13)(12,21,19,24)(16,18,22,23)", "label": "( 1,14, 4,20)( 2,10, 7,17)( 3,15, 9, 8)( 5, 6,11,13)(12,21,19,24)(16,18,22,23)", "shape": "dot", "size": 10}, {"id": "( 1,17,19, 3, 5,23, 4,10,12, 9,11,18)( 2,20,22, 6, 8,24, 7,14,16,13,15,21)", "label": "( 1,17,19, 3, 5,23, 4,10,12, 9,11,18)( 2,20,22, 6, 8,24, 7,14,16,13,15,21)", "shape": "dot", "size": 10}, {"id": "( 1,18,11, 9,12,10, 4,23, 5, 3,19,17)( 2,21,15,13,16,14, 7,24, 8, 6,22,20)", "label": "( 1,18,11, 9,12,10, 4,23, 5, 3,19,17)( 2,21,15,13,16,14, 7,24, 8, 6,22,20)", "shape": "dot", "size": 10}, {"id": "( 1,20, 4,14)( 2,17, 7,10)( 3, 8, 9,15)( 5,13,11, 6)(12,24,19,21)(16,23,22,18)", "label": "( 1,20, 4,14)( 2,17, 7,10)( 3, 8, 9,15)( 5,13,11, 6)(12,24,19,21)(16,23,22,18)", "shape": "dot", "size": 10}, {"id": "( 1,21, 4,24)( 2,18, 7,23)( 3,22, 9,16)( 5,14,11,20)( 6,19,13,12)( 8,10,15,17)", "label": "( 1,21, 4,24)( 2,18, 7,23)( 3,22, 9,16)( 5,14,11,20)( 6,19,13,12)( 8,10,15,17)", "shape": "dot", "size": 10}, {"id": "( 1,23,11, 3,12,17, 4,18, 5, 9,19,10)( 2,24,15, 6,16,20, 7,21, 8,13,22,14)", "label": "( 1,23,11, 3,12,17, 4,18, 5, 9,19,10)( 2,24,15, 6,16,20, 7,21, 8,13,22,14)", "shape": "dot", "size": 10}, {"id": "( 1,24, 4,21)( 2,23, 7,18)( 3,16, 9,22)( 5,20,11,14)( 6,12,13,19)( 8,17,15,10)", "label": "( 1,24, 4,21)( 2,23, 7,18)( 3,16, 9,22)( 5,20,11,14)( 6,12,13,19)( 8,17,15,10)", "shape": "dot", "size": 10}, {"id": "( 1, 6, 4,13)( 2, 3, 7, 9)( 5,21,11,24)( 8,18,15,23)(10,22,17,16)(12,14,19,20)", "label": "( 1, 6, 4,13)( 2, 3, 7, 9)( 5,21,11,24)( 8,18,15,23)(10,22,17,16)(12,14,19,20)", "shape": "dot", "size": 10}, {"id": "( 1, 7)( 2, 4)( 3,13)( 5,22)( 6, 9)( 8,19)(10,24)(11,16)(12,15)(14,23)(17,21)\n(18,20)", "label": "( 1, 7)( 2, 4)( 3,13)( 5,22)( 6, 9)( 8,19)(10,24)(11,16)(12,15)(14,23)(17,21)\n(18,20)", "shape": "dot", "size": 10}, {"id": "( 1, 8)( 2, 5)( 3,14)( 4,15)( 6,10)( 7,11)( 9,20)(12,16)(13,17)(18,21)(19,22)\n(23,24)", "label": "( 1, 8)( 2, 5)( 3,14)( 4,15)( 6,10)( 7,11)( 9,20)(12,16)(13,17)(18,21)(19,22)\n(23,24)", "shape": "dot", "size": 10}, {"id": "( 1,13, 4, 6)( 2, 9, 7, 3)( 5,24,11,21)( 8,23,15,18)(10,16,17,22)(12,20,19,14)", "label": "( 1,13, 4, 6)( 2, 9, 7, 3)( 5,24,11,21)( 8,23,15,18)(10,16,17,22)(12,20,19,14)", "shape": "dot", "size": 10}, {"id": "( 1,15)( 2,11)( 3,20)( 4, 8)( 5, 7)( 6,17)( 9,14)(10,13)(12,22)(16,19)(18,24)\n(21,23)", "label": "( 1,15)( 2,11)( 3,20)( 4, 8)( 5, 7)( 6,17)( 9,14)(10,13)(12,22)(16,19)(18,24)\n(21,23)", "shape": "dot", "size": 10}, {"id": "( 1,16)( 2,12)( 3,21)( 4,22)( 5, 8)( 6,18)( 7,19)( 9,24)(10,14)(11,15)(13,23)\n(17,20)", "label": "( 1,16)( 2,12)( 3,21)( 4,22)( 5, 8)( 6,18)( 7,19)( 9,24)(10,14)(11,15)(13,23)\n(17,20)", "shape": "dot", "size": 10}, {"id": "( 1,22)( 2,19)( 3,24)( 4,16)( 5,15)( 6,23)( 7,12)( 8,11)( 9,21)(10,20)(13,18)\n(14,17)", "label": "( 1,22)( 2,19)( 3,24)( 4,16)( 5,15)( 6,23)( 7,12)( 8,11)( 9,21)(10,20)(13,18)\n(14,17)", "shape": "dot", "size": 10}]);
        edges = new vis.DataSet([{"from": "( 1, 2)( 3, 6)( 4, 7)( 5,16)( 8,12)( 9,13)(10,21)(11,22)(14,18)(15,19)(17,24)\n(20,23)", "to": "( 1,10,19, 9, 5,18, 4,17,12, 3,11,23)( 2,14,22,13, 8,21, 7,20,16, 6,15,24)", "weight": 1}, {"from": "( 1, 2)( 3, 6)( 4, 7)( 5,16)( 8,12)( 9,13)(10,21)(11,22)(14,18)(15,19)(17,24)\n(20,23)", "to": "( 1,14, 4,20)( 2,10, 7,17)( 3,15, 9, 8)( 5, 6,11,13)(12,21,19,24)(16,18,22,23)", "weight": 1}, {"from": "( 1, 2)( 3, 6)( 4, 7)( 5,16)( 8,12)( 9,13)(10,21)(11,22)(14,18)(15,19)(17,24)\n(20,23)", "to": "( 1,17,19, 3, 5,23, 4,10,12, 9,11,18)( 2,20,22, 6, 8,24, 7,14,16,13,15,21)", "weight": 1}, {"from": "( 1, 2)( 3, 6)( 4, 7)( 5,16)( 8,12)( 9,13)(10,21)(11,22)(14,18)(15,19)(17,24)\n(20,23)", "to": "( 1,18,11, 9,12,10, 4,23, 5, 3,19,17)( 2,21,15,13,16,14, 7,24, 8, 6,22,20)", "weight": 1}, {"from": "( 1, 2)( 3, 6)( 4, 7)( 5,16)( 8,12)( 9,13)(10,21)(11,22)(14,18)(15,19)(17,24)\n(20,23)", "to": "( 1,20, 4,14)( 2,17, 7,10)( 3, 8, 9,15)( 5,13,11, 6)(12,24,19,21)(16,23,22,18)", "weight": 1}, {"from": "( 1, 2)( 3, 6)( 4, 7)( 5,16)( 8,12)( 9,13)(10,21)(11,22)(14,18)(15,19)(17,24)\n(20,23)", "to": "( 1,21, 4,24)( 2,18, 7,23)( 3,22, 9,16)( 5,14,11,20)( 6,19,13,12)( 8,10,15,17)", "weight": 1}, {"from": "( 1, 2)( 3, 6)( 4, 7)( 5,16)( 8,12)( 9,13)(10,21)(11,22)(14,18)(15,19)(17,24)\n(20,23)", "to": "( 1,23,11, 3,12,17, 4,18, 5, 9,19,10)( 2,24,15, 6,16,20, 7,21, 8,13,22,14)", "weight": 1}, {"from": "( 1, 2)( 3, 6)( 4, 7)( 5,16)( 8,12)( 9,13)(10,21)(11,22)(14,18)(15,19)(17,24)\n(20,23)", "to": "( 1,24, 4,21)( 2,23, 7,18)( 3,16, 9,22)( 5,20,11,14)( 6,12,13,19)( 8,17,15,10)", "weight": 1}, {"from": "( 1,10,19, 9, 5,18, 4,17,12, 3,11,23)( 2,14,22,13, 8,21, 7,20,16, 6,15,24)", "to": "( 1, 6, 4,13)( 2, 3, 7, 9)( 5,21,11,24)( 8,18,15,23)(10,22,17,16)(12,14,19,20)", "weight": 1}, {"from": "( 1,10,19, 9, 5,18, 4,17,12, 3,11,23)( 2,14,22,13, 8,21, 7,20,16, 6,15,24)", "to": "( 1, 7)( 2, 4)( 3,13)( 5,22)( 6, 9)( 8,19)(10,24)(11,16)(12,15)(14,23)(17,21)\n(18,20)", "weight": 1}, {"from": "( 1,10,19, 9, 5,18, 4,17,12, 3,11,23)( 2,14,22,13, 8,21, 7,20,16, 6,15,24)", "to": "( 1, 8)( 2, 5)( 3,14)( 4,15)( 6,10)( 7,11)( 9,20)(12,16)(13,17)(18,21)(19,22)\n(23,24)", "weight": 1}, {"from": "( 1,10,19, 9, 5,18, 4,17,12, 3,11,23)( 2,14,22,13, 8,21, 7,20,16, 6,15,24)", "to": "( 1,13, 4, 6)( 2, 9, 7, 3)( 5,24,11,21)( 8,23,15,18)(10,16,17,22)(12,20,19,14)", "weight": 1}, {"from": "( 1,10,19, 9, 5,18, 4,17,12, 3,11,23)( 2,14,22,13, 8,21, 7,20,16, 6,15,24)", "to": "( 1,14, 4,20)( 2,10, 7,17)( 3,15, 9, 8)( 5, 6,11,13)(12,21,19,24)(16,18,22,23)", "weight": 1}, {"from": "( 1,10,19, 9, 5,18, 4,17,12, 3,11,23)( 2,14,22,13, 8,21, 7,20,16, 6,15,24)", "to": "( 1,15)( 2,11)( 3,20)( 4, 8)( 5, 7)( 6,17)( 9,14)(10,13)(12,22)(16,19)(18,24)\n(21,23)", "weight": 1}, {"from": "( 1,10,19, 9, 5,18, 4,17,12, 3,11,23)( 2,14,22,13, 8,21, 7,20,16, 6,15,24)", "to": "( 1,16)( 2,12)( 3,21)( 4,22)( 5, 8)( 6,18)( 7,19)( 9,24)(10,14)(11,15)(13,23)\n(17,20)", "weight": 1}, {"from": "( 1,10,19, 9, 5,18, 4,17,12, 3,11,23)( 2,14,22,13, 8,21, 7,20,16, 6,15,24)", "to": "( 1,20, 4,14)( 2,17, 7,10)( 3, 8, 9,15)( 5,13,11, 6)(12,24,19,21)(16,23,22,18)", "weight": 1}, {"from": "( 1,10,19, 9, 5,18, 4,17,12, 3,11,23)( 2,14,22,13, 8,21, 7,20,16, 6,15,24)", "to": "( 1,21, 4,24)( 2,18, 7,23)( 3,22, 9,16)( 5,14,11,20)( 6,19,13,12)( 8,10,15,17)", "weight": 1}, {"from": "( 1,10,19, 9, 5,18, 4,17,12, 3,11,23)( 2,14,22,13, 8,21, 7,20,16, 6,15,24)", "to": "( 1,22)( 2,19)( 3,24)( 4,16)( 5,15)( 6,23)( 7,12)( 8,11)( 9,21)(10,20)(13,18)\n(14,17)", "weight": 1}, {"from": "( 1,10,19, 9, 5,18, 4,17,12, 3,11,23)( 2,14,22,13, 8,21, 7,20,16, 6,15,24)", "to": "( 1,24, 4,21)( 2,23, 7,18)( 3,16, 9,22)( 5,20,11,14)( 6,12,13,19)( 8,17,15,10)", "weight": 1}, {"from": "( 1,14, 4,20)( 2,10, 7,17)( 3,15, 9, 8)( 5, 6,11,13)(12,21,19,24)(16,18,22,23)", "to": "( 1, 7)( 2, 4)( 3,13)( 5,22)( 6, 9)( 8,19)(10,24)(11,16)(12,15)(14,23)(17,21)\n(18,20)", "weight": 1}, {"from": "( 1,14, 4,20)( 2,10, 7,17)( 3,15, 9, 8)( 5, 6,11,13)(12,21,19,24)(16,18,22,23)", "to": "( 1,16)( 2,12)( 3,21)( 4,22)( 5, 8)( 6,18)( 7,19)( 9,24)(10,14)(11,15)(13,23)\n(17,20)", "weight": 1}, {"from": "( 1,14, 4,20)( 2,10, 7,17)( 3,15, 9, 8)( 5, 6,11,13)(12,21,19,24)(16,18,22,23)", "to": "( 1,17,19, 3, 5,23, 4,10,12, 9,11,18)( 2,20,22, 6, 8,24, 7,14,16,13,15,21)", "weight": 1}, {"from": "( 1,14, 4,20)( 2,10, 7,17)( 3,15, 9, 8)( 5, 6,11,13)(12,21,19,24)(16,18,22,23)", "to": "( 1,18,11, 9,12,10, 4,23, 5, 3,19,17)( 2,21,15,13,16,14, 7,24, 8, 6,22,20)", "weight": 1}, {"from": "( 1,14, 4,20)( 2,10, 7,17)( 3,15, 9, 8)( 5, 6,11,13)(12,21,19,24)(16,18,22,23)", "to": "( 1,22)( 2,19)( 3,24)( 4,16)( 5,15)( 6,23)( 7,12)( 8,11)( 9,21)(10,20)(13,18)\n(14,17)", "weight": 1}, {"from": "( 1,14, 4,20)( 2,10, 7,17)( 3,15, 9, 8)( 5, 6,11,13)(12,21,19,24)(16,18,22,23)", "to": "( 1,23,11, 3,12,17, 4,18, 5, 9,19,10)( 2,24,15, 6,16,20, 7,21, 8,13,22,14)", "weight": 1}, {"from": "( 1,17,19, 3, 5,23, 4,10,12, 9,11,18)( 2,20,22, 6, 8,24, 7,14,16,13,15,21)", "to": "( 1, 6, 4,13)( 2, 3, 7, 9)( 5,21,11,24)( 8,18,15,23)(10,22,17,16)(12,14,19,20)", "weight": 1}, {"from": "( 1,17,19, 3, 5,23, 4,10,12, 9,11,18)( 2,20,22, 6, 8,24, 7,14,16,13,15,21)", "to": "( 1, 7)( 2, 4)( 3,13)( 5,22)( 6, 9)( 8,19)(10,24)(11,16)(12,15)(14,23)(17,21)\n(18,20)", "weight": 1}, {"from": "( 1,17,19, 3, 5,23, 4,10,12, 9,11,18)( 2,20,22, 6, 8,24, 7,14,16,13,15,21)", "to": "( 1, 8)( 2, 5)( 3,14)( 4,15)( 6,10)( 7,11)( 9,20)(12,16)(13,17)(18,21)(19,22)\n(23,24)", "weight": 1}, {"from": "( 1,17,19, 3, 5,23, 4,10,12, 9,11,18)( 2,20,22, 6, 8,24, 7,14,16,13,15,21)", "to": "( 1,13, 4, 6)( 2, 9, 7, 3)( 5,24,11,21)( 8,23,15,18)(10,16,17,22)(12,20,19,14)", "weight": 1}, {"from": "( 1,17,19, 3, 5,23, 4,10,12, 9,11,18)( 2,20,22, 6, 8,24, 7,14,16,13,15,21)", "to": "( 1,15)( 2,11)( 3,20)( 4, 8)( 5, 7)( 6,17)( 9,14)(10,13)(12,22)(16,19)(18,24)\n(21,23)", "weight": 1}, {"from": "( 1,17,19, 3, 5,23, 4,10,12, 9,11,18)( 2,20,22, 6, 8,24, 7,14,16,13,15,21)", "to": "( 1,16)( 2,12)( 3,21)( 4,22)( 5, 8)( 6,18)( 7,19)( 9,24)(10,14)(11,15)(13,23)\n(17,20)", "weight": 1}, {"from": "( 1,17,19, 3, 5,23, 4,10,12, 9,11,18)( 2,20,22, 6, 8,24, 7,14,16,13,15,21)", "to": "( 1,20, 4,14)( 2,17, 7,10)( 3, 8, 9,15)( 5,13,11, 6)(12,24,19,21)(16,23,22,18)", "weight": 1}, {"from": "( 1,17,19, 3, 5,23, 4,10,12, 9,11,18)( 2,20,22, 6, 8,24, 7,14,16,13,15,21)", "to": "( 1,21, 4,24)( 2,18, 7,23)( 3,22, 9,16)( 5,14,11,20)( 6,19,13,12)( 8,10,15,17)", "weight": 1}, {"from": "( 1,17,19, 3, 5,23, 4,10,12, 9,11,18)( 2,20,22, 6, 8,24, 7,14,16,13,15,21)", "to": "( 1,22)( 2,19)( 3,24)( 4,16)( 5,15)( 6,23)( 7,12)( 8,11)( 9,21)(10,20)(13,18)\n(14,17)", "weight": 1}, {"from": "( 1,17,19, 3, 5,23, 4,10,12, 9,11,18)( 2,20,22, 6, 8,24, 7,14,16,13,15,21)", "to": "( 1,24, 4,21)( 2,23, 7,18)( 3,16, 9,22)( 5,20,11,14)( 6,12,13,19)( 8,17,15,10)", "weight": 1}, {"from": "( 1,18,11, 9,12,10, 4,23, 5, 3,19,17)( 2,21,15,13,16,14, 7,24, 8, 6,22,20)", "to": "( 1, 6, 4,13)( 2, 3, 7, 9)( 5,21,11,24)( 8,18,15,23)(10,22,17,16)(12,14,19,20)", "weight": 1}, {"from": "( 1,18,11, 9,12,10, 4,23, 5, 3,19,17)( 2,21,15,13,16,14, 7,24, 8, 6,22,20)", "to": "( 1, 7)( 2, 4)( 3,13)( 5,22)( 6, 9)( 8,19)(10,24)(11,16)(12,15)(14,23)(17,21)\n(18,20)", "weight": 1}, {"from": "( 1,18,11, 9,12,10, 4,23, 5, 3,19,17)( 2,21,15,13,16,14, 7,24, 8, 6,22,20)", "to": "( 1, 8)( 2, 5)( 3,14)( 4,15)( 6,10)( 7,11)( 9,20)(12,16)(13,17)(18,21)(19,22)\n(23,24)", "weight": 1}, {"from": "( 1,18,11, 9,12,10, 4,23, 5, 3,19,17)( 2,21,15,13,16,14, 7,24, 8, 6,22,20)", "to": "( 1,13, 4, 6)( 2, 9, 7, 3)( 5,24,11,21)( 8,23,15,18)(10,16,17,22)(12,20,19,14)", "weight": 1}, {"from": "( 1,18,11, 9,12,10, 4,23, 5, 3,19,17)( 2,21,15,13,16,14, 7,24, 8, 6,22,20)", "to": "( 1,15)( 2,11)( 3,20)( 4, 8)( 5, 7)( 6,17)( 9,14)(10,13)(12,22)(16,19)(18,24)\n(21,23)", "weight": 1}, {"from": "( 1,18,11, 9,12,10, 4,23, 5, 3,19,17)( 2,21,15,13,16,14, 7,24, 8, 6,22,20)", "to": "( 1,16)( 2,12)( 3,21)( 4,22)( 5, 8)( 6,18)( 7,19)( 9,24)(10,14)(11,15)(13,23)\n(17,20)", "weight": 1}, {"from": "( 1,18,11, 9,12,10, 4,23, 5, 3,19,17)( 2,21,15,13,16,14, 7,24, 8, 6,22,20)", "to": "( 1,20, 4,14)( 2,17, 7,10)( 3, 8, 9,15)( 5,13,11, 6)(12,24,19,21)(16,23,22,18)", "weight": 1}, {"from": "( 1,18,11, 9,12,10, 4,23, 5, 3,19,17)( 2,21,15,13,16,14, 7,24, 8, 6,22,20)", "to": "( 1,21, 4,24)( 2,18, 7,23)( 3,22, 9,16)( 5,14,11,20)( 6,19,13,12)( 8,10,15,17)", "weight": 1}, {"from": "( 1,18,11, 9,12,10, 4,23, 5, 3,19,17)( 2,21,15,13,16,14, 7,24, 8, 6,22,20)", "to": "( 1,22)( 2,19)( 3,24)( 4,16)( 5,15)( 6,23)( 7,12)( 8,11)( 9,21)(10,20)(13,18)\n(14,17)", "weight": 1}, {"from": "( 1,18,11, 9,12,10, 4,23, 5, 3,19,17)( 2,21,15,13,16,14, 7,24, 8, 6,22,20)", "to": "( 1,24, 4,21)( 2,23, 7,18)( 3,16, 9,22)( 5,20,11,14)( 6,12,13,19)( 8,17,15,10)", "weight": 1}, {"from": "( 1,20, 4,14)( 2,17, 7,10)( 3, 8, 9,15)( 5,13,11, 6)(12,24,19,21)(16,23,22,18)", "to": "( 1, 7)( 2, 4)( 3,13)( 5,22)( 6, 9)( 8,19)(10,24)(11,16)(12,15)(14,23)(17,21)\n(18,20)", "weight": 1}, {"from": "( 1,20, 4,14)( 2,17, 7,10)( 3, 8, 9,15)( 5,13,11, 6)(12,24,19,21)(16,23,22,18)", "to": "( 1,16)( 2,12)( 3,21)( 4,22)( 5, 8)( 6,18)( 7,19)( 9,24)(10,14)(11,15)(13,23)\n(17,20)", "weight": 1}, {"from": "( 1,20, 4,14)( 2,17, 7,10)( 3, 8, 9,15)( 5,13,11, 6)(12,24,19,21)(16,23,22,18)", "to": "( 1,22)( 2,19)( 3,24)( 4,16)( 5,15)( 6,23)( 7,12)( 8,11)( 9,21)(10,20)(13,18)\n(14,17)", "weight": 1}, {"from": "( 1,20, 4,14)( 2,17, 7,10)( 3, 8, 9,15)( 5,13,11, 6)(12,24,19,21)(16,23,22,18)", "to": "( 1,23,11, 3,12,17, 4,18, 5, 9,19,10)( 2,24,15, 6,16,20, 7,21, 8,13,22,14)", "weight": 1}, {"from": "( 1,21, 4,24)( 2,18, 7,23)( 3,22, 9,16)( 5,14,11,20)( 6,19,13,12)( 8,10,15,17)", "to": "( 1, 7)( 2, 4)( 3,13)( 5,22)( 6, 9)( 8,19)(10,24)(11,16)(12,15)(14,23)(17,21)\n(18,20)", "weight": 1}, {"from": "( 1,21, 4,24)( 2,18, 7,23)( 3,22, 9,16)( 5,14,11,20)( 6,19,13,12)( 8,10,15,17)", "to": "( 1, 8)( 2, 5)( 3,14)( 4,15)( 6,10)( 7,11)( 9,20)(12,16)(13,17)(18,21)(19,22)\n(23,24)", "weight": 1}, {"from": "( 1,21, 4,24)( 2,18, 7,23)( 3,22, 9,16)( 5,14,11,20)( 6,19,13,12)( 8,10,15,17)", "to": "( 1,15)( 2,11)( 3,20)( 4, 8)( 5, 7)( 6,17)( 9,14)(10,13)(12,22)(16,19)(18,24)\n(21,23)", "weight": 1}, {"from": "( 1,21, 4,24)( 2,18, 7,23)( 3,22, 9,16)( 5,14,11,20)( 6,19,13,12)( 8,10,15,17)", "to": "( 1,23,11, 3,12,17, 4,18, 5, 9,19,10)( 2,24,15, 6,16,20, 7,21, 8,13,22,14)", "weight": 1}, {"from": "( 1,23,11, 3,12,17, 4,18, 5, 9,19,10)( 2,24,15, 6,16,20, 7,21, 8,13,22,14)", "to": "( 1, 6, 4,13)( 2, 3, 7, 9)( 5,21,11,24)( 8,18,15,23)(10,22,17,16)(12,14,19,20)", "weight": 1}, {"from": "( 1,23,11, 3,12,17, 4,18, 5, 9,19,10)( 2,24,15, 6,16,20, 7,21, 8,13,22,14)", "to": "( 1, 7)( 2, 4)( 3,13)( 5,22)( 6, 9)( 8,19)(10,24)(11,16)(12,15)(14,23)(17,21)\n(18,20)", "weight": 1}, {"from": "( 1,23,11, 3,12,17, 4,18, 5, 9,19,10)( 2,24,15, 6,16,20, 7,21, 8,13,22,14)", "to": "( 1, 8)( 2, 5)( 3,14)( 4,15)( 6,10)( 7,11)( 9,20)(12,16)(13,17)(18,21)(19,22)\n(23,24)", "weight": 1}, {"from": "( 1,23,11, 3,12,17, 4,18, 5, 9,19,10)( 2,24,15, 6,16,20, 7,21, 8,13,22,14)", "to": "( 1,13, 4, 6)( 2, 9, 7, 3)( 5,24,11,21)( 8,23,15,18)(10,16,17,22)(12,20,19,14)", "weight": 1}, {"from": "( 1,23,11, 3,12,17, 4,18, 5, 9,19,10)( 2,24,15, 6,16,20, 7,21, 8,13,22,14)", "to": "( 1,15)( 2,11)( 3,20)( 4, 8)( 5, 7)( 6,17)( 9,14)(10,13)(12,22)(16,19)(18,24)\n(21,23)", "weight": 1}, {"from": "( 1,23,11, 3,12,17, 4,18, 5, 9,19,10)( 2,24,15, 6,16,20, 7,21, 8,13,22,14)", "to": "( 1,16)( 2,12)( 3,21)( 4,22)( 5, 8)( 6,18)( 7,19)( 9,24)(10,14)(11,15)(13,23)\n(17,20)", "weight": 1}, {"from": "( 1,23,11, 3,12,17, 4,18, 5, 9,19,10)( 2,24,15, 6,16,20, 7,21, 8,13,22,14)", "to": "( 1,22)( 2,19)( 3,24)( 4,16)( 5,15)( 6,23)( 7,12)( 8,11)( 9,21)(10,20)(13,18)\n(14,17)", "weight": 1}, {"from": "( 1,23,11, 3,12,17, 4,18, 5, 9,19,10)( 2,24,15, 6,16,20, 7,21, 8,13,22,14)", "to": "( 1,24, 4,21)( 2,23, 7,18)( 3,16, 9,22)( 5,20,11,14)( 6,12,13,19)( 8,17,15,10)", "weight": 1}, {"from": "( 1,24, 4,21)( 2,23, 7,18)( 3,16, 9,22)( 5,20,11,14)( 6,12,13,19)( 8,17,15,10)", "to": "( 1, 7)( 2, 4)( 3,13)( 5,22)( 6, 9)( 8,19)(10,24)(11,16)(12,15)(14,23)(17,21)\n(18,20)", "weight": 1}, {"from": "( 1,24, 4,21)( 2,23, 7,18)( 3,16, 9,22)( 5,20,11,14)( 6,12,13,19)( 8,17,15,10)", "to": "( 1, 8)( 2, 5)( 3,14)( 4,15)( 6,10)( 7,11)( 9,20)(12,16)(13,17)(18,21)(19,22)\n(23,24)", "weight": 1}, {"from": "( 1,24, 4,21)( 2,23, 7,18)( 3,16, 9,22)( 5,20,11,14)( 6,12,13,19)( 8,17,15,10)", "to": "( 1,15)( 2,11)( 3,20)( 4, 8)( 5, 7)( 6,17)( 9,14)(10,13)(12,22)(16,19)(18,24)\n(21,23)", "weight": 1}, {"from": "( 1, 6, 4,13)( 2, 3, 7, 9)( 5,21,11,24)( 8,18,15,23)(10,22,17,16)(12,14,19,20)", "to": "( 1, 8)( 2, 5)( 3,14)( 4,15)( 6,10)( 7,11)( 9,20)(12,16)(13,17)(18,21)(19,22)\n(23,24)", "weight": 1}, {"from": "( 1, 6, 4,13)( 2, 3, 7, 9)( 5,21,11,24)( 8,18,15,23)(10,22,17,16)(12,14,19,20)", "to": "( 1,15)( 2,11)( 3,20)( 4, 8)( 5, 7)( 6,17)( 9,14)(10,13)(12,22)(16,19)(18,24)\n(21,23)", "weight": 1}, {"from": "( 1, 6, 4,13)( 2, 3, 7, 9)( 5,21,11,24)( 8,18,15,23)(10,22,17,16)(12,14,19,20)", "to": "( 1,16)( 2,12)( 3,21)( 4,22)( 5, 8)( 6,18)( 7,19)( 9,24)(10,14)(11,15)(13,23)\n(17,20)", "weight": 1}, {"from": "( 1, 6, 4,13)( 2, 3, 7, 9)( 5,21,11,24)( 8,18,15,23)(10,22,17,16)(12,14,19,20)", "to": "( 1,22)( 2,19)( 3,24)( 4,16)( 5,15)( 6,23)( 7,12)( 8,11)( 9,21)(10,20)(13,18)\n(14,17)", "weight": 1}, {"from": "( 1, 8)( 2, 5)( 3,14)( 4,15)( 6,10)( 7,11)( 9,20)(12,16)(13,17)(18,21)(19,22)\n(23,24)", "to": "( 1,13, 4, 6)( 2, 9, 7, 3)( 5,24,11,21)( 8,23,15,18)(10,16,17,22)(12,20,19,14)", "weight": 1}, {"from": "( 1,15)( 2,11)( 3,20)( 4, 8)( 5, 7)( 6,17)( 9,14)(10,13)(12,22)(16,19)(18,24)\n(21,23)", "to": "( 1,13, 4, 6)( 2, 9, 7, 3)( 5,24,11,21)( 8,23,15,18)(10,16,17,22)(12,20,19,14)", "weight": 1}, {"from": "( 1,16)( 2,12)( 3,21)( 4,22)( 5, 8)( 6,18)( 7,19)( 9,24)(10,14)(11,15)(13,23)\n(17,20)", "to": "( 1,13, 4, 6)( 2, 9, 7, 3)( 5,24,11,21)( 8,23,15,18)(10,16,17,22)(12,20,19,14)", "weight": 1}, {"from": "( 1,22)( 2,19)( 3,24)( 4,16)( 5,15)( 6,23)( 7,12)( 8,11)( 9,21)(10,20)(13,18)\n(14,17)", "to": "( 1,13, 4, 6)( 2, 9, 7, 3)( 5,24,11,21)( 8,23,15,18)(10,16,17,22)(12,20,19,14)", "weight": 1}]);

        // adding nodes and edges to the graph
        data = {nodes: nodes, edges: edges};

        var options = {
    "configure": {
        "enabled": true
    },
    "edges": {
        "color": {
            "inherit": true
        },
        "smooth": {
            "enabled": false,
            "type": "continuous"
        }
    },
    "interaction": {
        "dragNodes": true,
        "hideEdgesOnDrag": false,
        "hideNodesOnDrag": false
    },
    "physics": {
        "enabled": true,
        "stabilization": {
            "enabled": true,
            "fit": true,
            "iterations": 1000,
            "onlyDynamicEdges": false,
            "updateInterval": 50
        }
    }
};
        
        

        
        // if this network requires displaying the configure window,
        // put it in its div
        options.configure["container"] = document.getElementById("config");
        

        network = new vis.Network(container, data, options);
	 
        


        

        return network;

    }

    drawGraph();

</script>
</body>
</html>