<html>
<head>
<link rel="stylesheet" href="https://cdnjs.cloudflare.com/ajax/libs/vis/4.16.1/vis.css" type="text/css" />
<script type="text/javascript" src="https://cdnjs.cloudflare.com/ajax/libs/vis/4.16.1/vis-network.min.js"> </script>
<center>
<h1></h1>
</center>

<!-- <link rel="stylesheet" href="../node_modules/vis/dist/vis.min.css" type="text/css" />
<script type="text/javascript" src="../node_modules/vis/dist/vis.js"> </script>-->

<style type="text/css">

        #mynetwork {
            width: 80%;
            height: 1000px;
            background-color: #ffffff;
            border: 1px solid lightgray;
            position: relative;
            float: left;
        }

        

        
        #config {
            float: left;
            width: 400px;
            height: 600px;
        }
        

        
</style>

</head>

<body>
<div id = "mynetwork"></div>


<div id = "config"></div>

<script type="text/javascript">

    // initialize global variables.
    var edges;
    var nodes;
    var network; 
    var container;
    var options, data;

    
    // This method is responsible for drawing the graph, returns the drawn network
    function drawGraph() {
        var container = document.getElementById('mynetwork');
        
        

        // parsing and collecting nodes and edges from the python
        nodes = new vis.DataSet([{"id": "( 1, 2, 4, 7)( 3, 6, 9,13)( 5,16,11,22)( 8,19,15,12)(10,21,17,24)(14,23,20,18)", "label": "( 1, 2, 4, 7)( 3, 6, 9,13)( 5,16,11,22)( 8,19,15,12)(10,21,17,24)(14,23,20,18)", "shape": "dot", "size": 10}, {"id": "( 1,10,12, 3, 5,18)( 2,14,16, 6, 8,21)( 4,17,19, 9,11,23)( 7,20,22,13,15,24)", "label": "( 1,10,12, 3, 5,18)( 2,14,16, 6, 8,21)( 4,17,19, 9,11,23)( 7,20,22,13,15,24)", "shape": "dot", "size": 10}, {"id": "( 1,14, 4,20)( 2,17, 7,10)( 3, 8, 9,15)( 5, 6,11,13)(12,21,19,24)(16,23,22,18)", "label": "( 1,14, 4,20)( 2,17, 7,10)( 3, 8, 9,15)( 5, 6,11,13)(12,21,19,24)(16,23,22,18)", "shape": "dot", "size": 10}, {"id": "( 1,17,12, 9, 5,23)( 2,20,16,13, 8,24)( 3,11,18, 4,10,19)( 6,15,21, 7,14,22)", "label": "( 1,17,12, 9, 5,23)( 2,20,16,13, 8,24)( 3,11,18, 4,10,19)( 6,15,21, 7,14,22)", "shape": "dot", "size": 10}, {"id": "( 1,18, 5, 3,12,10)( 2,21, 8, 6,16,14)( 4,23,11, 9,19,17)( 7,24,15,13,22,20)", "label": "( 1,18, 5, 3,12,10)( 2,21, 8, 6,16,14)( 4,23,11, 9,19,17)( 7,24,15,13,22,20)", "shape": "dot", "size": 10}, {"id": "( 1,20, 4,14)( 2,10, 7,17)( 3,15, 9, 8)( 5,13,11, 6)(12,24,19,21)(16,18,22,23)", "label": "( 1,20, 4,14)( 2,10, 7,17)( 3,15, 9, 8)( 5,13,11, 6)(12,24,19,21)(16,18,22,23)", "shape": "dot", "size": 10}, {"id": "( 1,21, 4,24)( 2,23, 7,18)( 3,16, 9,22)( 5,14,11,20)( 6,19,13,12)( 8,17,15,10)", "label": "( 1,21, 4,24)( 2,23, 7,18)( 3,16, 9,22)( 5,14,11,20)( 6,19,13,12)( 8,17,15,10)", "shape": "dot", "size": 10}, {"id": "( 1,23, 5, 9,12,17)( 2,24, 8,13,16,20)( 3,19,10, 4,18,11)( 6,22,14, 7,21,15)", "label": "( 1,23, 5, 9,12,17)( 2,24, 8,13,16,20)( 3,19,10, 4,18,11)( 6,22,14, 7,21,15)", "shape": "dot", "size": 10}, {"id": "( 1,24, 4,21)( 2,18, 7,23)( 3,22, 9,16)( 5,20,11,14)( 6,12,13,19)( 8,10,15,17)", "label": "( 1,24, 4,21)( 2,18, 7,23)( 3,22, 9,16)( 5,20,11,14)( 6,12,13,19)( 8,10,15,17)", "shape": "dot", "size": 10}, {"id": "( 1, 6, 4,13)( 2, 9, 7, 3)( 5,21,11,24)( 8,23,15,18)(10,16,17,22)(12,14,19,20)", "label": "( 1, 6, 4,13)( 2, 9, 7, 3)( 5,21,11,24)( 8,23,15,18)(10,16,17,22)(12,14,19,20)", "shape": "dot", "size": 10}, {"id": "( 1, 7, 4, 2)( 3,13, 9, 6)( 5,22,11,16)( 8,12,15,19)(10,24,17,21)(14,18,20,23)", "label": "( 1, 7, 4, 2)( 3,13, 9, 6)( 5,22,11,16)( 8,12,15,19)(10,24,17,21)(14,18,20,23)", "shape": "dot", "size": 10}, {"id": "( 1, 8, 4,15)( 2,11, 7, 5)( 3,14, 9,20)( 6,17,13,10)(12,16,19,22)(18,21,23,24)", "label": "( 1, 8, 4,15)( 2,11, 7, 5)( 3,14, 9,20)( 6,17,13,10)(12,16,19,22)(18,21,23,24)", "shape": "dot", "size": 10}, {"id": "( 1,13, 4, 6)( 2, 3, 7, 9)( 5,24,11,21)( 8,18,15,23)(10,22,17,16)(12,20,19,14)", "label": "( 1,13, 4, 6)( 2, 3, 7, 9)( 5,24,11,21)( 8,18,15,23)(10,22,17,16)(12,20,19,14)", "shape": "dot", "size": 10}, {"id": "( 1,15, 4, 8)( 2, 5, 7,11)( 3,20, 9,14)( 6,10,13,17)(12,22,19,16)(18,24,23,21)", "label": "( 1,15, 4, 8)( 2, 5, 7,11)( 3,20, 9,14)( 6,10,13,17)(12,22,19,16)(18,24,23,21)", "shape": "dot", "size": 10}, {"id": "( 1,16, 4,22)( 2,19, 7,12)( 3,21, 9,24)( 5, 8,11,15)( 6,23,13,18)(10,14,17,20)", "label": "( 1,16, 4,22)( 2,19, 7,12)( 3,21, 9,24)( 5, 8,11,15)( 6,23,13,18)(10,14,17,20)", "shape": "dot", "size": 10}, {"id": "( 1,22, 4,16)( 2,12, 7,19)( 3,24, 9,21)( 5,15,11, 8)( 6,18,13,23)(10,20,17,14)", "label": "( 1,22, 4,16)( 2,12, 7,19)( 3,24, 9,21)( 5,15,11, 8)( 6,18,13,23)(10,20,17,14)", "shape": "dot", "size": 10}]);
        edges = new vis.DataSet([{"from": "( 1, 2, 4, 7)( 3, 6, 9,13)( 5,16,11,22)( 8,19,15,12)(10,21,17,24)(14,23,20,18)", "to": "( 1,10,12, 3, 5,18)( 2,14,16, 6, 8,21)( 4,17,19, 9,11,23)( 7,20,22,13,15,24)", "weight": 1}, {"from": "( 1, 2, 4, 7)( 3, 6, 9,13)( 5,16,11,22)( 8,19,15,12)(10,21,17,24)(14,23,20,18)", "to": "( 1,14, 4,20)( 2,17, 7,10)( 3, 8, 9,15)( 5, 6,11,13)(12,21,19,24)(16,23,22,18)", "weight": 1}, {"from": "( 1, 2, 4, 7)( 3, 6, 9,13)( 5,16,11,22)( 8,19,15,12)(10,21,17,24)(14,23,20,18)", "to": "( 1,17,12, 9, 5,23)( 2,20,16,13, 8,24)( 3,11,18, 4,10,19)( 6,15,21, 7,14,22)", "weight": 1}, {"from": "( 1, 2, 4, 7)( 3, 6, 9,13)( 5,16,11,22)( 8,19,15,12)(10,21,17,24)(14,23,20,18)", "to": "( 1,18, 5, 3,12,10)( 2,21, 8, 6,16,14)( 4,23,11, 9,19,17)( 7,24,15,13,22,20)", "weight": 1}, {"from": "( 1, 2, 4, 7)( 3, 6, 9,13)( 5,16,11,22)( 8,19,15,12)(10,21,17,24)(14,23,20,18)", "to": "( 1,20, 4,14)( 2,10, 7,17)( 3,15, 9, 8)( 5,13,11, 6)(12,24,19,21)(16,18,22,23)", "weight": 1}, {"from": "( 1, 2, 4, 7)( 3, 6, 9,13)( 5,16,11,22)( 8,19,15,12)(10,21,17,24)(14,23,20,18)", "to": "( 1,21, 4,24)( 2,23, 7,18)( 3,16, 9,22)( 5,14,11,20)( 6,19,13,12)( 8,17,15,10)", "weight": 1}, {"from": "( 1, 2, 4, 7)( 3, 6, 9,13)( 5,16,11,22)( 8,19,15,12)(10,21,17,24)(14,23,20,18)", "to": "( 1,23, 5, 9,12,17)( 2,24, 8,13,16,20)( 3,19,10, 4,18,11)( 6,22,14, 7,21,15)", "weight": 1}, {"from": "( 1, 2, 4, 7)( 3, 6, 9,13)( 5,16,11,22)( 8,19,15,12)(10,21,17,24)(14,23,20,18)", "to": "( 1,24, 4,21)( 2,18, 7,23)( 3,22, 9,16)( 5,20,11,14)( 6,12,13,19)( 8,10,15,17)", "weight": 1}, {"from": "( 1,10,12, 3, 5,18)( 2,14,16, 6, 8,21)( 4,17,19, 9,11,23)( 7,20,22,13,15,24)", "to": "( 1, 6, 4,13)( 2, 9, 7, 3)( 5,21,11,24)( 8,23,15,18)(10,16,17,22)(12,14,19,20)", "weight": 1}, {"from": "( 1,10,12, 3, 5,18)( 2,14,16, 6, 8,21)( 4,17,19, 9,11,23)( 7,20,22,13,15,24)", "to": "( 1, 7, 4, 2)( 3,13, 9, 6)( 5,22,11,16)( 8,12,15,19)(10,24,17,21)(14,18,20,23)", "weight": 1}, {"from": "( 1,10,12, 3, 5,18)( 2,14,16, 6, 8,21)( 4,17,19, 9,11,23)( 7,20,22,13,15,24)", "to": "( 1, 8, 4,15)( 2,11, 7, 5)( 3,14, 9,20)( 6,17,13,10)(12,16,19,22)(18,21,23,24)", "weight": 1}, {"from": "( 1,10,12, 3, 5,18)( 2,14,16, 6, 8,21)( 4,17,19, 9,11,23)( 7,20,22,13,15,24)", "to": "( 1,13, 4, 6)( 2, 3, 7, 9)( 5,24,11,21)( 8,18,15,23)(10,22,17,16)(12,20,19,14)", "weight": 1}, {"from": "( 1,10,12, 3, 5,18)( 2,14,16, 6, 8,21)( 4,17,19, 9,11,23)( 7,20,22,13,15,24)", "to": "( 1,14, 4,20)( 2,17, 7,10)( 3, 8, 9,15)( 5, 6,11,13)(12,21,19,24)(16,23,22,18)", "weight": 1}, {"from": "( 1,10,12, 3, 5,18)( 2,14,16, 6, 8,21)( 4,17,19, 9,11,23)( 7,20,22,13,15,24)", "to": "( 1,15, 4, 8)( 2, 5, 7,11)( 3,20, 9,14)( 6,10,13,17)(12,22,19,16)(18,24,23,21)", "weight": 1}, {"from": "( 1,10,12, 3, 5,18)( 2,14,16, 6, 8,21)( 4,17,19, 9,11,23)( 7,20,22,13,15,24)", "to": "( 1,16, 4,22)( 2,19, 7,12)( 3,21, 9,24)( 5, 8,11,15)( 6,23,13,18)(10,14,17,20)", "weight": 1}, {"from": "( 1,10,12, 3, 5,18)( 2,14,16, 6, 8,21)( 4,17,19, 9,11,23)( 7,20,22,13,15,24)", "to": "( 1,20, 4,14)( 2,10, 7,17)( 3,15, 9, 8)( 5,13,11, 6)(12,24,19,21)(16,18,22,23)", "weight": 1}, {"from": "( 1,10,12, 3, 5,18)( 2,14,16, 6, 8,21)( 4,17,19, 9,11,23)( 7,20,22,13,15,24)", "to": "( 1,21, 4,24)( 2,23, 7,18)( 3,16, 9,22)( 5,14,11,20)( 6,19,13,12)( 8,17,15,10)", "weight": 1}, {"from": "( 1,10,12, 3, 5,18)( 2,14,16, 6, 8,21)( 4,17,19, 9,11,23)( 7,20,22,13,15,24)", "to": "( 1,22, 4,16)( 2,12, 7,19)( 3,24, 9,21)( 5,15,11, 8)( 6,18,13,23)(10,20,17,14)", "weight": 1}, {"from": "( 1,10,12, 3, 5,18)( 2,14,16, 6, 8,21)( 4,17,19, 9,11,23)( 7,20,22,13,15,24)", "to": "( 1,24, 4,21)( 2,18, 7,23)( 3,22, 9,16)( 5,20,11,14)( 6,12,13,19)( 8,10,15,17)", "weight": 1}, {"from": "( 1,14, 4,20)( 2,17, 7,10)( 3, 8, 9,15)( 5, 6,11,13)(12,21,19,24)(16,23,22,18)", "to": "( 1, 7, 4, 2)( 3,13, 9, 6)( 5,22,11,16)( 8,12,15,19)(10,24,17,21)(14,18,20,23)", "weight": 1}, {"from": "( 1,14, 4,20)( 2,17, 7,10)( 3, 8, 9,15)( 5, 6,11,13)(12,21,19,24)(16,23,22,18)", "to": "( 1,16, 4,22)( 2,19, 7,12)( 3,21, 9,24)( 5, 8,11,15)( 6,23,13,18)(10,14,17,20)", "weight": 1}, {"from": "( 1,14, 4,20)( 2,17, 7,10)( 3, 8, 9,15)( 5, 6,11,13)(12,21,19,24)(16,23,22,18)", "to": "( 1,17,12, 9, 5,23)( 2,20,16,13, 8,24)( 3,11,18, 4,10,19)( 6,15,21, 7,14,22)", "weight": 1}, {"from": "( 1,14, 4,20)( 2,17, 7,10)( 3, 8, 9,15)( 5, 6,11,13)(12,21,19,24)(16,23,22,18)", "to": "( 1,18, 5, 3,12,10)( 2,21, 8, 6,16,14)( 4,23,11, 9,19,17)( 7,24,15,13,22,20)", "weight": 1}, {"from": "( 1,14, 4,20)( 2,17, 7,10)( 3, 8, 9,15)( 5, 6,11,13)(12,21,19,24)(16,23,22,18)", "to": "( 1,22, 4,16)( 2,12, 7,19)( 3,24, 9,21)( 5,15,11, 8)( 6,18,13,23)(10,20,17,14)", "weight": 1}, {"from": "( 1,14, 4,20)( 2,17, 7,10)( 3, 8, 9,15)( 5, 6,11,13)(12,21,19,24)(16,23,22,18)", "to": "( 1,23, 5, 9,12,17)( 2,24, 8,13,16,20)( 3,19,10, 4,18,11)( 6,22,14, 7,21,15)", "weight": 1}, {"from": "( 1,17,12, 9, 5,23)( 2,20,16,13, 8,24)( 3,11,18, 4,10,19)( 6,15,21, 7,14,22)", "to": "( 1, 6, 4,13)( 2, 9, 7, 3)( 5,21,11,24)( 8,23,15,18)(10,16,17,22)(12,14,19,20)", "weight": 1}, {"from": "( 1,17,12, 9, 5,23)( 2,20,16,13, 8,24)( 3,11,18, 4,10,19)( 6,15,21, 7,14,22)", "to": "( 1, 7, 4, 2)( 3,13, 9, 6)( 5,22,11,16)( 8,12,15,19)(10,24,17,21)(14,18,20,23)", "weight": 1}, {"from": "( 1,17,12, 9, 5,23)( 2,20,16,13, 8,24)( 3,11,18, 4,10,19)( 6,15,21, 7,14,22)", "to": "( 1, 8, 4,15)( 2,11, 7, 5)( 3,14, 9,20)( 6,17,13,10)(12,16,19,22)(18,21,23,24)", "weight": 1}, {"from": "( 1,17,12, 9, 5,23)( 2,20,16,13, 8,24)( 3,11,18, 4,10,19)( 6,15,21, 7,14,22)", "to": "( 1,13, 4, 6)( 2, 3, 7, 9)( 5,24,11,21)( 8,18,15,23)(10,22,17,16)(12,20,19,14)", "weight": 1}, {"from": "( 1,17,12, 9, 5,23)( 2,20,16,13, 8,24)( 3,11,18, 4,10,19)( 6,15,21, 7,14,22)", "to": "( 1,15, 4, 8)( 2, 5, 7,11)( 3,20, 9,14)( 6,10,13,17)(12,22,19,16)(18,24,23,21)", "weight": 1}, {"from": "( 1,17,12, 9, 5,23)( 2,20,16,13, 8,24)( 3,11,18, 4,10,19)( 6,15,21, 7,14,22)", "to": "( 1,16, 4,22)( 2,19, 7,12)( 3,21, 9,24)( 5, 8,11,15)( 6,23,13,18)(10,14,17,20)", "weight": 1}, {"from": "( 1,17,12, 9, 5,23)( 2,20,16,13, 8,24)( 3,11,18, 4,10,19)( 6,15,21, 7,14,22)", "to": "( 1,20, 4,14)( 2,10, 7,17)( 3,15, 9, 8)( 5,13,11, 6)(12,24,19,21)(16,18,22,23)", "weight": 1}, {"from": "( 1,17,12, 9, 5,23)( 2,20,16,13, 8,24)( 3,11,18, 4,10,19)( 6,15,21, 7,14,22)", "to": "( 1,21, 4,24)( 2,23, 7,18)( 3,16, 9,22)( 5,14,11,20)( 6,19,13,12)( 8,17,15,10)", "weight": 1}, {"from": "( 1,17,12, 9, 5,23)( 2,20,16,13, 8,24)( 3,11,18, 4,10,19)( 6,15,21, 7,14,22)", "to": "( 1,22, 4,16)( 2,12, 7,19)( 3,24, 9,21)( 5,15,11, 8)( 6,18,13,23)(10,20,17,14)", "weight": 1}, {"from": "( 1,17,12, 9, 5,23)( 2,20,16,13, 8,24)( 3,11,18, 4,10,19)( 6,15,21, 7,14,22)", "to": "( 1,24, 4,21)( 2,18, 7,23)( 3,22, 9,16)( 5,20,11,14)( 6,12,13,19)( 8,10,15,17)", "weight": 1}, {"from": "( 1,18, 5, 3,12,10)( 2,21, 8, 6,16,14)( 4,23,11, 9,19,17)( 7,24,15,13,22,20)", "to": "( 1, 6, 4,13)( 2, 9, 7, 3)( 5,21,11,24)( 8,23,15,18)(10,16,17,22)(12,14,19,20)", "weight": 1}, {"from": "( 1,18, 5, 3,12,10)( 2,21, 8, 6,16,14)( 4,23,11, 9,19,17)( 7,24,15,13,22,20)", "to": "( 1, 7, 4, 2)( 3,13, 9, 6)( 5,22,11,16)( 8,12,15,19)(10,24,17,21)(14,18,20,23)", "weight": 1}, {"from": "( 1,18, 5, 3,12,10)( 2,21, 8, 6,16,14)( 4,23,11, 9,19,17)( 7,24,15,13,22,20)", "to": "( 1, 8, 4,15)( 2,11, 7, 5)( 3,14, 9,20)( 6,17,13,10)(12,16,19,22)(18,21,23,24)", "weight": 1}, {"from": "( 1,18, 5, 3,12,10)( 2,21, 8, 6,16,14)( 4,23,11, 9,19,17)( 7,24,15,13,22,20)", "to": "( 1,13, 4, 6)( 2, 3, 7, 9)( 5,24,11,21)( 8,18,15,23)(10,22,17,16)(12,20,19,14)", "weight": 1}, {"from": "( 1,18, 5, 3,12,10)( 2,21, 8, 6,16,14)( 4,23,11, 9,19,17)( 7,24,15,13,22,20)", "to": "( 1,15, 4, 8)( 2, 5, 7,11)( 3,20, 9,14)( 6,10,13,17)(12,22,19,16)(18,24,23,21)", "weight": 1}, {"from": "( 1,18, 5, 3,12,10)( 2,21, 8, 6,16,14)( 4,23,11, 9,19,17)( 7,24,15,13,22,20)", "to": "( 1,16, 4,22)( 2,19, 7,12)( 3,21, 9,24)( 5, 8,11,15)( 6,23,13,18)(10,14,17,20)", "weight": 1}, {"from": "( 1,18, 5, 3,12,10)( 2,21, 8, 6,16,14)( 4,23,11, 9,19,17)( 7,24,15,13,22,20)", "to": "( 1,20, 4,14)( 2,10, 7,17)( 3,15, 9, 8)( 5,13,11, 6)(12,24,19,21)(16,18,22,23)", "weight": 1}, {"from": "( 1,18, 5, 3,12,10)( 2,21, 8, 6,16,14)( 4,23,11, 9,19,17)( 7,24,15,13,22,20)", "to": "( 1,21, 4,24)( 2,23, 7,18)( 3,16, 9,22)( 5,14,11,20)( 6,19,13,12)( 8,17,15,10)", "weight": 1}, {"from": "( 1,18, 5, 3,12,10)( 2,21, 8, 6,16,14)( 4,23,11, 9,19,17)( 7,24,15,13,22,20)", "to": "( 1,22, 4,16)( 2,12, 7,19)( 3,24, 9,21)( 5,15,11, 8)( 6,18,13,23)(10,20,17,14)", "weight": 1}, {"from": "( 1,18, 5, 3,12,10)( 2,21, 8, 6,16,14)( 4,23,11, 9,19,17)( 7,24,15,13,22,20)", "to": "( 1,24, 4,21)( 2,18, 7,23)( 3,22, 9,16)( 5,20,11,14)( 6,12,13,19)( 8,10,15,17)", "weight": 1}, {"from": "( 1,20, 4,14)( 2,10, 7,17)( 3,15, 9, 8)( 5,13,11, 6)(12,24,19,21)(16,18,22,23)", "to": "( 1, 7, 4, 2)( 3,13, 9, 6)( 5,22,11,16)( 8,12,15,19)(10,24,17,21)(14,18,20,23)", "weight": 1}, {"from": "( 1,20, 4,14)( 2,10, 7,17)( 3,15, 9, 8)( 5,13,11, 6)(12,24,19,21)(16,18,22,23)", "to": "( 1,16, 4,22)( 2,19, 7,12)( 3,21, 9,24)( 5, 8,11,15)( 6,23,13,18)(10,14,17,20)", "weight": 1}, {"from": "( 1,20, 4,14)( 2,10, 7,17)( 3,15, 9, 8)( 5,13,11, 6)(12,24,19,21)(16,18,22,23)", "to": "( 1,22, 4,16)( 2,12, 7,19)( 3,24, 9,21)( 5,15,11, 8)( 6,18,13,23)(10,20,17,14)", "weight": 1}, {"from": "( 1,20, 4,14)( 2,10, 7,17)( 3,15, 9, 8)( 5,13,11, 6)(12,24,19,21)(16,18,22,23)", "to": "( 1,23, 5, 9,12,17)( 2,24, 8,13,16,20)( 3,19,10, 4,18,11)( 6,22,14, 7,21,15)", "weight": 1}, {"from": "( 1,21, 4,24)( 2,23, 7,18)( 3,16, 9,22)( 5,14,11,20)( 6,19,13,12)( 8,17,15,10)", "to": "( 1, 7, 4, 2)( 3,13, 9, 6)( 5,22,11,16)( 8,12,15,19)(10,24,17,21)(14,18,20,23)", "weight": 1}, {"from": "( 1,21, 4,24)( 2,23, 7,18)( 3,16, 9,22)( 5,14,11,20)( 6,19,13,12)( 8,17,15,10)", "to": "( 1, 8, 4,15)( 2,11, 7, 5)( 3,14, 9,20)( 6,17,13,10)(12,16,19,22)(18,21,23,24)", "weight": 1}, {"from": "( 1,21, 4,24)( 2,23, 7,18)( 3,16, 9,22)( 5,14,11,20)( 6,19,13,12)( 8,17,15,10)", "to": "( 1,15, 4, 8)( 2, 5, 7,11)( 3,20, 9,14)( 6,10,13,17)(12,22,19,16)(18,24,23,21)", "weight": 1}, {"from": "( 1,21, 4,24)( 2,23, 7,18)( 3,16, 9,22)( 5,14,11,20)( 6,19,13,12)( 8,17,15,10)", "to": "( 1,23, 5, 9,12,17)( 2,24, 8,13,16,20)( 3,19,10, 4,18,11)( 6,22,14, 7,21,15)", "weight": 1}, {"from": "( 1,23, 5, 9,12,17)( 2,24, 8,13,16,20)( 3,19,10, 4,18,11)( 6,22,14, 7,21,15)", "to": "( 1, 6, 4,13)( 2, 9, 7, 3)( 5,21,11,24)( 8,23,15,18)(10,16,17,22)(12,14,19,20)", "weight": 1}, {"from": "( 1,23, 5, 9,12,17)( 2,24, 8,13,16,20)( 3,19,10, 4,18,11)( 6,22,14, 7,21,15)", "to": "( 1, 7, 4, 2)( 3,13, 9, 6)( 5,22,11,16)( 8,12,15,19)(10,24,17,21)(14,18,20,23)", "weight": 1}, {"from": "( 1,23, 5, 9,12,17)( 2,24, 8,13,16,20)( 3,19,10, 4,18,11)( 6,22,14, 7,21,15)", "to": "( 1, 8, 4,15)( 2,11, 7, 5)( 3,14, 9,20)( 6,17,13,10)(12,16,19,22)(18,21,23,24)", "weight": 1}, {"from": "( 1,23, 5, 9,12,17)( 2,24, 8,13,16,20)( 3,19,10, 4,18,11)( 6,22,14, 7,21,15)", "to": "( 1,13, 4, 6)( 2, 3, 7, 9)( 5,24,11,21)( 8,18,15,23)(10,22,17,16)(12,20,19,14)", "weight": 1}, {"from": "( 1,23, 5, 9,12,17)( 2,24, 8,13,16,20)( 3,19,10, 4,18,11)( 6,22,14, 7,21,15)", "to": "( 1,15, 4, 8)( 2, 5, 7,11)( 3,20, 9,14)( 6,10,13,17)(12,22,19,16)(18,24,23,21)", "weight": 1}, {"from": "( 1,23, 5, 9,12,17)( 2,24, 8,13,16,20)( 3,19,10, 4,18,11)( 6,22,14, 7,21,15)", "to": "( 1,16, 4,22)( 2,19, 7,12)( 3,21, 9,24)( 5, 8,11,15)( 6,23,13,18)(10,14,17,20)", "weight": 1}, {"from": "( 1,23, 5, 9,12,17)( 2,24, 8,13,16,20)( 3,19,10, 4,18,11)( 6,22,14, 7,21,15)", "to": "( 1,22, 4,16)( 2,12, 7,19)( 3,24, 9,21)( 5,15,11, 8)( 6,18,13,23)(10,20,17,14)", "weight": 1}, {"from": "( 1,23, 5, 9,12,17)( 2,24, 8,13,16,20)( 3,19,10, 4,18,11)( 6,22,14, 7,21,15)", "to": "( 1,24, 4,21)( 2,18, 7,23)( 3,22, 9,16)( 5,20,11,14)( 6,12,13,19)( 8,10,15,17)", "weight": 1}, {"from": "( 1,24, 4,21)( 2,18, 7,23)( 3,22, 9,16)( 5,20,11,14)( 6,12,13,19)( 8,10,15,17)", "to": "( 1, 7, 4, 2)( 3,13, 9, 6)( 5,22,11,16)( 8,12,15,19)(10,24,17,21)(14,18,20,23)", "weight": 1}, {"from": "( 1,24, 4,21)( 2,18, 7,23)( 3,22, 9,16)( 5,20,11,14)( 6,12,13,19)( 8,10,15,17)", "to": "( 1, 8, 4,15)( 2,11, 7, 5)( 3,14, 9,20)( 6,17,13,10)(12,16,19,22)(18,21,23,24)", "weight": 1}, {"from": "( 1,24, 4,21)( 2,18, 7,23)( 3,22, 9,16)( 5,20,11,14)( 6,12,13,19)( 8,10,15,17)", "to": "( 1,15, 4, 8)( 2, 5, 7,11)( 3,20, 9,14)( 6,10,13,17)(12,22,19,16)(18,24,23,21)", "weight": 1}, {"from": "( 1, 6, 4,13)( 2, 9, 7, 3)( 5,21,11,24)( 8,23,15,18)(10,16,17,22)(12,14,19,20)", "to": "( 1, 8, 4,15)( 2,11, 7, 5)( 3,14, 9,20)( 6,17,13,10)(12,16,19,22)(18,21,23,24)", "weight": 1}, {"from": "( 1, 6, 4,13)( 2, 9, 7, 3)( 5,21,11,24)( 8,23,15,18)(10,16,17,22)(12,14,19,20)", "to": "( 1,15, 4, 8)( 2, 5, 7,11)( 3,20, 9,14)( 6,10,13,17)(12,22,19,16)(18,24,23,21)", "weight": 1}, {"from": "( 1, 6, 4,13)( 2, 9, 7, 3)( 5,21,11,24)( 8,23,15,18)(10,16,17,22)(12,14,19,20)", "to": "( 1,16, 4,22)( 2,19, 7,12)( 3,21, 9,24)( 5, 8,11,15)( 6,23,13,18)(10,14,17,20)", "weight": 1}, {"from": "( 1, 6, 4,13)( 2, 9, 7, 3)( 5,21,11,24)( 8,23,15,18)(10,16,17,22)(12,14,19,20)", "to": "( 1,22, 4,16)( 2,12, 7,19)( 3,24, 9,21)( 5,15,11, 8)( 6,18,13,23)(10,20,17,14)", "weight": 1}, {"from": "( 1, 8, 4,15)( 2,11, 7, 5)( 3,14, 9,20)( 6,17,13,10)(12,16,19,22)(18,21,23,24)", "to": "( 1,13, 4, 6)( 2, 3, 7, 9)( 5,24,11,21)( 8,18,15,23)(10,22,17,16)(12,20,19,14)", "weight": 1}, {"from": "( 1,15, 4, 8)( 2, 5, 7,11)( 3,20, 9,14)( 6,10,13,17)(12,22,19,16)(18,24,23,21)", "to": "( 1,13, 4, 6)( 2, 3, 7, 9)( 5,24,11,21)( 8,18,15,23)(10,22,17,16)(12,20,19,14)", "weight": 1}, {"from": "( 1,16, 4,22)( 2,19, 7,12)( 3,21, 9,24)( 5, 8,11,15)( 6,23,13,18)(10,14,17,20)", "to": "( 1,13, 4, 6)( 2, 3, 7, 9)( 5,24,11,21)( 8,18,15,23)(10,22,17,16)(12,20,19,14)", "weight": 1}, {"from": "( 1,22, 4,16)( 2,12, 7,19)( 3,24, 9,21)( 5,15,11, 8)( 6,18,13,23)(10,20,17,14)", "to": "( 1,13, 4, 6)( 2, 3, 7, 9)( 5,24,11,21)( 8,18,15,23)(10,22,17,16)(12,20,19,14)", "weight": 1}]);

        // adding nodes and edges to the graph
        data = {nodes: nodes, edges: edges};

        var options = {
    "configure": {
        "enabled": true
    },
    "edges": {
        "color": {
            "inherit": true
        },
        "smooth": {
            "enabled": false,
            "type": "continuous"
        }
    },
    "interaction": {
        "dragNodes": true,
        "hideEdgesOnDrag": false,
        "hideNodesOnDrag": false
    },
    "physics": {
        "enabled": true,
        "stabilization": {
            "enabled": true,
            "fit": true,
            "iterations": 1000,
            "onlyDynamicEdges": false,
            "updateInterval": 50
        }
    }
};
        
        

        
        // if this network requires displaying the configure window,
        // put it in its div
        options.configure["container"] = document.getElementById("config");
        

        network = new vis.Network(container, data, options);
	 
        


        

        return network;

    }

    drawGraph();

</script>
</body>
</html>