<html>
<head>
<link rel="stylesheet" href="https://cdnjs.cloudflare.com/ajax/libs/vis/4.16.1/vis.css" type="text/css" />
<script type="text/javascript" src="https://cdnjs.cloudflare.com/ajax/libs/vis/4.16.1/vis-network.min.js"> </script>
<center>
<h1></h1>
</center>

<!-- <link rel="stylesheet" href="../node_modules/vis/dist/vis.min.css" type="text/css" />
<script type="text/javascript" src="../node_modules/vis/dist/vis.js"> </script>-->

<style type="text/css">

        #mynetwork {
            width: 80%;
            height: 1000px;
            background-color: #ffffff;
            border: 1px solid lightgray;
            position: relative;
            float: left;
        }

        

        
        #config {
            float: left;
            width: 400px;
            height: 600px;
        }
        

        
</style>

</head>

<body>
<div id = "mynetwork"></div>


<div id = "config"></div>

<script type="text/javascript">

    // initialize global variables.
    var edges;
    var nodes;
    var network; 
    var container;
    var options, data;

    
    // This method is responsible for drawing the graph, returns the drawn network
    function drawGraph() {
        var container = document.getElementById('mynetwork');
        
        

        // parsing and collecting nodes and edges from the python
        nodes = new vis.DataSet([{"id": "( 1, 2, 3, 5)( 4,26, 7,28)( 6,27, 9,24)( 8,22,11,25)(10,23,13,20)(12,18,15,21)\n(14,19,17,16)", "label": "( 1, 2, 3, 5)( 4,26, 7,28)( 6,27, 9,24)( 8,22,11,25)(10,23,13,20)(12,18,15,21)\n(14,19,17,16)", "shape": "dot", "size": 10}, {"id": "( 1, 4, 8,12,16,20,24)( 2, 6,10,14,18,22,26)( 3, 7,11,15,19,23,27)\n( 5, 9,13,17,21,25,28)", "label": "( 1, 4, 8,12,16,20,24)( 2, 6,10,14,18,22,26)( 3, 7,11,15,19,23,27)\n( 5, 9,13,17,21,25,28)", "shape": "dot", "size": 10}, {"id": "( 1, 6, 3, 9)( 2, 7, 5, 4)( 8,26,11,28)(10,27,13,24)(12,22,15,25)(14,23,17,20)\n(16,18,19,21)", "label": "( 1, 6, 3, 9)( 2, 7, 5, 4)( 8,26,11,28)(10,27,13,24)(12,22,15,25)(14,23,17,20)\n(16,18,19,21)", "shape": "dot", "size": 10}, {"id": "( 1, 7, 8,15,16,23,24, 3, 4,11,12,19,20,27)( 2, 9,10,17,18,25,26, 5, 6,13,14,\n 21,22,28)", "label": "( 1, 7, 8,15,16,23,24, 3, 4,11,12,19,20,27)( 2, 9,10,17,18,25,26, 5, 6,13,14,\n 21,22,28)", "shape": "dot", "size": 10}, {"id": "( 1, 8,16,24, 4,12,20)( 2,10,18,26, 6,14,22)( 3,11,19,27, 7,15,23)\n( 5,13,21,28, 9,17,25)", "label": "( 1, 8,16,24, 4,12,20)( 2,10,18,26, 6,14,22)( 3,11,19,27, 7,15,23)\n( 5,13,21,28, 9,17,25)", "shape": "dot", "size": 10}, {"id": "( 1, 9, 3, 6)( 2, 4, 5, 7)( 8,28,11,26)(10,24,13,27)(12,25,15,22)(14,20,17,23)\n(16,21,19,18)", "label": "( 1, 9, 3, 6)( 2, 4, 5, 7)( 8,28,11,26)(10,24,13,27)(12,25,15,22)(14,20,17,23)\n(16,21,19,18)", "shape": "dot", "size": 10}, {"id": "( 1,10, 3,13)( 2,11, 5, 8)( 4, 6, 7, 9)(12,26,15,28)(14,27,17,24)(16,22,19,25)\n(18,23,21,20)", "label": "( 1,10, 3,13)( 2,11, 5, 8)( 4, 6, 7, 9)(12,26,15,28)(14,27,17,24)(16,22,19,25)\n(18,23,21,20)", "shape": "dot", "size": 10}, {"id": "( 1,11,16,27, 4,15,20, 3, 8,19,24, 7,12,23)( 2,13,18,28, 6,17,22, 5,10,21,26,\n  9,14,25)", "label": "( 1,11,16,27, 4,15,20, 3, 8,19,24, 7,12,23)( 2,13,18,28, 6,17,22, 5,10,21,26,\n  9,14,25)", "shape": "dot", "size": 10}, {"id": "( 1,12,24, 8,20, 4,16)( 2,14,26,10,22, 6,18)( 3,15,27,11,23, 7,19)\n( 5,17,28,13,25, 9,21)", "label": "( 1,12,24, 8,20, 4,16)( 2,14,26,10,22, 6,18)( 3,15,27,11,23, 7,19)\n( 5,17,28,13,25, 9,21)", "shape": "dot", "size": 10}, {"id": "( 1,13, 3,10)( 2, 8, 5,11)( 4, 9, 7, 6)(12,28,15,26)(14,24,17,27)(16,25,19,22)\n(18,20,21,23)", "label": "( 1,13, 3,10)( 2, 8, 5,11)( 4, 9, 7, 6)(12,28,15,26)(14,24,17,27)(16,25,19,22)\n(18,20,21,23)", "shape": "dot", "size": 10}, {"id": "( 1,14, 3,17)( 2,15, 5,12)( 4,10, 7,13)( 6,11, 9, 8)(16,26,19,28)(18,27,21,24)\n(20,22,23,25)", "label": "( 1,14, 3,17)( 2,15, 5,12)( 4,10, 7,13)( 6,11, 9, 8)(16,26,19,28)(18,27,21,24)\n(20,22,23,25)", "shape": "dot", "size": 10}, {"id": "( 1,15,24,11,20, 7,16, 3,12,27, 8,23, 4,19)( 2,17,26,13,22, 9,18, 5,14,28,10,\n 25, 6,21)", "label": "( 1,15,24,11,20, 7,16, 3,12,27, 8,23, 4,19)( 2,17,26,13,22, 9,18, 5,14,28,10,\n 25, 6,21)", "shape": "dot", "size": 10}, {"id": "( 1,16, 4,20, 8,24,12)( 2,18, 6,22,10,26,14)( 3,19, 7,23,11,27,15)\n( 5,21, 9,25,13,28,17)", "label": "( 1,16, 4,20, 8,24,12)( 2,18, 6,22,10,26,14)( 3,19, 7,23,11,27,15)\n( 5,21, 9,25,13,28,17)", "shape": "dot", "size": 10}, {"id": "( 1,17, 3,14)( 2,12, 5,15)( 4,13, 7,10)( 6, 8, 9,11)(16,28,19,26)(18,24,21,27)\n(20,25,23,22)", "label": "( 1,17, 3,14)( 2,12, 5,15)( 4,13, 7,10)( 6, 8, 9,11)(16,28,19,26)(18,24,21,27)\n(20,25,23,22)", "shape": "dot", "size": 10}, {"id": "( 1,18, 3,21)( 2,19, 5,16)( 4,14, 7,17)( 6,15, 9,12)( 8,10,11,13)(20,26,23,28)\n(22,27,25,24)", "label": "( 1,18, 3,21)( 2,19, 5,16)( 4,14, 7,17)( 6,15, 9,12)( 8,10,11,13)(20,26,23,28)\n(22,27,25,24)", "shape": "dot", "size": 10}, {"id": "( 1,19, 4,23, 8,27,12, 3,16, 7,20,11,24,15)( 2,21, 6,25,10,28,14, 5,18, 9,22,\n 13,26,17)", "label": "( 1,19, 4,23, 8,27,12, 3,16, 7,20,11,24,15)( 2,21, 6,25,10,28,14, 5,18, 9,22,\n 13,26,17)", "shape": "dot", "size": 10}, {"id": "( 1,20,12, 4,24,16, 8)( 2,22,14, 6,26,18,10)( 3,23,15, 7,27,19,11)\n( 5,25,17, 9,28,21,13)", "label": "( 1,20,12, 4,24,16, 8)( 2,22,14, 6,26,18,10)( 3,23,15, 7,27,19,11)\n( 5,25,17, 9,28,21,13)", "shape": "dot", "size": 10}, {"id": "( 1,21, 3,18)( 2,16, 5,19)( 4,17, 7,14)( 6,12, 9,15)( 8,13,11,10)(20,28,23,26)\n(22,24,25,27)", "label": "( 1,21, 3,18)( 2,16, 5,19)( 4,17, 7,14)( 6,12, 9,15)( 8,13,11,10)(20,28,23,26)\n(22,24,25,27)", "shape": "dot", "size": 10}, {"id": "( 1,22, 3,25)( 2,23, 5,20)( 4,18, 7,21)( 6,19, 9,16)( 8,14,11,17)(10,15,13,12)\n(24,26,27,28)", "label": "( 1,22, 3,25)( 2,23, 5,20)( 4,18, 7,21)( 6,19, 9,16)( 8,14,11,17)(10,15,13,12)\n(24,26,27,28)", "shape": "dot", "size": 10}, {"id": "( 1,23,12, 7,24,19, 8, 3,20,15, 4,27,16,11)( 2,25,14, 9,26,21,10, 5,22,17, 6,\n 28,18,13)", "label": "( 1,23,12, 7,24,19, 8, 3,20,15, 4,27,16,11)( 2,25,14, 9,26,21,10, 5,22,17, 6,\n 28,18,13)", "shape": "dot", "size": 10}, {"id": "( 1,24,20,16,12, 8, 4)( 2,26,22,18,14,10, 6)( 3,27,23,19,15,11, 7)\n( 5,28,25,21,17,13, 9)", "label": "( 1,24,20,16,12, 8, 4)( 2,26,22,18,14,10, 6)( 3,27,23,19,15,11, 7)\n( 5,28,25,21,17,13, 9)", "shape": "dot", "size": 10}, {"id": "( 1,25, 3,22)( 2,20, 5,23)( 4,21, 7,18)( 6,16, 9,19)( 8,17,11,14)(10,12,13,15)\n(24,28,27,26)", "label": "( 1,25, 3,22)( 2,20, 5,23)( 4,21, 7,18)( 6,16, 9,19)( 8,17,11,14)(10,12,13,15)\n(24,28,27,26)", "shape": "dot", "size": 10}, {"id": "( 1,26, 3,28)( 2,27, 5,24)( 4,22, 7,25)( 6,23, 9,20)( 8,18,11,21)(10,19,13,16)\n(12,14,15,17)", "label": "( 1,26, 3,28)( 2,27, 5,24)( 4,22, 7,25)( 6,23, 9,20)( 8,18,11,21)(10,19,13,16)\n(12,14,15,17)", "shape": "dot", "size": 10}, {"id": "( 1,27,20,19,12,11, 4, 3,24,23,16,15, 8, 7)( 2,28,22,21,14,13, 6, 5,26,25,18,\n 17,10, 9)", "label": "( 1,27,20,19,12,11, 4, 3,24,23,16,15, 8, 7)( 2,28,22,21,14,13, 6, 5,26,25,18,\n 17,10, 9)", "shape": "dot", "size": 10}, {"id": "( 1,28, 3,26)( 2,24, 5,27)( 4,25, 7,22)( 6,20, 9,23)( 8,21,11,18)(10,16,13,19)\n(12,17,15,14)", "label": "( 1,28, 3,26)( 2,24, 5,27)( 4,25, 7,22)( 6,20, 9,23)( 8,21,11,18)(10,16,13,19)\n(12,17,15,14)", "shape": "dot", "size": 10}, {"id": "( 1, 5, 3, 2)( 4,28, 7,26)( 6,24, 9,27)( 8,25,11,22)(10,20,13,23)(12,21,15,18)\n(14,16,17,19)", "label": "( 1, 5, 3, 2)( 4,28, 7,26)( 6,24, 9,27)( 8,25,11,22)(10,20,13,23)(12,21,15,18)\n(14,16,17,19)", "shape": "dot", "size": 10}]);
        edges = new vis.DataSet([{"from": "( 1, 2, 3, 5)( 4,26, 7,28)( 6,27, 9,24)( 8,22,11,25)(10,23,13,20)(12,18,15,21)\n(14,19,17,16)", "to": "( 1, 4, 8,12,16,20,24)( 2, 6,10,14,18,22,26)( 3, 7,11,15,19,23,27)\n( 5, 9,13,17,21,25,28)", "weight": 1}, {"from": "( 1, 2, 3, 5)( 4,26, 7,28)( 6,27, 9,24)( 8,22,11,25)(10,23,13,20)(12,18,15,21)\n(14,19,17,16)", "to": "( 1, 6, 3, 9)( 2, 7, 5, 4)( 8,26,11,28)(10,27,13,24)(12,22,15,25)(14,23,17,20)\n(16,18,19,21)", "weight": 1}, {"from": "( 1, 2, 3, 5)( 4,26, 7,28)( 6,27, 9,24)( 8,22,11,25)(10,23,13,20)(12,18,15,21)\n(14,19,17,16)", "to": "( 1, 7, 8,15,16,23,24, 3, 4,11,12,19,20,27)( 2, 9,10,17,18,25,26, 5, 6,13,14,\n 21,22,28)", "weight": 1}, {"from": "( 1, 2, 3, 5)( 4,26, 7,28)( 6,27, 9,24)( 8,22,11,25)(10,23,13,20)(12,18,15,21)\n(14,19,17,16)", "to": "( 1, 8,16,24, 4,12,20)( 2,10,18,26, 6,14,22)( 3,11,19,27, 7,15,23)\n( 5,13,21,28, 9,17,25)", "weight": 1}, {"from": "( 1, 2, 3, 5)( 4,26, 7,28)( 6,27, 9,24)( 8,22,11,25)(10,23,13,20)(12,18,15,21)\n(14,19,17,16)", "to": "( 1, 9, 3, 6)( 2, 4, 5, 7)( 8,28,11,26)(10,24,13,27)(12,25,15,22)(14,20,17,23)\n(16,21,19,18)", "weight": 1}, {"from": "( 1, 2, 3, 5)( 4,26, 7,28)( 6,27, 9,24)( 8,22,11,25)(10,23,13,20)(12,18,15,21)\n(14,19,17,16)", "to": "( 1,10, 3,13)( 2,11, 5, 8)( 4, 6, 7, 9)(12,26,15,28)(14,27,17,24)(16,22,19,25)\n(18,23,21,20)", "weight": 1}, {"from": "( 1, 2, 3, 5)( 4,26, 7,28)( 6,27, 9,24)( 8,22,11,25)(10,23,13,20)(12,18,15,21)\n(14,19,17,16)", "to": "( 1,11,16,27, 4,15,20, 3, 8,19,24, 7,12,23)( 2,13,18,28, 6,17,22, 5,10,21,26,\n  9,14,25)", "weight": 1}, {"from": "( 1, 2, 3, 5)( 4,26, 7,28)( 6,27, 9,24)( 8,22,11,25)(10,23,13,20)(12,18,15,21)\n(14,19,17,16)", "to": "( 1,12,24, 8,20, 4,16)( 2,14,26,10,22, 6,18)( 3,15,27,11,23, 7,19)\n( 5,17,28,13,25, 9,21)", "weight": 1}, {"from": "( 1, 2, 3, 5)( 4,26, 7,28)( 6,27, 9,24)( 8,22,11,25)(10,23,13,20)(12,18,15,21)\n(14,19,17,16)", "to": "( 1,13, 3,10)( 2, 8, 5,11)( 4, 9, 7, 6)(12,28,15,26)(14,24,17,27)(16,25,19,22)\n(18,20,21,23)", "weight": 1}, {"from": "( 1, 2, 3, 5)( 4,26, 7,28)( 6,27, 9,24)( 8,22,11,25)(10,23,13,20)(12,18,15,21)\n(14,19,17,16)", "to": "( 1,14, 3,17)( 2,15, 5,12)( 4,10, 7,13)( 6,11, 9, 8)(16,26,19,28)(18,27,21,24)\n(20,22,23,25)", "weight": 1}, {"from": "( 1, 2, 3, 5)( 4,26, 7,28)( 6,27, 9,24)( 8,22,11,25)(10,23,13,20)(12,18,15,21)\n(14,19,17,16)", "to": "( 1,15,24,11,20, 7,16, 3,12,27, 8,23, 4,19)( 2,17,26,13,22, 9,18, 5,14,28,10,\n 25, 6,21)", "weight": 1}, {"from": "( 1, 2, 3, 5)( 4,26, 7,28)( 6,27, 9,24)( 8,22,11,25)(10,23,13,20)(12,18,15,21)\n(14,19,17,16)", "to": "( 1,16, 4,20, 8,24,12)( 2,18, 6,22,10,26,14)( 3,19, 7,23,11,27,15)\n( 5,21, 9,25,13,28,17)", "weight": 1}, {"from": "( 1, 2, 3, 5)( 4,26, 7,28)( 6,27, 9,24)( 8,22,11,25)(10,23,13,20)(12,18,15,21)\n(14,19,17,16)", "to": "( 1,17, 3,14)( 2,12, 5,15)( 4,13, 7,10)( 6, 8, 9,11)(16,28,19,26)(18,24,21,27)\n(20,25,23,22)", "weight": 1}, {"from": "( 1, 2, 3, 5)( 4,26, 7,28)( 6,27, 9,24)( 8,22,11,25)(10,23,13,20)(12,18,15,21)\n(14,19,17,16)", "to": "( 1,18, 3,21)( 2,19, 5,16)( 4,14, 7,17)( 6,15, 9,12)( 8,10,11,13)(20,26,23,28)\n(22,27,25,24)", "weight": 1}, {"from": "( 1, 2, 3, 5)( 4,26, 7,28)( 6,27, 9,24)( 8,22,11,25)(10,23,13,20)(12,18,15,21)\n(14,19,17,16)", "to": "( 1,19, 4,23, 8,27,12, 3,16, 7,20,11,24,15)( 2,21, 6,25,10,28,14, 5,18, 9,22,\n 13,26,17)", "weight": 1}, {"from": "( 1, 2, 3, 5)( 4,26, 7,28)( 6,27, 9,24)( 8,22,11,25)(10,23,13,20)(12,18,15,21)\n(14,19,17,16)", "to": "( 1,20,12, 4,24,16, 8)( 2,22,14, 6,26,18,10)( 3,23,15, 7,27,19,11)\n( 5,25,17, 9,28,21,13)", "weight": 1}, {"from": "( 1, 2, 3, 5)( 4,26, 7,28)( 6,27, 9,24)( 8,22,11,25)(10,23,13,20)(12,18,15,21)\n(14,19,17,16)", "to": "( 1,21, 3,18)( 2,16, 5,19)( 4,17, 7,14)( 6,12, 9,15)( 8,13,11,10)(20,28,23,26)\n(22,24,25,27)", "weight": 1}, {"from": "( 1, 2, 3, 5)( 4,26, 7,28)( 6,27, 9,24)( 8,22,11,25)(10,23,13,20)(12,18,15,21)\n(14,19,17,16)", "to": "( 1,22, 3,25)( 2,23, 5,20)( 4,18, 7,21)( 6,19, 9,16)( 8,14,11,17)(10,15,13,12)\n(24,26,27,28)", "weight": 1}, {"from": "( 1, 2, 3, 5)( 4,26, 7,28)( 6,27, 9,24)( 8,22,11,25)(10,23,13,20)(12,18,15,21)\n(14,19,17,16)", "to": "( 1,23,12, 7,24,19, 8, 3,20,15, 4,27,16,11)( 2,25,14, 9,26,21,10, 5,22,17, 6,\n 28,18,13)", "weight": 1}, {"from": "( 1, 2, 3, 5)( 4,26, 7,28)( 6,27, 9,24)( 8,22,11,25)(10,23,13,20)(12,18,15,21)\n(14,19,17,16)", "to": "( 1,24,20,16,12, 8, 4)( 2,26,22,18,14,10, 6)( 3,27,23,19,15,11, 7)\n( 5,28,25,21,17,13, 9)", "weight": 1}, {"from": "( 1, 2, 3, 5)( 4,26, 7,28)( 6,27, 9,24)( 8,22,11,25)(10,23,13,20)(12,18,15,21)\n(14,19,17,16)", "to": "( 1,25, 3,22)( 2,20, 5,23)( 4,21, 7,18)( 6,16, 9,19)( 8,17,11,14)(10,12,13,15)\n(24,28,27,26)", "weight": 1}, {"from": "( 1, 2, 3, 5)( 4,26, 7,28)( 6,27, 9,24)( 8,22,11,25)(10,23,13,20)(12,18,15,21)\n(14,19,17,16)", "to": "( 1,26, 3,28)( 2,27, 5,24)( 4,22, 7,25)( 6,23, 9,20)( 8,18,11,21)(10,19,13,16)\n(12,14,15,17)", "weight": 1}, {"from": "( 1, 2, 3, 5)( 4,26, 7,28)( 6,27, 9,24)( 8,22,11,25)(10,23,13,20)(12,18,15,21)\n(14,19,17,16)", "to": "( 1,27,20,19,12,11, 4, 3,24,23,16,15, 8, 7)( 2,28,22,21,14,13, 6, 5,26,25,18,\n 17,10, 9)", "weight": 1}, {"from": "( 1, 2, 3, 5)( 4,26, 7,28)( 6,27, 9,24)( 8,22,11,25)(10,23,13,20)(12,18,15,21)\n(14,19,17,16)", "to": "( 1,28, 3,26)( 2,24, 5,27)( 4,25, 7,22)( 6,20, 9,23)( 8,21,11,18)(10,16,13,19)\n(12,17,15,14)", "weight": 1}, {"from": "( 1, 4, 8,12,16,20,24)( 2, 6,10,14,18,22,26)( 3, 7,11,15,19,23,27)\n( 5, 9,13,17,21,25,28)", "to": "( 1, 5, 3, 2)( 4,28, 7,26)( 6,24, 9,27)( 8,25,11,22)(10,20,13,23)(12,21,15,18)\n(14,16,17,19)", "weight": 1}, {"from": "( 1, 4, 8,12,16,20,24)( 2, 6,10,14,18,22,26)( 3, 7,11,15,19,23,27)\n( 5, 9,13,17,21,25,28)", "to": "( 1, 6, 3, 9)( 2, 7, 5, 4)( 8,26,11,28)(10,27,13,24)(12,22,15,25)(14,23,17,20)\n(16,18,19,21)", "weight": 1}, {"from": "( 1, 4, 8,12,16,20,24)( 2, 6,10,14,18,22,26)( 3, 7,11,15,19,23,27)\n( 5, 9,13,17,21,25,28)", "to": "( 1, 9, 3, 6)( 2, 4, 5, 7)( 8,28,11,26)(10,24,13,27)(12,25,15,22)(14,20,17,23)\n(16,21,19,18)", "weight": 1}, {"from": "( 1, 4, 8,12,16,20,24)( 2, 6,10,14,18,22,26)( 3, 7,11,15,19,23,27)\n( 5, 9,13,17,21,25,28)", "to": "( 1,10, 3,13)( 2,11, 5, 8)( 4, 6, 7, 9)(12,26,15,28)(14,27,17,24)(16,22,19,25)\n(18,23,21,20)", "weight": 1}, {"from": "( 1, 4, 8,12,16,20,24)( 2, 6,10,14,18,22,26)( 3, 7,11,15,19,23,27)\n( 5, 9,13,17,21,25,28)", "to": "( 1,13, 3,10)( 2, 8, 5,11)( 4, 9, 7, 6)(12,28,15,26)(14,24,17,27)(16,25,19,22)\n(18,20,21,23)", "weight": 1}, {"from": "( 1, 4, 8,12,16,20,24)( 2, 6,10,14,18,22,26)( 3, 7,11,15,19,23,27)\n( 5, 9,13,17,21,25,28)", "to": "( 1,14, 3,17)( 2,15, 5,12)( 4,10, 7,13)( 6,11, 9, 8)(16,26,19,28)(18,27,21,24)\n(20,22,23,25)", "weight": 1}, {"from": "( 1, 4, 8,12,16,20,24)( 2, 6,10,14,18,22,26)( 3, 7,11,15,19,23,27)\n( 5, 9,13,17,21,25,28)", "to": "( 1,17, 3,14)( 2,12, 5,15)( 4,13, 7,10)( 6, 8, 9,11)(16,28,19,26)(18,24,21,27)\n(20,25,23,22)", "weight": 1}, {"from": "( 1, 4, 8,12,16,20,24)( 2, 6,10,14,18,22,26)( 3, 7,11,15,19,23,27)\n( 5, 9,13,17,21,25,28)", "to": "( 1,18, 3,21)( 2,19, 5,16)( 4,14, 7,17)( 6,15, 9,12)( 8,10,11,13)(20,26,23,28)\n(22,27,25,24)", "weight": 1}, {"from": "( 1, 4, 8,12,16,20,24)( 2, 6,10,14,18,22,26)( 3, 7,11,15,19,23,27)\n( 5, 9,13,17,21,25,28)", "to": "( 1,21, 3,18)( 2,16, 5,19)( 4,17, 7,14)( 6,12, 9,15)( 8,13,11,10)(20,28,23,26)\n(22,24,25,27)", "weight": 1}, {"from": "( 1, 4, 8,12,16,20,24)( 2, 6,10,14,18,22,26)( 3, 7,11,15,19,23,27)\n( 5, 9,13,17,21,25,28)", "to": "( 1,22, 3,25)( 2,23, 5,20)( 4,18, 7,21)( 6,19, 9,16)( 8,14,11,17)(10,15,13,12)\n(24,26,27,28)", "weight": 1}, {"from": "( 1, 4, 8,12,16,20,24)( 2, 6,10,14,18,22,26)( 3, 7,11,15,19,23,27)\n( 5, 9,13,17,21,25,28)", "to": "( 1,25, 3,22)( 2,20, 5,23)( 4,21, 7,18)( 6,16, 9,19)( 8,17,11,14)(10,12,13,15)\n(24,28,27,26)", "weight": 1}, {"from": "( 1, 4, 8,12,16,20,24)( 2, 6,10,14,18,22,26)( 3, 7,11,15,19,23,27)\n( 5, 9,13,17,21,25,28)", "to": "( 1,26, 3,28)( 2,27, 5,24)( 4,22, 7,25)( 6,23, 9,20)( 8,18,11,21)(10,19,13,16)\n(12,14,15,17)", "weight": 1}, {"from": "( 1, 4, 8,12,16,20,24)( 2, 6,10,14,18,22,26)( 3, 7,11,15,19,23,27)\n( 5, 9,13,17,21,25,28)", "to": "( 1,28, 3,26)( 2,24, 5,27)( 4,25, 7,22)( 6,20, 9,23)( 8,21,11,18)(10,16,13,19)\n(12,17,15,14)", "weight": 1}, {"from": "( 1, 6, 3, 9)( 2, 7, 5, 4)( 8,26,11,28)(10,27,13,24)(12,22,15,25)(14,23,17,20)\n(16,18,19,21)", "to": "( 1, 5, 3, 2)( 4,28, 7,26)( 6,24, 9,27)( 8,25,11,22)(10,20,13,23)(12,21,15,18)\n(14,16,17,19)", "weight": 1}, {"from": "( 1, 6, 3, 9)( 2, 7, 5, 4)( 8,26,11,28)(10,27,13,24)(12,22,15,25)(14,23,17,20)\n(16,18,19,21)", "to": "( 1, 7, 8,15,16,23,24, 3, 4,11,12,19,20,27)( 2, 9,10,17,18,25,26, 5, 6,13,14,\n 21,22,28)", "weight": 1}, {"from": "( 1, 6, 3, 9)( 2, 7, 5, 4)( 8,26,11,28)(10,27,13,24)(12,22,15,25)(14,23,17,20)\n(16,18,19,21)", "to": "( 1, 8,16,24, 4,12,20)( 2,10,18,26, 6,14,22)( 3,11,19,27, 7,15,23)\n( 5,13,21,28, 9,17,25)", "weight": 1}, {"from": "( 1, 6, 3, 9)( 2, 7, 5, 4)( 8,26,11,28)(10,27,13,24)(12,22,15,25)(14,23,17,20)\n(16,18,19,21)", "to": "( 1,10, 3,13)( 2,11, 5, 8)( 4, 6, 7, 9)(12,26,15,28)(14,27,17,24)(16,22,19,25)\n(18,23,21,20)", "weight": 1}, {"from": "( 1, 6, 3, 9)( 2, 7, 5, 4)( 8,26,11,28)(10,27,13,24)(12,22,15,25)(14,23,17,20)\n(16,18,19,21)", "to": "( 1,11,16,27, 4,15,20, 3, 8,19,24, 7,12,23)( 2,13,18,28, 6,17,22, 5,10,21,26,\n  9,14,25)", "weight": 1}, {"from": "( 1, 6, 3, 9)( 2, 7, 5, 4)( 8,26,11,28)(10,27,13,24)(12,22,15,25)(14,23,17,20)\n(16,18,19,21)", "to": "( 1,12,24, 8,20, 4,16)( 2,14,26,10,22, 6,18)( 3,15,27,11,23, 7,19)\n( 5,17,28,13,25, 9,21)", "weight": 1}, {"from": "( 1, 6, 3, 9)( 2, 7, 5, 4)( 8,26,11,28)(10,27,13,24)(12,22,15,25)(14,23,17,20)\n(16,18,19,21)", "to": "( 1,13, 3,10)( 2, 8, 5,11)( 4, 9, 7, 6)(12,28,15,26)(14,24,17,27)(16,25,19,22)\n(18,20,21,23)", "weight": 1}, {"from": "( 1, 6, 3, 9)( 2, 7, 5, 4)( 8,26,11,28)(10,27,13,24)(12,22,15,25)(14,23,17,20)\n(16,18,19,21)", "to": "( 1,14, 3,17)( 2,15, 5,12)( 4,10, 7,13)( 6,11, 9, 8)(16,26,19,28)(18,27,21,24)\n(20,22,23,25)", "weight": 1}, {"from": "( 1, 6, 3, 9)( 2, 7, 5, 4)( 8,26,11,28)(10,27,13,24)(12,22,15,25)(14,23,17,20)\n(16,18,19,21)", "to": "( 1,15,24,11,20, 7,16, 3,12,27, 8,23, 4,19)( 2,17,26,13,22, 9,18, 5,14,28,10,\n 25, 6,21)", "weight": 1}, {"from": "( 1, 6, 3, 9)( 2, 7, 5, 4)( 8,26,11,28)(10,27,13,24)(12,22,15,25)(14,23,17,20)\n(16,18,19,21)", "to": "( 1,16, 4,20, 8,24,12)( 2,18, 6,22,10,26,14)( 3,19, 7,23,11,27,15)\n( 5,21, 9,25,13,28,17)", "weight": 1}, {"from": "( 1, 6, 3, 9)( 2, 7, 5, 4)( 8,26,11,28)(10,27,13,24)(12,22,15,25)(14,23,17,20)\n(16,18,19,21)", "to": "( 1,17, 3,14)( 2,12, 5,15)( 4,13, 7,10)( 6, 8, 9,11)(16,28,19,26)(18,24,21,27)\n(20,25,23,22)", "weight": 1}, {"from": "( 1, 6, 3, 9)( 2, 7, 5, 4)( 8,26,11,28)(10,27,13,24)(12,22,15,25)(14,23,17,20)\n(16,18,19,21)", "to": "( 1,18, 3,21)( 2,19, 5,16)( 4,14, 7,17)( 6,15, 9,12)( 8,10,11,13)(20,26,23,28)\n(22,27,25,24)", "weight": 1}, {"from": "( 1, 6, 3, 9)( 2, 7, 5, 4)( 8,26,11,28)(10,27,13,24)(12,22,15,25)(14,23,17,20)\n(16,18,19,21)", "to": "( 1,19, 4,23, 8,27,12, 3,16, 7,20,11,24,15)( 2,21, 6,25,10,28,14, 5,18, 9,22,\n 13,26,17)", "weight": 1}, {"from": "( 1, 6, 3, 9)( 2, 7, 5, 4)( 8,26,11,28)(10,27,13,24)(12,22,15,25)(14,23,17,20)\n(16,18,19,21)", "to": "( 1,20,12, 4,24,16, 8)( 2,22,14, 6,26,18,10)( 3,23,15, 7,27,19,11)\n( 5,25,17, 9,28,21,13)", "weight": 1}, {"from": "( 1, 6, 3, 9)( 2, 7, 5, 4)( 8,26,11,28)(10,27,13,24)(12,22,15,25)(14,23,17,20)\n(16,18,19,21)", "to": "( 1,21, 3,18)( 2,16, 5,19)( 4,17, 7,14)( 6,12, 9,15)( 8,13,11,10)(20,28,23,26)\n(22,24,25,27)", "weight": 1}, {"from": "( 1, 6, 3, 9)( 2, 7, 5, 4)( 8,26,11,28)(10,27,13,24)(12,22,15,25)(14,23,17,20)\n(16,18,19,21)", "to": "( 1,22, 3,25)( 2,23, 5,20)( 4,18, 7,21)( 6,19, 9,16)( 8,14,11,17)(10,15,13,12)\n(24,26,27,28)", "weight": 1}, {"from": "( 1, 6, 3, 9)( 2, 7, 5, 4)( 8,26,11,28)(10,27,13,24)(12,22,15,25)(14,23,17,20)\n(16,18,19,21)", "to": "( 1,23,12, 7,24,19, 8, 3,20,15, 4,27,16,11)( 2,25,14, 9,26,21,10, 5,22,17, 6,\n 28,18,13)", "weight": 1}, {"from": "( 1, 6, 3, 9)( 2, 7, 5, 4)( 8,26,11,28)(10,27,13,24)(12,22,15,25)(14,23,17,20)\n(16,18,19,21)", "to": "( 1,24,20,16,12, 8, 4)( 2,26,22,18,14,10, 6)( 3,27,23,19,15,11, 7)\n( 5,28,25,21,17,13, 9)", "weight": 1}, {"from": "( 1, 6, 3, 9)( 2, 7, 5, 4)( 8,26,11,28)(10,27,13,24)(12,22,15,25)(14,23,17,20)\n(16,18,19,21)", "to": "( 1,25, 3,22)( 2,20, 5,23)( 4,21, 7,18)( 6,16, 9,19)( 8,17,11,14)(10,12,13,15)\n(24,28,27,26)", "weight": 1}, {"from": "( 1, 6, 3, 9)( 2, 7, 5, 4)( 8,26,11,28)(10,27,13,24)(12,22,15,25)(14,23,17,20)\n(16,18,19,21)", "to": "( 1,26, 3,28)( 2,27, 5,24)( 4,22, 7,25)( 6,23, 9,20)( 8,18,11,21)(10,19,13,16)\n(12,14,15,17)", "weight": 1}, {"from": "( 1, 6, 3, 9)( 2, 7, 5, 4)( 8,26,11,28)(10,27,13,24)(12,22,15,25)(14,23,17,20)\n(16,18,19,21)", "to": "( 1,27,20,19,12,11, 4, 3,24,23,16,15, 8, 7)( 2,28,22,21,14,13, 6, 5,26,25,18,\n 17,10, 9)", "weight": 1}, {"from": "( 1, 6, 3, 9)( 2, 7, 5, 4)( 8,26,11,28)(10,27,13,24)(12,22,15,25)(14,23,17,20)\n(16,18,19,21)", "to": "( 1,28, 3,26)( 2,24, 5,27)( 4,25, 7,22)( 6,20, 9,23)( 8,21,11,18)(10,16,13,19)\n(12,17,15,14)", "weight": 1}, {"from": "( 1, 7, 8,15,16,23,24, 3, 4,11,12,19,20,27)( 2, 9,10,17,18,25,26, 5, 6,13,14,\n 21,22,28)", "to": "( 1, 5, 3, 2)( 4,28, 7,26)( 6,24, 9,27)( 8,25,11,22)(10,20,13,23)(12,21,15,18)\n(14,16,17,19)", "weight": 1}, {"from": "( 1, 7, 8,15,16,23,24, 3, 4,11,12,19,20,27)( 2, 9,10,17,18,25,26, 5, 6,13,14,\n 21,22,28)", "to": "( 1, 9, 3, 6)( 2, 4, 5, 7)( 8,28,11,26)(10,24,13,27)(12,25,15,22)(14,20,17,23)\n(16,21,19,18)", "weight": 1}, {"from": "( 1, 7, 8,15,16,23,24, 3, 4,11,12,19,20,27)( 2, 9,10,17,18,25,26, 5, 6,13,14,\n 21,22,28)", "to": "( 1,10, 3,13)( 2,11, 5, 8)( 4, 6, 7, 9)(12,26,15,28)(14,27,17,24)(16,22,19,25)\n(18,23,21,20)", "weight": 1}, {"from": "( 1, 7, 8,15,16,23,24, 3, 4,11,12,19,20,27)( 2, 9,10,17,18,25,26, 5, 6,13,14,\n 21,22,28)", "to": "( 1,13, 3,10)( 2, 8, 5,11)( 4, 9, 7, 6)(12,28,15,26)(14,24,17,27)(16,25,19,22)\n(18,20,21,23)", "weight": 1}, {"from": "( 1, 7, 8,15,16,23,24, 3, 4,11,12,19,20,27)( 2, 9,10,17,18,25,26, 5, 6,13,14,\n 21,22,28)", "to": "( 1,14, 3,17)( 2,15, 5,12)( 4,10, 7,13)( 6,11, 9, 8)(16,26,19,28)(18,27,21,24)\n(20,22,23,25)", "weight": 1}, {"from": "( 1, 7, 8,15,16,23,24, 3, 4,11,12,19,20,27)( 2, 9,10,17,18,25,26, 5, 6,13,14,\n 21,22,28)", "to": "( 1,17, 3,14)( 2,12, 5,15)( 4,13, 7,10)( 6, 8, 9,11)(16,28,19,26)(18,24,21,27)\n(20,25,23,22)", "weight": 1}, {"from": "( 1, 7, 8,15,16,23,24, 3, 4,11,12,19,20,27)( 2, 9,10,17,18,25,26, 5, 6,13,14,\n 21,22,28)", "to": "( 1,18, 3,21)( 2,19, 5,16)( 4,14, 7,17)( 6,15, 9,12)( 8,10,11,13)(20,26,23,28)\n(22,27,25,24)", "weight": 1}, {"from": "( 1, 7, 8,15,16,23,24, 3, 4,11,12,19,20,27)( 2, 9,10,17,18,25,26, 5, 6,13,14,\n 21,22,28)", "to": "( 1,21, 3,18)( 2,16, 5,19)( 4,17, 7,14)( 6,12, 9,15)( 8,13,11,10)(20,28,23,26)\n(22,24,25,27)", "weight": 1}, {"from": "( 1, 7, 8,15,16,23,24, 3, 4,11,12,19,20,27)( 2, 9,10,17,18,25,26, 5, 6,13,14,\n 21,22,28)", "to": "( 1,22, 3,25)( 2,23, 5,20)( 4,18, 7,21)( 6,19, 9,16)( 8,14,11,17)(10,15,13,12)\n(24,26,27,28)", "weight": 1}, {"from": "( 1, 7, 8,15,16,23,24, 3, 4,11,12,19,20,27)( 2, 9,10,17,18,25,26, 5, 6,13,14,\n 21,22,28)", "to": "( 1,25, 3,22)( 2,20, 5,23)( 4,21, 7,18)( 6,16, 9,19)( 8,17,11,14)(10,12,13,15)\n(24,28,27,26)", "weight": 1}, {"from": "( 1, 7, 8,15,16,23,24, 3, 4,11,12,19,20,27)( 2, 9,10,17,18,25,26, 5, 6,13,14,\n 21,22,28)", "to": "( 1,26, 3,28)( 2,27, 5,24)( 4,22, 7,25)( 6,23, 9,20)( 8,18,11,21)(10,19,13,16)\n(12,14,15,17)", "weight": 1}, {"from": "( 1, 7, 8,15,16,23,24, 3, 4,11,12,19,20,27)( 2, 9,10,17,18,25,26, 5, 6,13,14,\n 21,22,28)", "to": "( 1,28, 3,26)( 2,24, 5,27)( 4,25, 7,22)( 6,20, 9,23)( 8,21,11,18)(10,16,13,19)\n(12,17,15,14)", "weight": 1}, {"from": "( 1, 8,16,24, 4,12,20)( 2,10,18,26, 6,14,22)( 3,11,19,27, 7,15,23)\n( 5,13,21,28, 9,17,25)", "to": "( 1, 5, 3, 2)( 4,28, 7,26)( 6,24, 9,27)( 8,25,11,22)(10,20,13,23)(12,21,15,18)\n(14,16,17,19)", "weight": 1}, {"from": "( 1, 8,16,24, 4,12,20)( 2,10,18,26, 6,14,22)( 3,11,19,27, 7,15,23)\n( 5,13,21,28, 9,17,25)", "to": "( 1, 9, 3, 6)( 2, 4, 5, 7)( 8,28,11,26)(10,24,13,27)(12,25,15,22)(14,20,17,23)\n(16,21,19,18)", "weight": 1}, {"from": "( 1, 8,16,24, 4,12,20)( 2,10,18,26, 6,14,22)( 3,11,19,27, 7,15,23)\n( 5,13,21,28, 9,17,25)", "to": "( 1,10, 3,13)( 2,11, 5, 8)( 4, 6, 7, 9)(12,26,15,28)(14,27,17,24)(16,22,19,25)\n(18,23,21,20)", "weight": 1}, {"from": "( 1, 8,16,24, 4,12,20)( 2,10,18,26, 6,14,22)( 3,11,19,27, 7,15,23)\n( 5,13,21,28, 9,17,25)", "to": "( 1,13, 3,10)( 2, 8, 5,11)( 4, 9, 7, 6)(12,28,15,26)(14,24,17,27)(16,25,19,22)\n(18,20,21,23)", "weight": 1}, {"from": "( 1, 8,16,24, 4,12,20)( 2,10,18,26, 6,14,22)( 3,11,19,27, 7,15,23)\n( 5,13,21,28, 9,17,25)", "to": "( 1,14, 3,17)( 2,15, 5,12)( 4,10, 7,13)( 6,11, 9, 8)(16,26,19,28)(18,27,21,24)\n(20,22,23,25)", "weight": 1}, {"from": "( 1, 8,16,24, 4,12,20)( 2,10,18,26, 6,14,22)( 3,11,19,27, 7,15,23)\n( 5,13,21,28, 9,17,25)", "to": "( 1,17, 3,14)( 2,12, 5,15)( 4,13, 7,10)( 6, 8, 9,11)(16,28,19,26)(18,24,21,27)\n(20,25,23,22)", "weight": 1}, {"from": "( 1, 8,16,24, 4,12,20)( 2,10,18,26, 6,14,22)( 3,11,19,27, 7,15,23)\n( 5,13,21,28, 9,17,25)", "to": "( 1,18, 3,21)( 2,19, 5,16)( 4,14, 7,17)( 6,15, 9,12)( 8,10,11,13)(20,26,23,28)\n(22,27,25,24)", "weight": 1}, {"from": "( 1, 8,16,24, 4,12,20)( 2,10,18,26, 6,14,22)( 3,11,19,27, 7,15,23)\n( 5,13,21,28, 9,17,25)", "to": "( 1,21, 3,18)( 2,16, 5,19)( 4,17, 7,14)( 6,12, 9,15)( 8,13,11,10)(20,28,23,26)\n(22,24,25,27)", "weight": 1}, {"from": "( 1, 8,16,24, 4,12,20)( 2,10,18,26, 6,14,22)( 3,11,19,27, 7,15,23)\n( 5,13,21,28, 9,17,25)", "to": "( 1,22, 3,25)( 2,23, 5,20)( 4,18, 7,21)( 6,19, 9,16)( 8,14,11,17)(10,15,13,12)\n(24,26,27,28)", "weight": 1}, {"from": "( 1, 8,16,24, 4,12,20)( 2,10,18,26, 6,14,22)( 3,11,19,27, 7,15,23)\n( 5,13,21,28, 9,17,25)", "to": "( 1,25, 3,22)( 2,20, 5,23)( 4,21, 7,18)( 6,16, 9,19)( 8,17,11,14)(10,12,13,15)\n(24,28,27,26)", "weight": 1}, {"from": "( 1, 8,16,24, 4,12,20)( 2,10,18,26, 6,14,22)( 3,11,19,27, 7,15,23)\n( 5,13,21,28, 9,17,25)", "to": "( 1,26, 3,28)( 2,27, 5,24)( 4,22, 7,25)( 6,23, 9,20)( 8,18,11,21)(10,19,13,16)\n(12,14,15,17)", "weight": 1}, {"from": "( 1, 8,16,24, 4,12,20)( 2,10,18,26, 6,14,22)( 3,11,19,27, 7,15,23)\n( 5,13,21,28, 9,17,25)", "to": "( 1,28, 3,26)( 2,24, 5,27)( 4,25, 7,22)( 6,20, 9,23)( 8,21,11,18)(10,16,13,19)\n(12,17,15,14)", "weight": 1}, {"from": "( 1, 9, 3, 6)( 2, 4, 5, 7)( 8,28,11,26)(10,24,13,27)(12,25,15,22)(14,20,17,23)\n(16,21,19,18)", "to": "( 1, 5, 3, 2)( 4,28, 7,26)( 6,24, 9,27)( 8,25,11,22)(10,20,13,23)(12,21,15,18)\n(14,16,17,19)", "weight": 1}, {"from": "( 1, 9, 3, 6)( 2, 4, 5, 7)( 8,28,11,26)(10,24,13,27)(12,25,15,22)(14,20,17,23)\n(16,21,19,18)", "to": "( 1,10, 3,13)( 2,11, 5, 8)( 4, 6, 7, 9)(12,26,15,28)(14,27,17,24)(16,22,19,25)\n(18,23,21,20)", "weight": 1}, {"from": "( 1, 9, 3, 6)( 2, 4, 5, 7)( 8,28,11,26)(10,24,13,27)(12,25,15,22)(14,20,17,23)\n(16,21,19,18)", "to": "( 1,11,16,27, 4,15,20, 3, 8,19,24, 7,12,23)( 2,13,18,28, 6,17,22, 5,10,21,26,\n  9,14,25)", "weight": 1}, {"from": "( 1, 9, 3, 6)( 2, 4, 5, 7)( 8,28,11,26)(10,24,13,27)(12,25,15,22)(14,20,17,23)\n(16,21,19,18)", "to": "( 1,12,24, 8,20, 4,16)( 2,14,26,10,22, 6,18)( 3,15,27,11,23, 7,19)\n( 5,17,28,13,25, 9,21)", "weight": 1}, {"from": "( 1, 9, 3, 6)( 2, 4, 5, 7)( 8,28,11,26)(10,24,13,27)(12,25,15,22)(14,20,17,23)\n(16,21,19,18)", "to": "( 1,13, 3,10)( 2, 8, 5,11)( 4, 9, 7, 6)(12,28,15,26)(14,24,17,27)(16,25,19,22)\n(18,20,21,23)", "weight": 1}, {"from": "( 1, 9, 3, 6)( 2, 4, 5, 7)( 8,28,11,26)(10,24,13,27)(12,25,15,22)(14,20,17,23)\n(16,21,19,18)", "to": "( 1,14, 3,17)( 2,15, 5,12)( 4,10, 7,13)( 6,11, 9, 8)(16,26,19,28)(18,27,21,24)\n(20,22,23,25)", "weight": 1}, {"from": "( 1, 9, 3, 6)( 2, 4, 5, 7)( 8,28,11,26)(10,24,13,27)(12,25,15,22)(14,20,17,23)\n(16,21,19,18)", "to": "( 1,15,24,11,20, 7,16, 3,12,27, 8,23, 4,19)( 2,17,26,13,22, 9,18, 5,14,28,10,\n 25, 6,21)", "weight": 1}, {"from": "( 1, 9, 3, 6)( 2, 4, 5, 7)( 8,28,11,26)(10,24,13,27)(12,25,15,22)(14,20,17,23)\n(16,21,19,18)", "to": "( 1,16, 4,20, 8,24,12)( 2,18, 6,22,10,26,14)( 3,19, 7,23,11,27,15)\n( 5,21, 9,25,13,28,17)", "weight": 1}, {"from": "( 1, 9, 3, 6)( 2, 4, 5, 7)( 8,28,11,26)(10,24,13,27)(12,25,15,22)(14,20,17,23)\n(16,21,19,18)", "to": "( 1,17, 3,14)( 2,12, 5,15)( 4,13, 7,10)( 6, 8, 9,11)(16,28,19,26)(18,24,21,27)\n(20,25,23,22)", "weight": 1}, {"from": "( 1, 9, 3, 6)( 2, 4, 5, 7)( 8,28,11,26)(10,24,13,27)(12,25,15,22)(14,20,17,23)\n(16,21,19,18)", "to": "( 1,18, 3,21)( 2,19, 5,16)( 4,14, 7,17)( 6,15, 9,12)( 8,10,11,13)(20,26,23,28)\n(22,27,25,24)", "weight": 1}, {"from": "( 1, 9, 3, 6)( 2, 4, 5, 7)( 8,28,11,26)(10,24,13,27)(12,25,15,22)(14,20,17,23)\n(16,21,19,18)", "to": "( 1,19, 4,23, 8,27,12, 3,16, 7,20,11,24,15)( 2,21, 6,25,10,28,14, 5,18, 9,22,\n 13,26,17)", "weight": 1}, {"from": "( 1, 9, 3, 6)( 2, 4, 5, 7)( 8,28,11,26)(10,24,13,27)(12,25,15,22)(14,20,17,23)\n(16,21,19,18)", "to": "( 1,20,12, 4,24,16, 8)( 2,22,14, 6,26,18,10)( 3,23,15, 7,27,19,11)\n( 5,25,17, 9,28,21,13)", "weight": 1}, {"from": "( 1, 9, 3, 6)( 2, 4, 5, 7)( 8,28,11,26)(10,24,13,27)(12,25,15,22)(14,20,17,23)\n(16,21,19,18)", "to": "( 1,21, 3,18)( 2,16, 5,19)( 4,17, 7,14)( 6,12, 9,15)( 8,13,11,10)(20,28,23,26)\n(22,24,25,27)", "weight": 1}, {"from": "( 1, 9, 3, 6)( 2, 4, 5, 7)( 8,28,11,26)(10,24,13,27)(12,25,15,22)(14,20,17,23)\n(16,21,19,18)", "to": "( 1,22, 3,25)( 2,23, 5,20)( 4,18, 7,21)( 6,19, 9,16)( 8,14,11,17)(10,15,13,12)\n(24,26,27,28)", "weight": 1}, {"from": "( 1, 9, 3, 6)( 2, 4, 5, 7)( 8,28,11,26)(10,24,13,27)(12,25,15,22)(14,20,17,23)\n(16,21,19,18)", "to": "( 1,23,12, 7,24,19, 8, 3,20,15, 4,27,16,11)( 2,25,14, 9,26,21,10, 5,22,17, 6,\n 28,18,13)", "weight": 1}, {"from": "( 1, 9, 3, 6)( 2, 4, 5, 7)( 8,28,11,26)(10,24,13,27)(12,25,15,22)(14,20,17,23)\n(16,21,19,18)", "to": "( 1,24,20,16,12, 8, 4)( 2,26,22,18,14,10, 6)( 3,27,23,19,15,11, 7)\n( 5,28,25,21,17,13, 9)", "weight": 1}, {"from": "( 1, 9, 3, 6)( 2, 4, 5, 7)( 8,28,11,26)(10,24,13,27)(12,25,15,22)(14,20,17,23)\n(16,21,19,18)", "to": "( 1,25, 3,22)( 2,20, 5,23)( 4,21, 7,18)( 6,16, 9,19)( 8,17,11,14)(10,12,13,15)\n(24,28,27,26)", "weight": 1}, {"from": "( 1, 9, 3, 6)( 2, 4, 5, 7)( 8,28,11,26)(10,24,13,27)(12,25,15,22)(14,20,17,23)\n(16,21,19,18)", "to": "( 1,26, 3,28)( 2,27, 5,24)( 4,22, 7,25)( 6,23, 9,20)( 8,18,11,21)(10,19,13,16)\n(12,14,15,17)", "weight": 1}, {"from": "( 1, 9, 3, 6)( 2, 4, 5, 7)( 8,28,11,26)(10,24,13,27)(12,25,15,22)(14,20,17,23)\n(16,21,19,18)", "to": "( 1,27,20,19,12,11, 4, 3,24,23,16,15, 8, 7)( 2,28,22,21,14,13, 6, 5,26,25,18,\n 17,10, 9)", "weight": 1}, {"from": "( 1, 9, 3, 6)( 2, 4, 5, 7)( 8,28,11,26)(10,24,13,27)(12,25,15,22)(14,20,17,23)\n(16,21,19,18)", "to": "( 1,28, 3,26)( 2,24, 5,27)( 4,25, 7,22)( 6,20, 9,23)( 8,21,11,18)(10,16,13,19)\n(12,17,15,14)", "weight": 1}, {"from": "( 1,10, 3,13)( 2,11, 5, 8)( 4, 6, 7, 9)(12,26,15,28)(14,27,17,24)(16,22,19,25)\n(18,23,21,20)", "to": "( 1, 5, 3, 2)( 4,28, 7,26)( 6,24, 9,27)( 8,25,11,22)(10,20,13,23)(12,21,15,18)\n(14,16,17,19)", "weight": 1}, {"from": "( 1,10, 3,13)( 2,11, 5, 8)( 4, 6, 7, 9)(12,26,15,28)(14,27,17,24)(16,22,19,25)\n(18,23,21,20)", "to": "( 1,11,16,27, 4,15,20, 3, 8,19,24, 7,12,23)( 2,13,18,28, 6,17,22, 5,10,21,26,\n  9,14,25)", "weight": 1}, {"from": "( 1,10, 3,13)( 2,11, 5, 8)( 4, 6, 7, 9)(12,26,15,28)(14,27,17,24)(16,22,19,25)\n(18,23,21,20)", "to": "( 1,12,24, 8,20, 4,16)( 2,14,26,10,22, 6,18)( 3,15,27,11,23, 7,19)\n( 5,17,28,13,25, 9,21)", "weight": 1}, {"from": "( 1,10, 3,13)( 2,11, 5, 8)( 4, 6, 7, 9)(12,26,15,28)(14,27,17,24)(16,22,19,25)\n(18,23,21,20)", "to": "( 1,14, 3,17)( 2,15, 5,12)( 4,10, 7,13)( 6,11, 9, 8)(16,26,19,28)(18,27,21,24)\n(20,22,23,25)", "weight": 1}, {"from": "( 1,10, 3,13)( 2,11, 5, 8)( 4, 6, 7, 9)(12,26,15,28)(14,27,17,24)(16,22,19,25)\n(18,23,21,20)", "to": "( 1,15,24,11,20, 7,16, 3,12,27, 8,23, 4,19)( 2,17,26,13,22, 9,18, 5,14,28,10,\n 25, 6,21)", "weight": 1}, {"from": "( 1,10, 3,13)( 2,11, 5, 8)( 4, 6, 7, 9)(12,26,15,28)(14,27,17,24)(16,22,19,25)\n(18,23,21,20)", "to": "( 1,16, 4,20, 8,24,12)( 2,18, 6,22,10,26,14)( 3,19, 7,23,11,27,15)\n( 5,21, 9,25,13,28,17)", "weight": 1}, {"from": "( 1,10, 3,13)( 2,11, 5, 8)( 4, 6, 7, 9)(12,26,15,28)(14,27,17,24)(16,22,19,25)\n(18,23,21,20)", "to": "( 1,17, 3,14)( 2,12, 5,15)( 4,13, 7,10)( 6, 8, 9,11)(16,28,19,26)(18,24,21,27)\n(20,25,23,22)", "weight": 1}, {"from": "( 1,10, 3,13)( 2,11, 5, 8)( 4, 6, 7, 9)(12,26,15,28)(14,27,17,24)(16,22,19,25)\n(18,23,21,20)", "to": "( 1,18, 3,21)( 2,19, 5,16)( 4,14, 7,17)( 6,15, 9,12)( 8,10,11,13)(20,26,23,28)\n(22,27,25,24)", "weight": 1}, {"from": "( 1,10, 3,13)( 2,11, 5, 8)( 4, 6, 7, 9)(12,26,15,28)(14,27,17,24)(16,22,19,25)\n(18,23,21,20)", "to": "( 1,19, 4,23, 8,27,12, 3,16, 7,20,11,24,15)( 2,21, 6,25,10,28,14, 5,18, 9,22,\n 13,26,17)", "weight": 1}, {"from": "( 1,10, 3,13)( 2,11, 5, 8)( 4, 6, 7, 9)(12,26,15,28)(14,27,17,24)(16,22,19,25)\n(18,23,21,20)", "to": "( 1,20,12, 4,24,16, 8)( 2,22,14, 6,26,18,10)( 3,23,15, 7,27,19,11)\n( 5,25,17, 9,28,21,13)", "weight": 1}, {"from": "( 1,10, 3,13)( 2,11, 5, 8)( 4, 6, 7, 9)(12,26,15,28)(14,27,17,24)(16,22,19,25)\n(18,23,21,20)", "to": "( 1,21, 3,18)( 2,16, 5,19)( 4,17, 7,14)( 6,12, 9,15)( 8,13,11,10)(20,28,23,26)\n(22,24,25,27)", "weight": 1}, {"from": "( 1,10, 3,13)( 2,11, 5, 8)( 4, 6, 7, 9)(12,26,15,28)(14,27,17,24)(16,22,19,25)\n(18,23,21,20)", "to": "( 1,22, 3,25)( 2,23, 5,20)( 4,18, 7,21)( 6,19, 9,16)( 8,14,11,17)(10,15,13,12)\n(24,26,27,28)", "weight": 1}, {"from": "( 1,10, 3,13)( 2,11, 5, 8)( 4, 6, 7, 9)(12,26,15,28)(14,27,17,24)(16,22,19,25)\n(18,23,21,20)", "to": "( 1,23,12, 7,24,19, 8, 3,20,15, 4,27,16,11)( 2,25,14, 9,26,21,10, 5,22,17, 6,\n 28,18,13)", "weight": 1}, {"from": "( 1,10, 3,13)( 2,11, 5, 8)( 4, 6, 7, 9)(12,26,15,28)(14,27,17,24)(16,22,19,25)\n(18,23,21,20)", "to": "( 1,24,20,16,12, 8, 4)( 2,26,22,18,14,10, 6)( 3,27,23,19,15,11, 7)\n( 5,28,25,21,17,13, 9)", "weight": 1}, {"from": "( 1,10, 3,13)( 2,11, 5, 8)( 4, 6, 7, 9)(12,26,15,28)(14,27,17,24)(16,22,19,25)\n(18,23,21,20)", "to": "( 1,25, 3,22)( 2,20, 5,23)( 4,21, 7,18)( 6,16, 9,19)( 8,17,11,14)(10,12,13,15)\n(24,28,27,26)", "weight": 1}, {"from": "( 1,10, 3,13)( 2,11, 5, 8)( 4, 6, 7, 9)(12,26,15,28)(14,27,17,24)(16,22,19,25)\n(18,23,21,20)", "to": "( 1,26, 3,28)( 2,27, 5,24)( 4,22, 7,25)( 6,23, 9,20)( 8,18,11,21)(10,19,13,16)\n(12,14,15,17)", "weight": 1}, {"from": "( 1,10, 3,13)( 2,11, 5, 8)( 4, 6, 7, 9)(12,26,15,28)(14,27,17,24)(16,22,19,25)\n(18,23,21,20)", "to": "( 1,27,20,19,12,11, 4, 3,24,23,16,15, 8, 7)( 2,28,22,21,14,13, 6, 5,26,25,18,\n 17,10, 9)", "weight": 1}, {"from": "( 1,10, 3,13)( 2,11, 5, 8)( 4, 6, 7, 9)(12,26,15,28)(14,27,17,24)(16,22,19,25)\n(18,23,21,20)", "to": "( 1,28, 3,26)( 2,24, 5,27)( 4,25, 7,22)( 6,20, 9,23)( 8,21,11,18)(10,16,13,19)\n(12,17,15,14)", "weight": 1}, {"from": "( 1,11,16,27, 4,15,20, 3, 8,19,24, 7,12,23)( 2,13,18,28, 6,17,22, 5,10,21,26,\n  9,14,25)", "to": "( 1, 5, 3, 2)( 4,28, 7,26)( 6,24, 9,27)( 8,25,11,22)(10,20,13,23)(12,21,15,18)\n(14,16,17,19)", "weight": 1}, {"from": "( 1,11,16,27, 4,15,20, 3, 8,19,24, 7,12,23)( 2,13,18,28, 6,17,22, 5,10,21,26,\n  9,14,25)", "to": "( 1,13, 3,10)( 2, 8, 5,11)( 4, 9, 7, 6)(12,28,15,26)(14,24,17,27)(16,25,19,22)\n(18,20,21,23)", "weight": 1}, {"from": "( 1,11,16,27, 4,15,20, 3, 8,19,24, 7,12,23)( 2,13,18,28, 6,17,22, 5,10,21,26,\n  9,14,25)", "to": "( 1,14, 3,17)( 2,15, 5,12)( 4,10, 7,13)( 6,11, 9, 8)(16,26,19,28)(18,27,21,24)\n(20,22,23,25)", "weight": 1}, {"from": "( 1,11,16,27, 4,15,20, 3, 8,19,24, 7,12,23)( 2,13,18,28, 6,17,22, 5,10,21,26,\n  9,14,25)", "to": "( 1,17, 3,14)( 2,12, 5,15)( 4,13, 7,10)( 6, 8, 9,11)(16,28,19,26)(18,24,21,27)\n(20,25,23,22)", "weight": 1}, {"from": "( 1,11,16,27, 4,15,20, 3, 8,19,24, 7,12,23)( 2,13,18,28, 6,17,22, 5,10,21,26,\n  9,14,25)", "to": "( 1,18, 3,21)( 2,19, 5,16)( 4,14, 7,17)( 6,15, 9,12)( 8,10,11,13)(20,26,23,28)\n(22,27,25,24)", "weight": 1}, {"from": "( 1,11,16,27, 4,15,20, 3, 8,19,24, 7,12,23)( 2,13,18,28, 6,17,22, 5,10,21,26,\n  9,14,25)", "to": "( 1,21, 3,18)( 2,16, 5,19)( 4,17, 7,14)( 6,12, 9,15)( 8,13,11,10)(20,28,23,26)\n(22,24,25,27)", "weight": 1}, {"from": "( 1,11,16,27, 4,15,20, 3, 8,19,24, 7,12,23)( 2,13,18,28, 6,17,22, 5,10,21,26,\n  9,14,25)", "to": "( 1,22, 3,25)( 2,23, 5,20)( 4,18, 7,21)( 6,19, 9,16)( 8,14,11,17)(10,15,13,12)\n(24,26,27,28)", "weight": 1}, {"from": "( 1,11,16,27, 4,15,20, 3, 8,19,24, 7,12,23)( 2,13,18,28, 6,17,22, 5,10,21,26,\n  9,14,25)", "to": "( 1,25, 3,22)( 2,20, 5,23)( 4,21, 7,18)( 6,16, 9,19)( 8,17,11,14)(10,12,13,15)\n(24,28,27,26)", "weight": 1}, {"from": "( 1,11,16,27, 4,15,20, 3, 8,19,24, 7,12,23)( 2,13,18,28, 6,17,22, 5,10,21,26,\n  9,14,25)", "to": "( 1,26, 3,28)( 2,27, 5,24)( 4,22, 7,25)( 6,23, 9,20)( 8,18,11,21)(10,19,13,16)\n(12,14,15,17)", "weight": 1}, {"from": "( 1,11,16,27, 4,15,20, 3, 8,19,24, 7,12,23)( 2,13,18,28, 6,17,22, 5,10,21,26,\n  9,14,25)", "to": "( 1,28, 3,26)( 2,24, 5,27)( 4,25, 7,22)( 6,20, 9,23)( 8,21,11,18)(10,16,13,19)\n(12,17,15,14)", "weight": 1}, {"from": "( 1,12,24, 8,20, 4,16)( 2,14,26,10,22, 6,18)( 3,15,27,11,23, 7,19)\n( 5,17,28,13,25, 9,21)", "to": "( 1, 5, 3, 2)( 4,28, 7,26)( 6,24, 9,27)( 8,25,11,22)(10,20,13,23)(12,21,15,18)\n(14,16,17,19)", "weight": 1}, {"from": "( 1,12,24, 8,20, 4,16)( 2,14,26,10,22, 6,18)( 3,15,27,11,23, 7,19)\n( 5,17,28,13,25, 9,21)", "to": "( 1,13, 3,10)( 2, 8, 5,11)( 4, 9, 7, 6)(12,28,15,26)(14,24,17,27)(16,25,19,22)\n(18,20,21,23)", "weight": 1}, {"from": "( 1,12,24, 8,20, 4,16)( 2,14,26,10,22, 6,18)( 3,15,27,11,23, 7,19)\n( 5,17,28,13,25, 9,21)", "to": "( 1,14, 3,17)( 2,15, 5,12)( 4,10, 7,13)( 6,11, 9, 8)(16,26,19,28)(18,27,21,24)\n(20,22,23,25)", "weight": 1}, {"from": "( 1,12,24, 8,20, 4,16)( 2,14,26,10,22, 6,18)( 3,15,27,11,23, 7,19)\n( 5,17,28,13,25, 9,21)", "to": "( 1,17, 3,14)( 2,12, 5,15)( 4,13, 7,10)( 6, 8, 9,11)(16,28,19,26)(18,24,21,27)\n(20,25,23,22)", "weight": 1}, {"from": "( 1,12,24, 8,20, 4,16)( 2,14,26,10,22, 6,18)( 3,15,27,11,23, 7,19)\n( 5,17,28,13,25, 9,21)", "to": "( 1,18, 3,21)( 2,19, 5,16)( 4,14, 7,17)( 6,15, 9,12)( 8,10,11,13)(20,26,23,28)\n(22,27,25,24)", "weight": 1}, {"from": "( 1,12,24, 8,20, 4,16)( 2,14,26,10,22, 6,18)( 3,15,27,11,23, 7,19)\n( 5,17,28,13,25, 9,21)", "to": "( 1,21, 3,18)( 2,16, 5,19)( 4,17, 7,14)( 6,12, 9,15)( 8,13,11,10)(20,28,23,26)\n(22,24,25,27)", "weight": 1}, {"from": "( 1,12,24, 8,20, 4,16)( 2,14,26,10,22, 6,18)( 3,15,27,11,23, 7,19)\n( 5,17,28,13,25, 9,21)", "to": "( 1,22, 3,25)( 2,23, 5,20)( 4,18, 7,21)( 6,19, 9,16)( 8,14,11,17)(10,15,13,12)\n(24,26,27,28)", "weight": 1}, {"from": "( 1,12,24, 8,20, 4,16)( 2,14,26,10,22, 6,18)( 3,15,27,11,23, 7,19)\n( 5,17,28,13,25, 9,21)", "to": "( 1,25, 3,22)( 2,20, 5,23)( 4,21, 7,18)( 6,16, 9,19)( 8,17,11,14)(10,12,13,15)\n(24,28,27,26)", "weight": 1}, {"from": "( 1,12,24, 8,20, 4,16)( 2,14,26,10,22, 6,18)( 3,15,27,11,23, 7,19)\n( 5,17,28,13,25, 9,21)", "to": "( 1,26, 3,28)( 2,27, 5,24)( 4,22, 7,25)( 6,23, 9,20)( 8,18,11,21)(10,19,13,16)\n(12,14,15,17)", "weight": 1}, {"from": "( 1,12,24, 8,20, 4,16)( 2,14,26,10,22, 6,18)( 3,15,27,11,23, 7,19)\n( 5,17,28,13,25, 9,21)", "to": "( 1,28, 3,26)( 2,24, 5,27)( 4,25, 7,22)( 6,20, 9,23)( 8,21,11,18)(10,16,13,19)\n(12,17,15,14)", "weight": 1}, {"from": "( 1,13, 3,10)( 2, 8, 5,11)( 4, 9, 7, 6)(12,28,15,26)(14,24,17,27)(16,25,19,22)\n(18,20,21,23)", "to": "( 1, 5, 3, 2)( 4,28, 7,26)( 6,24, 9,27)( 8,25,11,22)(10,20,13,23)(12,21,15,18)\n(14,16,17,19)", "weight": 1}, {"from": "( 1,13, 3,10)( 2, 8, 5,11)( 4, 9, 7, 6)(12,28,15,26)(14,24,17,27)(16,25,19,22)\n(18,20,21,23)", "to": "( 1,14, 3,17)( 2,15, 5,12)( 4,10, 7,13)( 6,11, 9, 8)(16,26,19,28)(18,27,21,24)\n(20,22,23,25)", "weight": 1}, {"from": "( 1,13, 3,10)( 2, 8, 5,11)( 4, 9, 7, 6)(12,28,15,26)(14,24,17,27)(16,25,19,22)\n(18,20,21,23)", "to": "( 1,15,24,11,20, 7,16, 3,12,27, 8,23, 4,19)( 2,17,26,13,22, 9,18, 5,14,28,10,\n 25, 6,21)", "weight": 1}, {"from": "( 1,13, 3,10)( 2, 8, 5,11)( 4, 9, 7, 6)(12,28,15,26)(14,24,17,27)(16,25,19,22)\n(18,20,21,23)", "to": "( 1,16, 4,20, 8,24,12)( 2,18, 6,22,10,26,14)( 3,19, 7,23,11,27,15)\n( 5,21, 9,25,13,28,17)", "weight": 1}, {"from": "( 1,13, 3,10)( 2, 8, 5,11)( 4, 9, 7, 6)(12,28,15,26)(14,24,17,27)(16,25,19,22)\n(18,20,21,23)", "to": "( 1,17, 3,14)( 2,12, 5,15)( 4,13, 7,10)( 6, 8, 9,11)(16,28,19,26)(18,24,21,27)\n(20,25,23,22)", "weight": 1}, {"from": "( 1,13, 3,10)( 2, 8, 5,11)( 4, 9, 7, 6)(12,28,15,26)(14,24,17,27)(16,25,19,22)\n(18,20,21,23)", "to": "( 1,18, 3,21)( 2,19, 5,16)( 4,14, 7,17)( 6,15, 9,12)( 8,10,11,13)(20,26,23,28)\n(22,27,25,24)", "weight": 1}, {"from": "( 1,13, 3,10)( 2,