<html>
<head>
<link rel="stylesheet" href="https://cdnjs.cloudflare.com/ajax/libs/vis/4.16.1/vis.css" type="text/css" />
<script type="text/javascript" src="https://cdnjs.cloudflare.com/ajax/libs/vis/4.16.1/vis-network.min.js"> </script>
<center>
<h1></h1>
</center>

<!-- <link rel="stylesheet" href="../node_modules/vis/dist/vis.min.css" type="text/css" />
<script type="text/javascript" src="../node_modules/vis/dist/vis.js"> </script>-->

<style type="text/css">

        #mynetwork {
            width: 80%;
            height: 1000px;
            background-color: #ffffff;
            border: 1px solid lightgray;
            position: relative;
            float: left;
        }

        

        
        #config {
            float: left;
            width: 400px;
            height: 600px;
        }
        

        
</style>

</head>

<body>
<div id = "mynetwork"></div>


<div id = "config"></div>

<script type="text/javascript">

    // initialize global variables.
    var edges;
    var nodes;
    var network; 
    var container;
    var options, data;

    
    // This method is responsible for drawing the graph, returns the drawn network
    function drawGraph() {
        var container = document.getElementById('mynetwork');
        
        

        // parsing and collecting nodes and edges from the python
        nodes = new vis.DataSet([{"id": "( 1, 2, 5, 9, 6,10,16,22)( 3,17,12,27,13,28,25,32)( 4,21,14,30,15, 8,26,20)\n( 7,23,18,24,19,31,29,11)", "label": "( 1, 2, 5, 9, 6,10,16,22)( 3,17,12,27,13,28,25,32)( 4,21,14,30,15, 8,26,20)\n( 7,23,18,24,19,31,29,11)", "shape": "dot", "size": 10}, {"id": "( 1, 3, 4,11, 6,13,15,24)( 2, 7, 8,17,10,19,21,28)( 5,12,14,23,16,25,26,31)\n( 9,18,20,27,22,29,30,32)", "label": "( 1, 3, 4,11, 6,13,15,24)( 2, 7, 8,17,10,19,21,28)( 5,12,14,23,16,25,26,31)\n( 9,18,20,27,22,29,30,32)", "shape": "dot", "size": 10}, {"id": "( 1, 7,16,29, 6,19, 5,18)( 2,12,22, 3,10,25, 9,13)( 4,28,26,27,15,17,14,32)\n( 8,31,30,24,21,23,20,11)", "label": "( 1, 7,16,29, 6,19, 5,18)( 2,12,22, 3,10,25, 9,13)( 4,28,26,27,15,17,14,32)\n( 8,31,30,24,21,23,20,11)", "shape": "dot", "size": 10}, {"id": "( 1,11,15, 3, 6,24, 4,13)( 2,17,21, 7,10,28, 8,19)( 5,23,26,12,16,31,14,25)\n( 9,27,30,18,22,32,20,29)", "label": "( 1,11,15, 3, 6,24, 4,13)( 2,17,21, 7,10,28, 8,19)( 5,23,26,12,16,31,14,25)\n( 9,27,30,18,22,32,20,29)", "shape": "dot", "size": 10}, {"id": "( 1,12,15,31, 6,25, 4,23)( 2,18,21,32,10,29, 8,27)( 3,14,24, 5,13,26,11,16)\n( 7,20,28, 9,19,30,17,22)", "label": "( 1,12,15,31, 6,25, 4,23)( 2,18,21,32,10,29, 8,27)( 3,14,24, 5,13,26,11,16)\n( 7,20,28, 9,19,30,17,22)", "shape": "dot", "size": 10}, {"id": "( 1,13, 4,24, 6, 3,15,11)( 2,19, 8,28,10, 7,21,17)( 5,25,14,31,16,12,26,23)\n( 9,29,20,32,22,18,30,27)", "label": "( 1,13, 4,24, 6, 3,15,11)( 2,19, 8,28,10, 7,21,17)( 5,25,14,31,16,12,26,23)\n( 9,29,20,32,22,18,30,27)", "shape": "dot", "size": 10}, {"id": "( 1,17,16,32, 6,28, 5,27)( 2,23,22,11,10,31, 9,24)( 3,21,25,20,13, 8,12,30)\n( 4, 7,26,29,15,19,14,18)", "label": "( 1,17,16,32, 6,28, 5,27)( 2,23,22,11,10,31, 9,24)( 3,21,25,20,13, 8,12,30)\n( 4, 7,26,29,15,19,14,18)", "shape": "dot", "size": 10}, {"id": "( 1,18, 5,19, 6,29,16, 7)( 2,13, 9,25,10, 3,22,12)( 4,32,14,17,15,27,26,28)\n( 8,11,20,23,21,24,30,31)", "label": "( 1,18, 5,19, 6,29,16, 7)( 2,13, 9,25,10, 3,22,12)( 4,32,14,17,15,27,26,28)\n( 8,11,20,23,21,24,30,31)", "shape": "dot", "size": 10}, {"id": "( 1,19,16,18, 6, 7, 5,29)( 2,25,22,13,10,12, 9, 3)( 4,17,26,32,15,28,14,27)\n( 8,23,30,11,21,31,20,24)", "label": "( 1,19,16,18, 6, 7, 5,29)( 2,25,22,13,10,12, 9, 3)( 4,17,26,32,15,28,14,27)\n( 8,23,30,11,21,31,20,24)", "shape": "dot", "size": 10}, {"id": "( 1,23, 4,25, 6,31,15,12)( 2,27, 8,29,10,32,21,18)( 3,16,11,26,13, 5,24,14)\n( 7,22,17,30,19, 9,28,20)", "label": "( 1,23, 4,25, 6,31,15,12)( 2,27, 8,29,10,32,21,18)( 3,16,11,26,13, 5,24,14)\n( 7,22,17,30,19, 9,28,20)", "shape": "dot", "size": 10}, {"id": "( 1,24,15,13, 6,11, 4, 3)( 2,28,21,19,10,17, 8, 7)( 5,31,26,25,16,23,14,12)\n( 9,32,30,29,22,27,20,18)", "label": "( 1,24,15,13, 6,11, 4, 3)( 2,28,21,19,10,17, 8, 7)( 5,31,26,25,16,23,14,12)\n( 9,32,30,29,22,27,20,18)", "shape": "dot", "size": 10}, {"id": "( 1,25,15,23, 6,12, 4,31)( 2,29,21,27,10,18, 8,32)( 3,26,24,16,13,14,11, 5)\n( 7,30,28,22,19,20,17, 9)", "label": "( 1,25,15,23, 6,12, 4,31)( 2,29,21,27,10,18, 8,32)( 3,26,24,16,13,14,11, 5)\n( 7,30,28,22,19,20,17, 9)", "shape": "dot", "size": 10}, {"id": "( 1,27, 5,28, 6,32,16,17)( 2,24, 9,31,10,11,22,23)( 3,30,12, 8,13,20,25,21)\n( 4,18,14,19,15,29,26, 7)", "label": "( 1,27, 5,28, 6,32,16,17)( 2,24, 9,31,10,11,22,23)( 3,30,12, 8,13,20,25,21)\n( 4,18,14,19,15,29,26, 7)", "shape": "dot", "size": 10}, {"id": "( 1,28,16,27, 6,17, 5,32)( 2,31,22,24,10,23, 9,11)( 3, 8,25,30,13,21,12,20)\n( 4,19,26,18,15, 7,14,29)", "label": "( 1,28,16,27, 6,17, 5,32)( 2,31,22,24,10,23, 9,11)( 3, 8,25,30,13,21,12,20)\n( 4,19,26,18,15, 7,14,29)", "shape": "dot", "size": 10}, {"id": "( 1,29, 5, 7, 6,18,16,19)( 2, 3, 9,12,10,13,22,25)( 4,27,14,28,15,32,26,17)\n( 8,24,20,31,21,11,30,23)", "label": "( 1,29, 5, 7, 6,18,16,19)( 2, 3, 9,12,10,13,22,25)( 4,27,14,28,15,32,26,17)\n( 8,24,20,31,21,11,30,23)", "shape": "dot", "size": 10}, {"id": "( 1,31, 4,12, 6,23,15,25)( 2,32, 8,18,10,27,21,29)( 3, 5,11,14,13,16,24,26)\n( 7, 9,17,20,19,22,28,30)", "label": "( 1,31, 4,12, 6,23,15,25)( 2,32, 8,18,10,27,21,29)( 3, 5,11,14,13,16,24,26)\n( 7, 9,17,20,19,22,28,30)", "shape": "dot", "size": 10}, {"id": "( 1,32, 5,17, 6,27,16,28)( 2,11, 9,23,10,24,22,31)( 3,20,12,21,13,30,25, 8)\n( 4,29,14, 7,15,18,26,19)", "label": "( 1,32, 5,17, 6,27,16,28)( 2,11, 9,23,10,24,22,31)( 3,20,12,21,13,30,25, 8)\n( 4,29,14, 7,15,18,26,19)", "shape": "dot", "size": 10}, {"id": "( 1, 8, 5,20, 6,21,16,30)( 2,14, 9,15,10,26,22, 4)( 3,19,12,29,13, 7,25,18)\n(11,17,23,27,24,28,31,32)", "label": "( 1, 8, 5,20, 6,21,16,30)( 2,14, 9,15,10,26,22, 4)( 3,19,12,29,13, 7,25,18)\n(11,17,23,27,24,28,31,32)", "shape": "dot", "size": 10}, {"id": "( 1, 9,16, 2, 6,22, 5,10)( 3,27,25,17,13,32,12,28)( 4,30,26,21,15,20,14, 8)\n( 7,24,29,23,19,11,18,31)", "label": "( 1, 9,16, 2, 6,22, 5,10)( 3,27,25,17,13,32,12,28)( 4,30,26,21,15,20,14, 8)\n( 7,24,29,23,19,11,18,31)", "shape": "dot", "size": 10}, {"id": "( 1,10, 5,22, 6, 2,16, 9)( 3,28,12,32,13,17,25,27)( 4, 8,14,20,15,21,26,30)\n( 7,31,18,11,19,23,29,24)", "label": "( 1,10, 5,22, 6, 2,16, 9)( 3,28,12,32,13,17,25,27)( 4, 8,14,20,15,21,26,30)\n( 7,31,18,11,19,23,29,24)", "shape": "dot", "size": 10}, {"id": "( 1,20,16, 8, 6,30, 5,21)( 2,15,22,14,10, 4, 9,26)( 3,29,25,19,13,18,12, 7)\n(11,27,31,17,24,32,23,28)", "label": "( 1,20,16, 8, 6,30, 5,21)( 2,15,22,14,10, 4, 9,26)( 3,29,25,19,13,18,12, 7)\n(11,27,31,17,24,32,23,28)", "shape": "dot", "size": 10}, {"id": "( 1,21, 5,30, 6, 8,16,20)( 2,26, 9, 4,10,14,22,15)( 3, 7,12,18,13,19,25,29)\n(11,28,23,32,24,17,31,27)", "label": "( 1,21, 5,30, 6, 8,16,20)( 2,26, 9, 4,10,14,22,15)( 3, 7,12,18,13,19,25,29)\n(11,28,23,32,24,17,31,27)", "shape": "dot", "size": 10}, {"id": "( 1,22,16,10, 6, 9, 5, 2)( 3,32,25,28,13,27,12,17)( 4,20,26, 8,15,30,14,21)\n( 7,11,29,31,19,24,18,23)", "label": "( 1,22,16,10, 6, 9, 5, 2)( 3,32,25,28,13,27,12,17)( 4,20,26, 8,15,30,14,21)\n( 7,11,29,31,19,24,18,23)", "shape": "dot", "size": 10}, {"id": "( 1,30,16,21, 6,20, 5, 8)( 2, 4,22,26,10,15, 9,14)( 3,18,25, 7,13,29,12,19)\n(11,32,31,28,24,27,23,17)", "label": "( 1,30,16,21, 6,20, 5, 8)( 2, 4,22,26,10,15, 9,14)( 3,18,25, 7,13,29,12,19)\n(11,32,31,28,24,27,23,17)", "shape": "dot", "size": 10}]);
        edges = new vis.DataSet([{"from": "( 1, 2, 5, 9, 6,10,16,22)( 3,17,12,27,13,28,25,32)( 4,21,14,30,15, 8,26,20)\n( 7,23,18,24,19,31,29,11)", "to": "( 1, 3, 4,11, 6,13,15,24)( 2, 7, 8,17,10,19,21,28)( 5,12,14,23,16,25,26,31)\n( 9,18,20,27,22,29,30,32)", "weight": 1}, {"from": "( 1, 2, 5, 9, 6,10,16,22)( 3,17,12,27,13,28,25,32)( 4,21,14,30,15, 8,26,20)\n( 7,23,18,24,19,31,29,11)", "to": "( 1, 7,16,29, 6,19, 5,18)( 2,12,22, 3,10,25, 9,13)( 4,28,26,27,15,17,14,32)\n( 8,31,30,24,21,23,20,11)", "weight": 1}, {"from": "( 1, 2, 5, 9, 6,10,16,22)( 3,17,12,27,13,28,25,32)( 4,21,14,30,15, 8,26,20)\n( 7,23,18,24,19,31,29,11)", "to": "( 1,11,15, 3, 6,24, 4,13)( 2,17,21, 7,10,28, 8,19)( 5,23,26,12,16,31,14,25)\n( 9,27,30,18,22,32,20,29)", "weight": 1}, {"from": "( 1, 2, 5, 9, 6,10,16,22)( 3,17,12,27,13,28,25,32)( 4,21,14,30,15, 8,26,20)\n( 7,23,18,24,19,31,29,11)", "to": "( 1,12,15,31, 6,25, 4,23)( 2,18,21,32,10,29, 8,27)( 3,14,24, 5,13,26,11,16)\n( 7,20,28, 9,19,30,17,22)", "weight": 1}, {"from": "( 1, 2, 5, 9, 6,10,16,22)( 3,17,12,27,13,28,25,32)( 4,21,14,30,15, 8,26,20)\n( 7,23,18,24,19,31,29,11)", "to": "( 1,13, 4,24, 6, 3,15,11)( 2,19, 8,28,10, 7,21,17)( 5,25,14,31,16,12,26,23)\n( 9,29,20,32,22,18,30,27)", "weight": 1}, {"from": "( 1, 2, 5, 9, 6,10,16,22)( 3,17,12,27,13,28,25,32)( 4,21,14,30,15, 8,26,20)\n( 7,23,18,24,19,31,29,11)", "to": "( 1,17,16,32, 6,28, 5,27)( 2,23,22,11,10,31, 9,24)( 3,21,25,20,13, 8,12,30)\n( 4, 7,26,29,15,19,14,18)", "weight": 1}, {"from": "( 1, 2, 5, 9, 6,10,16,22)( 3,17,12,27,13,28,25,32)( 4,21,14,30,15, 8,26,20)\n( 7,23,18,24,19,31,29,11)", "to": "( 1,18, 5,19, 6,29,16, 7)( 2,13, 9,25,10, 3,22,12)( 4,32,14,17,15,27,26,28)\n( 8,11,20,23,21,24,30,31)", "weight": 1}, {"from": "( 1, 2, 5, 9, 6,10,16,22)( 3,17,12,27,13,28,25,32)( 4,21,14,30,15, 8,26,20)\n( 7,23,18,24,19,31,29,11)", "to": "( 1,19,16,18, 6, 7, 5,29)( 2,25,22,13,10,12, 9, 3)( 4,17,26,32,15,28,14,27)\n( 8,23,30,11,21,31,20,24)", "weight": 1}, {"from": "( 1, 2, 5, 9, 6,10,16,22)( 3,17,12,27,13,28,25,32)( 4,21,14,30,15, 8,26,20)\n( 7,23,18,24,19,31,29,11)", "to": "( 1,23, 4,25, 6,31,15,12)( 2,27, 8,29,10,32,21,18)( 3,16,11,26,13, 5,24,14)\n( 7,22,17,30,19, 9,28,20)", "weight": 1}, {"from": "( 1, 2, 5, 9, 6,10,16,22)( 3,17,12,27,13,28,25,32)( 4,21,14,30,15, 8,26,20)\n( 7,23,18,24,19,31,29,11)", "to": "( 1,24,15,13, 6,11, 4, 3)( 2,28,21,19,10,17, 8, 7)( 5,31,26,25,16,23,14,12)\n( 9,32,30,29,22,27,20,18)", "weight": 1}, {"from": "( 1, 2, 5, 9, 6,10,16,22)( 3,17,12,27,13,28,25,32)( 4,21,14,30,15, 8,26,20)\n( 7,23,18,24,19,31,29,11)", "to": "( 1,25,15,23, 6,12, 4,31)( 2,29,21,27,10,18, 8,32)( 3,26,24,16,13,14,11, 5)\n( 7,30,28,22,19,20,17, 9)", "weight": 1}, {"from": "( 1, 2, 5, 9, 6,10,16,22)( 3,17,12,27,13,28,25,32)( 4,21,14,30,15, 8,26,20)\n( 7,23,18,24,19,31,29,11)", "to": "( 1,27, 5,28, 6,32,16,17)( 2,24, 9,31,10,11,22,23)( 3,30,12, 8,13,20,25,21)\n( 4,18,14,19,15,29,26, 7)", "weight": 1}, {"from": "( 1, 2, 5, 9, 6,10,16,22)( 3,17,12,27,13,28,25,32)( 4,21,14,30,15, 8,26,20)\n( 7,23,18,24,19,31,29,11)", "to": "( 1,28,16,27, 6,17, 5,32)( 2,31,22,24,10,23, 9,11)( 3, 8,25,30,13,21,12,20)\n( 4,19,26,18,15, 7,14,29)", "weight": 1}, {"from": "( 1, 2, 5, 9, 6,10,16,22)( 3,17,12,27,13,28,25,32)( 4,21,14,30,15, 8,26,20)\n( 7,23,18,24,19,31,29,11)", "to": "( 1,29, 5, 7, 6,18,16,19)( 2, 3, 9,12,10,13,22,25)( 4,27,14,28,15,32,26,17)\n( 8,24,20,31,21,11,30,23)", "weight": 1}, {"from": "( 1, 2, 5, 9, 6,10,16,22)( 3,17,12,27,13,28,25,32)( 4,21,14,30,15, 8,26,20)\n( 7,23,18,24,19,31,29,11)", "to": "( 1,31, 4,12, 6,23,15,25)( 2,32, 8,18,10,27,21,29)( 3, 5,11,14,13,16,24,26)\n( 7, 9,17,20,19,22,28,30)", "weight": 1}, {"from": "( 1, 2, 5, 9, 6,10,16,22)( 3,17,12,27,13,28,25,32)( 4,21,14,30,15, 8,26,20)\n( 7,23,18,24,19,31,29,11)", "to": "( 1,32, 5,17, 6,27,16,28)( 2,11, 9,23,10,24,22,31)( 3,20,12,21,13,30,25, 8)\n( 4,29,14, 7,15,18,26,19)", "weight": 1}, {"from": "( 1, 3, 4,11, 6,13,15,24)( 2, 7, 8,17,10,19,21,28)( 5,12,14,23,16,25,26,31)\n( 9,18,20,27,22,29,30,32)", "to": "( 1, 7,16,29, 6,19, 5,18)( 2,12,22, 3,10,25, 9,13)( 4,28,26,27,15,17,14,32)\n( 8,31,30,24,21,23,20,11)", "weight": 1}, {"from": "( 1, 3, 4,11, 6,13,15,24)( 2, 7, 8,17,10,19,21,28)( 5,12,14,23,16,25,26,31)\n( 9,18,20,27,22,29,30,32)", "to": "( 1, 8, 5,20, 6,21,16,30)( 2,14, 9,15,10,26,22, 4)( 3,19,12,29,13, 7,25,18)\n(11,17,23,27,24,28,31,32)", "weight": 1}, {"from": "( 1, 3, 4,11, 6,13,15,24)( 2, 7, 8,17,10,19,21,28)( 5,12,14,23,16,25,26,31)\n( 9,18,20,27,22,29,30,32)", "to": "( 1, 9,16, 2, 6,22, 5,10)( 3,27,25,17,13,32,12,28)( 4,30,26,21,15,20,14, 8)\n( 7,24,29,23,19,11,18,31)", "weight": 1}, {"from": "( 1, 3, 4,11, 6,13,15,24)( 2, 7, 8,17,10,19,21,28)( 5,12,14,23,16,25,26,31)\n( 9,18,20,27,22,29,30,32)", "to": "( 1,10, 5,22, 6, 2,16, 9)( 3,28,12,32,13,17,25,27)( 4, 8,14,20,15,21,26,30)\n( 7,31,18,11,19,23,29,24)", "weight": 1}, {"from": "( 1, 3, 4,11, 6,13,15,24)( 2, 7, 8,17,10,19,21,28)( 5,12,14,23,16,25,26,31)\n( 9,18,20,27,22,29,30,32)", "to": "( 1,17,16,32, 6,28, 5,27)( 2,23,22,11,10,31, 9,24)( 3,21,25,20,13, 8,12,30)\n( 4, 7,26,29,15,19,14,18)", "weight": 1}, {"from": "( 1, 3, 4,11, 6,13,15,24)( 2, 7, 8,17,10,19,21,28)( 5,12,14,23,16,25,26,31)\n( 9,18,20,27,22,29,30,32)", "to": "( 1,18, 5,19, 6,29,16, 7)( 2,13, 9,25,10, 3,22,12)( 4,32,14,17,15,27,26,28)\n( 8,11,20,23,21,24,30,31)", "weight": 1}, {"from": "( 1, 3, 4,11, 6,13,15,24)( 2, 7, 8,17,10,19,21,28)( 5,12,14,23,16,25,26,31)\n( 9,18,20,27,22,29,30,32)", "to": "( 1,19,16,18, 6, 7, 5,29)( 2,25,22,13,10,12, 9, 3)( 4,17,26,32,15,28,14,27)\n( 8,23,30,11,21,31,20,24)", "weight": 1}, {"from": "( 1, 3, 4,11, 6,13,15,24)( 2, 7, 8,17,10,19,21,28)( 5,12,14,23,16,25,26,31)\n( 9,18,20,27,22,29,30,32)", "to": "( 1,20,16, 8, 6,30, 5,21)( 2,15,22,14,10, 4, 9,26)( 3,29,25,19,13,18,12, 7)\n(11,27,31,17,24,32,23,28)", "weight": 1}, {"from": "( 1, 3, 4,11, 6,13,15,24)( 2, 7, 8,17,10,19,21,28)( 5,12,14,23,16,25,26,31)\n( 9,18,20,27,22,29,30,32)", "to": "( 1,21, 5,30, 6, 8,16,20)( 2,26, 9, 4,10,14,22,15)( 3, 7,12,18,13,19,25,29)\n(11,28,23,32,24,17,31,27)", "weight": 1}, {"from": "( 1, 3, 4,11, 6,13,15,24)( 2, 7, 8,17,10,19,21,28)( 5,12,14,23,16,25,26,31)\n( 9,18,20,27,22,29,30,32)", "to": "( 1,22,16,10, 6, 9, 5, 2)( 3,32,25,28,13,27,12,17)( 4,20,26, 8,15,30,14,21)\n( 7,11,29,31,19,24,18,23)", "weight": 1}, {"from": "( 1, 3, 4,11, 6,13,15,24)( 2, 7, 8,17,10,19,21,28)( 5,12,14,23,16,25,26,31)\n( 9,18,20,27,22,29,30,32)", "to": "( 1,27, 5,28, 6,32,16,17)( 2,24, 9,31,10,11,22,23)( 3,30,12, 8,13,20,25,21)\n( 4,18,14,19,15,29,26, 7)", "weight": 1}, {"from": "( 1, 3, 4,11, 6,13,15,24)( 2, 7, 8,17,10,19,21,28)( 5,12,14,23,16,25,26,31)\n( 9,18,20,27,22,29,30,32)", "to": "( 1,28,16,27, 6,17, 5,32)( 2,31,22,24,10,23, 9,11)( 3, 8,25,30,13,21,12,20)\n( 4,19,26,18,15, 7,14,29)", "weight": 1}, {"from": "( 1, 3, 4,11, 6,13,15,24)( 2, 7, 8,17,10,19,21,28)( 5,12,14,23,16,25,26,31)\n( 9,18,20,27,22,29,30,32)", "to": "( 1,29, 5, 7, 6,18,16,19)( 2, 3, 9,12,10,13,22,25)( 4,27,14,28,15,32,26,17)\n( 8,24,20,31,21,11,30,23)", "weight": 1}, {"from": "( 1, 3, 4,11, 6,13,15,24)( 2, 7, 8,17,10,19,21,28)( 5,12,14,23,16,25,26,31)\n( 9,18,20,27,22,29,30,32)", "to": "( 1,30,16,21, 6,20, 5, 8)( 2, 4,22,26,10,15, 9,14)( 3,18,25, 7,13,29,12,19)\n(11,32,31,28,24,27,23,17)", "weight": 1}, {"from": "( 1, 3, 4,11, 6,13,15,24)( 2, 7, 8,17,10,19,21,28)( 5,12,14,23,16,25,26,31)\n( 9,18,20,27,22,29,30,32)", "to": "( 1,32, 5,17, 6,27,16,28)( 2,11, 9,23,10,24,22,31)( 3,20,12,21,13,30,25, 8)\n( 4,29,14, 7,15,18,26,19)", "weight": 1}, {"from": "( 1, 7,16,29, 6,19, 5,18)( 2,12,22, 3,10,25, 9,13)( 4,28,26,27,15,17,14,32)\n( 8,31,30,24,21,23,20,11)", "to": "( 1, 8, 5,20, 6,21,16,30)( 2,14, 9,15,10,26,22, 4)( 3,19,12,29,13, 7,25,18)\n(11,17,23,27,24,28,31,32)", "weight": 1}, {"from": "( 1, 7,16,29, 6,19, 5,18)( 2,12,22, 3,10,25, 9,13)( 4,28,26,27,15,17,14,32)\n( 8,31,30,24,21,23,20,11)", "to": "( 1, 9,16, 2, 6,22, 5,10)( 3,27,25,17,13,32,12,28)( 4,30,26,21,15,20,14, 8)\n( 7,24,29,23,19,11,18,31)", "weight": 1}, {"from": "( 1, 7,16,29, 6,19, 5,18)( 2,12,22, 3,10,25, 9,13)( 4,28,26,27,15,17,14,32)\n( 8,31,30,24,21,23,20,11)", "to": "( 1,10, 5,22, 6, 2,16, 9)( 3,28,12,32,13,17,25,27)( 4, 8,14,20,15,21,26,30)\n( 7,31,18,11,19,23,29,24)", "weight": 1}, {"from": "( 1, 7,16,29, 6,19, 5,18)( 2,12,22, 3,10,25, 9,13)( 4,28,26,27,15,17,14,32)\n( 8,31,30,24,21,23,20,11)", "to": "( 1,11,15, 3, 6,24, 4,13)( 2,17,21, 7,10,28, 8,19)( 5,23,26,12,16,31,14,25)\n( 9,27,30,18,22,32,20,29)", "weight": 1}, {"from": "( 1, 7,16,29, 6,19, 5,18)( 2,12,22, 3,10,25, 9,13)( 4,28,26,27,15,17,14,32)\n( 8,31,30,24,21,23,20,11)", "to": "( 1,12,15,31, 6,25, 4,23)( 2,18,21,32,10,29, 8,27)( 3,14,24, 5,13,26,11,16)\n( 7,20,28, 9,19,30,17,22)", "weight": 1}, {"from": "( 1, 7,16,29, 6,19, 5,18)( 2,12,22, 3,10,25, 9,13)( 4,28,26,27,15,17,14,32)\n( 8,31,30,24,21,23,20,11)", "to": "( 1,13, 4,24, 6, 3,15,11)( 2,19, 8,28,10, 7,21,17)( 5,25,14,31,16,12,26,23)\n( 9,29,20,32,22,18,30,27)", "weight": 1}, {"from": "( 1, 7,16,29, 6,19, 5,18)( 2,12,22, 3,10,25, 9,13)( 4,28,26,27,15,17,14,32)\n( 8,31,30,24,21,23,20,11)", "to": "( 1,20,16, 8, 6,30, 5,21)( 2,15,22,14,10, 4, 9,26)( 3,29,25,19,13,18,12, 7)\n(11,27,31,17,24,32,23,28)", "weight": 1}, {"from": "( 1, 7,16,29, 6,19, 5,18)( 2,12,22, 3,10,25, 9,13)( 4,28,26,27,15,17,14,32)\n( 8,31,30,24,21,23,20,11)", "to": "( 1,21, 5,30, 6, 8,16,20)( 2,26, 9, 4,10,14,22,15)( 3, 7,12,18,13,19,25,29)\n(11,28,23,32,24,17,31,27)", "weight": 1}, {"from": "( 1, 7,16,29, 6,19, 5,18)( 2,12,22, 3,10,25, 9,13)( 4,28,26,27,15,17,14,32)\n( 8,31,30,24,21,23,20,11)", "to": "( 1,22,16,10, 6, 9, 5, 2)( 3,32,25,28,13,27,12,17)( 4,20,26, 8,15,30,14,21)\n( 7,11,29,31,19,24,18,23)", "weight": 1}, {"from": "( 1, 7,16,29, 6,19, 5,18)( 2,12,22, 3,10,25, 9,13)( 4,28,26,27,15,17,14,32)\n( 8,31,30,24,21,23,20,11)", "to": "( 1,23, 4,25, 6,31,15,12)( 2,27, 8,29,10,32,21,18)( 3,16,11,26,13, 5,24,14)\n( 7,22,17,30,19, 9,28,20)", "weight": 1}, {"from": "( 1, 7,16,29, 6,19, 5,18)( 2,12,22, 3,10,25, 9,13)( 4,28,26,27,15,17,14,32)\n( 8,31,30,24,21,23,20,11)", "to": "( 1,24,15,13, 6,11, 4, 3)( 2,28,21,19,10,17, 8, 7)( 5,31,26,25,16,23,14,12)\n( 9,32,30,29,22,27,20,18)", "weight": 1}, {"from": "( 1, 7,16,29, 6,19, 5,18)( 2,12,22, 3,10,25, 9,13)( 4,28,26,27,15,17,14,32)\n( 8,31,30,24,21,23,20,11)", "to": "( 1,25,15,23, 6,12, 4,31)( 2,29,21,27,10,18, 8,32)( 3,26,24,16,13,14,11, 5)\n( 7,30,28,22,19,20,17, 9)", "weight": 1}, {"from": "( 1, 7,16,29, 6,19, 5,18)( 2,12,22, 3,10,25, 9,13)( 4,28,26,27,15,17,14,32)\n( 8,31,30,24,21,23,20,11)", "to": "( 1,30,16,21, 6,20, 5, 8)( 2, 4,22,26,10,15, 9,14)( 3,18,25, 7,13,29,12,19)\n(11,32,31,28,24,27,23,17)", "weight": 1}, {"from": "( 1, 7,16,29, 6,19, 5,18)( 2,12,22, 3,10,25, 9,13)( 4,28,26,27,15,17,14,32)\n( 8,31,30,24,21,23,20,11)", "to": "( 1,31, 4,12, 6,23,15,25)( 2,32, 8,18,10,27,21,29)( 3, 5,11,14,13,16,24,26)\n( 7, 9,17,20,19,22,28,30)", "weight": 1}, {"from": "( 1,11,15, 3, 6,24, 4,13)( 2,17,21, 7,10,28, 8,19)( 5,23,26,12,16,31,14,25)\n( 9,27,30,18,22,32,20,29)", "to": "( 1, 8, 5,20, 6,21,16,30)( 2,14, 9,15,10,26,22, 4)( 3,19,12,29,13, 7,25,18)\n(11,17,23,27,24,28,31,32)", "weight": 1}, {"from": "( 1,11,15, 3, 6,24, 4,13)( 2,17,21, 7,10,28, 8,19)( 5,23,26,12,16,31,14,25)\n( 9,27,30,18,22,32,20,29)", "to": "( 1, 9,16, 2, 6,22, 5,10)( 3,27,25,17,13,32,12,28)( 4,30,26,21,15,20,14, 8)\n( 7,24,29,23,19,11,18,31)", "weight": 1}, {"from": "( 1,11,15, 3, 6,24, 4,13)( 2,17,21, 7,10,28, 8,19)( 5,23,26,12,16,31,14,25)\n( 9,27,30,18,22,32,20,29)", "to": "( 1,10, 5,22, 6, 2,16, 9)( 3,28,12,32,13,17,25,27)( 4, 8,14,20,15,21,26,30)\n( 7,31,18,11,19,23,29,24)", "weight": 1}, {"from": "( 1,11,15, 3, 6,24, 4,13)( 2,17,21, 7,10,28, 8,19)( 5,23,26,12,16,31,14,25)\n( 9,27,30,18,22,32,20,29)", "to": "( 1,17,16,32, 6,28, 5,27)( 2,23,22,11,10,31, 9,24)( 3,21,25,20,13, 8,12,30)\n( 4, 7,26,29,15,19,14,18)", "weight": 1}, {"from": "( 1,11,15, 3, 6,24, 4,13)( 2,17,21, 7,10,28, 8,19)( 5,23,26,12,16,31,14,25)\n( 9,27,30,18,22,32,20,29)", "to": "( 1,18, 5,19, 6,29,16, 7)( 2,13, 9,25,10, 3,22,12)( 4,32,14,17,15,27,26,28)\n( 8,11,20,23,21,24,30,31)", "weight": 1}, {"from": "( 1,11,15, 3, 6,24, 4,13)( 2,17,21, 7,10,28, 8,19)( 5,23,26,12,16,31,14,25)\n( 9,27,30,18,22,32,20,29)", "to": "( 1,19,16,18, 6, 7, 5,29)( 2,25,22,13,10,12, 9, 3)( 4,17,26,32,15,28,14,27)\n( 8,23,30,11,21,31,20,24)", "weight": 1}, {"from": "( 1,11,15, 3, 6,24, 4,13)( 2,17,21, 7,10,28, 8,19)( 5,23,26,12,16,31,14,25)\n( 9,27,30,18,22,32,20,29)", "to": "( 1,20,16, 8, 6,30, 5,21)( 2,15,22,14,10, 4, 9,26)( 3,29,25,19,13,18,12, 7)\n(11,27,31,17,24,32,23,28)", "weight": 1}, {"from": "( 1,11,15, 3, 6,24, 4,13)( 2,17,21, 7,10,28, 8,19)( 5,23,26,12,16,31,14,25)\n( 9,27,30,18,22,32,20,29)", "to": "( 1,21, 5,30, 6, 8,16,20)( 2,26, 9, 4,10,14,22,15)( 3, 7,12,18,13,19,25,29)\n(11,28,23,32,24,17,31,27)", "weight": 1}, {"from": "( 1,11,15, 3, 6,24, 4,13)( 2,17,21, 7,10,28, 8,19)( 5,23,26,12,16,31,14,25)\n( 9,27,30,18,22,32,20,29)", "to": "( 1,22,16,10, 6, 9, 5, 2)( 3,32,25,28,13,27,12,17)( 4,20,26, 8,15,30,14,21)\n( 7,11,29,31,19,24,18,23)", "weight": 1}, {"from": "( 1,11,15, 3, 6,24, 4,13)( 2,17,21, 7,10,28, 8,19)( 5,23,26,12,16,31,14,25)\n( 9,27,30,18,22,32,20,29)", "to": "( 1,27, 5,28, 6,32,16,17)( 2,24, 9,31,10,11,22,23)( 3,30,12, 8,13,20,25,21)\n( 4,18,14,19,15,29,26, 7)", "weight": 1}, {"from": "( 1,11,15, 3, 6,24, 4,13)( 2,17,21, 7,10,28, 8,19)( 5,23,26,12,16,31,14,25)\n( 9,27,30,18,22,32,20,29)", "to": "( 1,28,16,27, 6,17, 5,32)( 2,31,22,24,10,23, 9,11)( 3, 8,25,30,13,21,12,20)\n( 4,19,26,18,15, 7,14,29)", "weight": 1}, {"from": "( 1,11,15, 3, 6,24, 4,13)( 2,17,21, 7,10,28, 8,19)( 5,23,26,12,16,31,14,25)\n( 9,27,30,18,22,32,20,29)", "to": "( 1,29, 5, 7, 6,18,16,19)( 2, 3, 9,12,10,13,22,25)( 4,27,14,28,15,32,26,17)\n( 8,24,20,31,21,11,30,23)", "weight": 1}, {"from": "( 1,11,15, 3, 6,24, 4,13)( 2,17,21, 7,10,28, 8,19)( 5,23,26,12,16,31,14,25)\n( 9,27,30,18,22,32,20,29)", "to": "( 1,30,16,21, 6,20, 5, 8)( 2, 4,22,26,10,15, 9,14)( 3,18,25, 7,13,29,12,19)\n(11,32,31,28,24,27,23,17)", "weight": 1}, {"from": "( 1,11,15, 3, 6,24, 4,13)( 2,17,21, 7,10,28, 8,19)( 5,23,26,12,16,31,14,25)\n( 9,27,30,18,22,32,20,29)", "to": "( 1,32, 5,17, 6,27,16,28)( 2,11, 9,23,10,24,22,31)( 3,20,12,21,13,30,25, 8)\n( 4,29,14, 7,15,18,26,19)", "weight": 1}, {"from": "( 1,12,15,31, 6,25, 4,23)( 2,18,21,32,10,29, 8,27)( 3,14,24, 5,13,26,11,16)\n( 7,20,28, 9,19,30,17,22)", "to": "( 1, 8, 5,20, 6,21,16,30)( 2,14, 9,15,10,26,22, 4)( 3,19,12,29,13, 7,25,18)\n(11,17,23,27,24,28,31,32)", "weight": 1}, {"from": "( 1,12,15,31, 6,25, 4,23)( 2,18,21,32,10,29, 8,27)( 3,14,24, 5,13,26,11,16)\n( 7,20,28, 9,19,30,17,22)", "to": "( 1, 9,16, 2, 6,22, 5,10)( 3,27,25,17,13,32,12,28)( 4,30,26,21,15,20,14, 8)\n( 7,24,29,23,19,11,18,31)", "weight": 1}, {"from": "( 1,12,15,31, 6,25, 4,23)( 2,18,21,32,10,29, 8,27)( 3,14,24, 5,13,26,11,16)\n( 7,20,28, 9,19,30,17,22)", "to": "( 1,10, 5,22, 6, 2,16, 9)( 3,28,12,32,13,17,25,27)( 4, 8,14,20,15,21,26,30)\n( 7,31,18,11,19,23,29,24)", "weight": 1}, {"from": "( 1,12,15,31, 6,25, 4,23)( 2,18,21,32,10,29, 8,27)( 3,14,24, 5,13,26,11,16)\n( 7,20,28, 9,19,30,17,22)", "to": "( 1,17,16,32, 6,28, 5,27)( 2,23,22,11,10,31, 9,24)( 3,21,25,20,13, 8,12,30)\n( 4, 7,26,29,15,19,14,18)", "weight": 1}, {"from": "( 1,12,15,31, 6,25, 4,23)( 2,18,21,32,10,29, 8,27)( 3,14,24, 5,13,26,11,16)\n( 7,20,28, 9,19,30,17,22)", "to": "( 1,18, 5,19, 6,29,16, 7)( 2,13, 9,25,10, 3,22,12)( 4,32,14,17,15,27,26,28)\n( 8,11,20,23,21,24,30,31)", "weight": 1}, {"from": "( 1,12,15,31, 6,25, 4,23)( 2,18,21,32,10,29, 8,27)( 3,14,24, 5,13,26,11,16)\n( 7,20,28, 9,19,30,17,22)", "to": "( 1,19,16,18, 6, 7, 5,29)( 2,25,22,13,10,12, 9, 3)( 4,17,26,32,15,28,14,27)\n( 8,23,30,11,21,31,20,24)", "weight": 1}, {"from": "( 1,12,15,31, 6,25, 4,23)( 2,18,21,32,10,29, 8,27)( 3,14,24, 5,13,26,11,16)\n( 7,20,28, 9,19,30,17,22)", "to": "( 1,20,16, 8, 6,30, 5,21)( 2,15,22,14,10, 4, 9,26)( 3,29,25,19,13,18,12, 7)\n(11,27,31,17,24,32,23,28)", "weight": 1}, {"from": "( 1,12,15,31, 6,25, 4,23)( 2,18,21,32,10,29, 8,27)( 3,14,24, 5,13,26,11,16)\n( 7,20,28, 9,19,30,17,22)", "to": "( 1,21, 5,30, 6, 8,16,20)( 2,26, 9, 4,10,14,22,15)( 3, 7,12,18,13,19,25,29)\n(11,28,23,32,24,17,31,27)", "weight": 1}, {"from": "( 1,12,15,31, 6,25, 4,23)( 2,18,21,32,10,29, 8,27)( 3,14,24, 5,13,26,11,16)\n( 7,20,28, 9,19,30,17,22)", "to": "( 1,22,16,10, 6, 9, 5, 2)( 3,32,25,28,13,27,12,17)( 4,20,26, 8,15,30,14,21)\n( 7,11,29,31,19,24,18,23)", "weight": 1}, {"from": "( 1,12,15,31, 6,25, 4,23)( 2,18,21,32,10,29, 8,27)( 3,14,24, 5,13,26,11,16)\n( 7,20,28, 9,19,30,17,22)", "to": "( 1,27, 5,28, 6,32,16,17)( 2,24, 9,31,10,11,22,23)( 3,30,12, 8,13,20,25,21)\n( 4,18,14,19,15,29,26, 7)", "weight": 1}, {"from": "( 1,12,15,31, 6,25, 4,23)( 2,18,21,32,10,29, 8,27)( 3,14,24, 5,13,26,11,16)\n( 7,20,28, 9,19,30,17,22)", "to": "( 1,28,16,27, 6,17, 5,32)( 2,31,22,24,10,23, 9,11)( 3, 8,25,30,13,21,12,20)\n( 4,19,26,18,15, 7,14,29)", "weight": 1}, {"from": "( 1,12,15,31, 6,25, 4,23)( 2,18,21,32,10,29, 8,27)( 3,14,24, 5,13,26,11,16)\n( 7,20,28, 9,19,30,17,22)", "to": "( 1,29, 5, 7, 6,18,16,19)( 2, 3, 9,12,10,13,22,25)( 4,27,14,28,15,32,26,17)\n( 8,24,20,31,21,11,30,23)", "weight": 1}, {"from": "( 1,12,15,31, 6,25, 4,23)( 2,18,21,32,10,29, 8,27)( 3,14,24, 5,13,26,11,16)\n( 7,20,28, 9,19,30,17,22)", "to": "( 1,30,16,21, 6,20, 5, 8)( 2, 4,22,26,10,15, 9,14)( 3,18,25, 7,13,29,12,19)\n(11,32,31,28,24,27,23,17)", "weight": 1}, {"from": "( 1,12,15,31, 6,25, 4,23)( 2,18,21,32,10,29, 8,27)( 3,14,24, 5,13,26,11,16)\n( 7,20,28, 9,19,30,17,22)", "to": "( 1,32, 5,17, 6,27,16,28)( 2,11, 9,23,10,24,22,31)( 3,20,12,21,13,30,25, 8)\n( 4,29,14, 7,15,18,26,19)", "weight": 1}, {"from": "( 1,13, 4,24, 6, 3,15,11)( 2,19, 8,28,10, 7,21,17)( 5,25,14,31,16,12,26,23)\n( 9,29,20,32,22,18,30,27)", "to": "( 1, 8, 5,20, 6,21,16,30)( 2,14, 9,15,10,26,22, 4)( 3,19,12,29,13, 7,25,18)\n(11,17,23,27,24,28,31,32)", "weight": 1}, {"from": "( 1,13, 4,24, 6, 3,15,11)( 2,19, 8,28,10, 7,21,17)( 5,25,14,31,16,12,26,23)\n( 9,29,20,32,22,18,30,27)", "to": "( 1, 9,16, 2, 6,22, 5,10)( 3,27,25,17,13,32,12,28)( 4,30,26,21,15,20,14, 8)\n( 7,24,29,23,19,11,18,31)", "weight": 1}, {"from": "( 1,13, 4,24, 6, 3,15,11)( 2,19, 8,28,10, 7,21,17)( 5,25,14,31,16,12,26,23)\n( 9,29,20,32,22,18,30,27)", "to": "( 1,10, 5,22, 6, 2,16, 9)( 3,28,12,32,13,17,25,27)( 4, 8,14,20,15,21,26,30)\n( 7,31,18,11,19,23,29,24)", "weight": 1}, {"from": "( 1,13, 4,24, 6, 3,15,11)( 2,19, 8,28,10, 7,21,17)( 5,25,14,31,16,12,26,23)\n( 9,29,20,32,22,18,30,27)", "to": "( 1,17,16,32, 6,28, 5,27)( 2,23,22,11,10,31, 9,24)( 3,21,25,20,13, 8,12,30)\n( 4, 7,26,29,15,19,14,18)", "weight": 1}, {"from": "( 1,13, 4,24, 6, 3,15,11)( 2,19, 8,28,10, 7,21,17)( 5,25,14,31,16,12,26,23)\n( 9,29,20,32,22,18,30,27)", "to": "( 1,18, 5,19, 6,29,16, 7)( 2,13, 9,25,10, 3,22,12)( 4,32,14,17,15,27,26,28)\n( 8,11,20,23,21,24,30,31)", "weight": 1}, {"from": "( 1,13, 4,24, 6, 3,15,11)( 2,19, 8,28,10, 7,21,17)( 5,25,14,31,16,12,26,23)\n( 9,29,20,32,22,18,30,27)", "to": "( 1,19,16,18, 6, 7, 5,29)( 2,25,22,13,10,12, 9, 3)( 4,17,26,32,15,28,14,27)\n( 8,23,30,11,21,31,20,24)", "weight": 1}, {"from": "( 1,13, 4,24, 6, 3,15,11)( 2,19, 8,28,10, 7,21,17)( 5,25,14,31,16,12,26,23)\n( 9,29,20,32,22,18,30,27)", "to": "( 1,20,16, 8, 6,30, 5,21)( 2,15,22,14,10, 4, 9,26)( 3,29,25,19,13,18,12, 7)\n(11,27,31,17,24,32,23,28)", "weight": 1}, {"from": "( 1,13, 4,24, 6, 3,15,11)( 2,19, 8,28,10, 7,21,17)( 5,25,14,31,16,12,26,23)\n( 9,29,20,32,22,18,30,27)", "to": "( 1,21, 5,30, 6, 8,16,20)( 2,26, 9, 4,10,14,22,15)( 3, 7,12,18,13,19,25,29)\n(11,28,23,32,24,17,31,27)", "weight": 1}, {"from": "( 1,13, 4,24, 6, 3,15,11)( 2,19, 8,28,10, 7,21,17)( 5,25,14,31,16,12,26,23)\n( 9,29,20,32,22,18,30,27)", "to": "( 1,22,16,10, 6, 9, 5, 2)( 3,32,25,28,13,27,12,17)( 4,20,26, 8,15,30,14,21)\n( 7,11,29,31,19,24,18,23)", "weight": 1}, {"from": "( 1,13, 4,24, 6, 3,15,11)( 2,19, 8,28,10, 7,21,17)( 5,25,14,31,16,12,26,23)\n( 9,29,20,32,22,18,30,27)", "to": "( 1,27, 5,28, 6,32,16,17)( 2,24, 9,31,10,11,22,23)( 3,30,12, 8,13,20,25,21)\n( 4,18,14,19,15,29,26, 7)", "weight": 1}, {"from": "( 1,13, 4,24, 6, 3,15,11)( 2,19, 8,28,10, 7,21,17)( 5,25,14,31,16,12,26,23)\n( 9,29,20,32,22,18,30,27)", "to": "( 1,28,16,27, 6,17, 5,32)( 2,31,22,24,10,23, 9,11)( 3, 8,25,30,13,21,12,20)\n( 4,19,26,18,15, 7,14,29)", "weight": 1}, {"from": "( 1,13, 4,24, 6, 3,15,11)( 2,19, 8,28,10, 7,21,17)( 5,25,14,31,16,12,26,23)\n( 9,29,20,32,22,18,30,27)", "to": "( 1,29, 5, 7, 6,18,16,19)( 2, 3, 9,12,10,13,22,25)( 4,27,14,28,15,32,26,17)\n( 8,24,20,31,21,11,30,23)", "weight": 1}, {"from": "( 1,13, 4,24, 6, 3,15,11)( 2,19, 8,28,10, 7,21,17)( 5,25,14,31,16,12,26,23)\n( 9,29,20,32,22,18,30,27)", "to": "( 1,30,16,21, 6,20, 5, 8)( 2, 4,22,26,10,15, 9,14)( 3,18,25, 7,13,29,12,19)\n(11,32,31,28,24,27,23,17)", "weight": 1}, {"from": "( 1,13, 4,24, 6, 3,15,11)( 2,19, 8,28,10, 7,21,17)( 5,25,14,31,16,12,26,23)\n( 9,29,20,32,22,18,30,27)", "to": "( 1,32, 5,17, 6,27,16,28)( 2,11, 9,23,10,24,22,31)( 3,20,12,21,13,30,25, 8)\n( 4,29,14, 7,15,18,26,19)", "weight": 1}, {"from": "( 1,17,16,32, 6,28, 5,27)( 2,23,22,11,10,31, 9,24)( 3,21,25,20,13, 8,12,30)\n( 4, 7,26,29,15,19,14,18)", "to": "( 1, 8, 5,20, 6,21,16,30)( 2,14, 9,15,10,26,22, 4)( 3,19,12,29,13, 7,25,18)\n(11,17,23,27,24,28,31,32)", "weight": 1}, {"from": "( 1,17,16,32, 6,28, 5,27)( 2,23,22,11,10,31, 9,24)( 3,21,25,20,13, 8,12,30)\n( 4, 7,26,29,15,19,14,18)", "to": "( 1, 9,16, 2, 6,22, 5,10)( 3,27,25,17,13,32,12,28)( 4,30,26,21,15,20,14, 8)\n( 7,24,29,23,19,11,18,31)", "weight": 1}, {"from": "( 1,17,16,32, 6,28, 5,27)( 2,23,22,11,10,31, 9,24)( 3,21,25,20,13, 8,12,30)\n( 4, 7,26,29,15,19,14,18)", "to": "( 1,10, 5,22, 6, 2,16, 9)( 3,28,12,32,13,17,25,27)( 4, 8,14,20,15,21,26,30)\n( 7,31,18,11,19,23,29,24)", "weight": 1}, {"from": "( 1,17,16,32, 6,28, 5,27)( 2,23,22,11,10,31, 9,24)( 3,21,25,20,13, 8,12,30)\n( 4, 7,26,29,15,19,14,18)", "to": "( 1,20,16, 8, 6,30, 5,21)( 2,15,22,14,10, 4, 9,26)( 3,29,25,19,13,18,12, 7)\n(11,27,31,17,24,32,23,28)", "weight": 1}, {"from": "( 1,17,16,32, 6,28, 5,27)( 2,23,22,11,10,31, 9,24)( 3,21,25,20,13, 8,12,30)\n( 4, 7,26,29,15,19,14,18)", "to": "( 1,21, 5,30, 6, 8,16,20)( 2,26, 9, 4,10,14,22,15)( 3, 7,12,18,13,19,25,29)\n(11,28,23,32,24,17,31,27)", "weight": 1}, {"from": "( 1,17,16,32, 6,28, 5,27)( 2,23,22,11,10,31, 9,24)( 3,21,25,20,13, 8,12,30)\n( 4, 7,26,29,15,19,14,18)", "to": "( 1,22,16,10, 6, 9, 5, 2)( 3,32,25,28,13,27,12,17)( 4,20,26, 8,15,30,14,21)\n( 7,11,29,31,19,24,18,23)", "weight": 1}, {"from": "( 1,17,16,32, 6,28, 5,27)( 2,23,22,11,10,31, 9,24)( 3,21,25,20,13, 8,12,30)\n( 4, 7,26,29,15,19,14,18)", "to": "( 1,23, 4,25, 6,31,15,12)( 2,27, 8,29,10,32,21,18)( 3,16,11,26,13, 5,24,14)\n( 7,22,17,30,19, 9,28,20)", "weight": 1}, {"from": "( 1,17,16,32, 6,28, 5,27)( 2,23,22,11,10,31, 9,24)( 3,21,25,20,13, 8,12,30)\n( 4, 7,26,29,15,19,14,18)", "to": "( 1,24,15,13, 6,11, 4, 3)( 2,28,21,19,10,17, 8, 7)( 5,31,26,25,16,23,14,12)\n( 9,32,30,29,22,27,20,18)", "weight": 1}, {"from": "( 1,17,16,32, 6,28, 5,27)( 2,23,22,11,10,31, 9,24)( 3,21,25,20,13, 8,12,30)\n( 4, 7,26,29,15,19,14,18)", "to": "( 1,25,15,23, 6,12, 4,31)( 2,29,21,27,10,18, 8,32)( 3,26,24,16,13,14,11, 5)\n( 7,30,28,22,19,20,17, 9)", "weight": 1}, {"from": "( 1,17,16,32, 6,28, 5,27)( 2,23,22,11,10,31, 9,24)( 3,21,25,20,13, 8,12,30)\n( 4, 7,26,29,15,19,14,18)", "to": "( 1,30,16,21, 6,20, 5, 8)( 2, 4,22,26,10,15, 9,14)( 3,18,25, 7,13,29,12,19)\n(11,32,31,28,24,27,23,17)", "weight": 1}, {"from": "( 1,17,16,32, 6,28, 5,27)( 2,23,22,11,10,31, 9,24)( 3,21,25,20,13, 8,12,30)\n( 4, 7,26,29,15,19,14,18)", "to": "( 1,31, 4,12, 6,23,15,25)( 2,32, 8,18,10,27,21,29)( 3, 5,11,14,13,16,24,26)\n( 7, 9,17,20,19,22,28,30)", "weight": 1}, {"from": "( 1,18, 5,19, 6,29,16, 7)( 2,13, 9,25,10, 3,22,12)( 4,32,14,17,15,27,26,28)\n( 8,11,20,23,21,24,30,31)", "to": "( 1, 8, 5,20, 6,21,16,30)( 2,14, 9,15,10,26,22, 4)( 3,19,12,29,13, 7,25,18)\n(11,17,23,27,24,28,31,32)", "weight": 1}, {"from": "( 1,18, 5,19, 6,29,16, 7)( 2,13, 9,25,10, 3,22,12)( 4,32,14,17,15,27,26,28)\n( 8,11,20,23,21,24,30,31)", "to": "( 1, 9,16, 2, 6,22, 5,10)( 3,27,25,17,13,32,12,28)( 4,30,26,21,15,20,14, 8)\n( 7,24,29,23,19,11,18,31)", "weight": 1}, {"from": "( 1,18, 5,19, 6,29,16, 7)( 2,13, 9,25,10, 3,22,12)( 4,32,14,17,15,27,26,28)\n( 8,11,20,23,21,24,30,31)", "to": "( 1,10, 5,22, 6, 2,16, 9)( 3,28,12,32,13,17,25,27)( 4, 8,14,20,15,21,26,30)\n( 7,31,18,11,19,23,29,24)", "weight": 1}, {"from": "( 1,18, 5,19, 6,29,16, 7)( 2,13, 9,25,10, 3,22,12)( 4,32,14,17,15,27,26,28)\n( 8,11,20,23,21,24,30,31)", "to": "( 1,20,16, 8, 6,30, 5,21)( 2,15,22,14,10, 4, 9,26)( 3,29,25,19,13,18,12, 7)\n(11,27,31,17,24,32,23,28)", "weight": 1}, {"from": "( 1,18, 5,19, 6,29,16, 7)( 2,13, 9,25,10, 3,22,12)( 4,32,14,17,15,27,26,28)\n( 8,11,20,23,21,24,30,31)", "to": "( 1,21, 5,30, 6, 8,16,20)( 2,26, 9, 4,10,14,22,15)( 3, 7,12,18,13,19,25,29)\n(11,28,23,32,24,17,31,27)", "weight": 1}, {"from": "( 1,18, 5,19, 6,29,16, 7)( 2,13, 9,25,10, 3,22,12)( 4,32,14,17,15,27,26,28)\n( 8,11,20,23,21,24,30,31)", "to": "( 1,22,16,10, 6, 9, 5, 2)( 3,32,25,28,13,27,12,17)( 4,20,26, 8,15,30,14,21)\n( 7,11,29,31,19,24,18,23)", "weight": 1}, {"from": "( 1,18, 5,19, 6,29,16, 7)( 2,13, 9,25,10, 3,22,12)( 4,32,14,17,15,27,26,28)\n( 8,11,20,23,21,24,30,31)", "to": "( 1,23, 4,25, 6,31,15,12)( 2,27, 8,29,10,32,21,18)( 3,16,11,26,13, 5,24,14)\n( 7,22,17,30,19, 9,28,20)", "weight": 1}, {"from": "( 1,18, 5,19, 6,29,16, 7)( 2,13, 9,25,10, 3,22,12)( 4,32,14,17,15,27,26,28)\n( 8,11,20,23,21,24,30,31)", "to": "( 1,24,15,13, 6,11, 4, 3)( 2,28,21,19,10,17, 8, 7)( 5,31,26,25,16,23,14,12)\n( 9,32,30,29,22,27,20,18)", "weight": 1}, {"from": "( 1,18, 5,19, 6,29,16, 7)( 2,13, 9,25,10, 3,22,12)( 4,32,14,17,15,27,26,28)\n( 8,11,20,23,21,24,30,31)", "to": "( 1,25,15,23, 6,12, 4,31)( 2,29,21,27,10,18, 8,32)( 3,26,24,16,13,14,11, 5)\n( 7,30,28,22,19,20,17, 9)", "weight": 1}, {"from": "( 1,18, 5,19, 6,29,16, 7)( 2,13, 9,25,10, 3,22,12)( 4,32,14,17,15,27,26,28)\n( 8,11,20,23,21,24,30,31)", "to": "( 1,30,16,21, 6,20, 5, 8)( 2, 4,22,26,10,15, 9,14)( 3,18,25, 7,13,29,12,19)\n(11,32,31,28,24,27,23,17)", "weight": 1}, {"from": "( 1,18, 5,19, 6,29,16, 7)( 2,13, 9,25,10, 3,22,12)( 4,32,14,17,15,27,26,28)\n( 8,11,20,23,21,24,30,31)", "to": "( 1,31, 4,12, 6,23,15,25)( 2,32, 8,18,10,27,21,29)( 3, 5,11,14,13,16,24,26)\n( 7, 9,17,20,19,22,28,30)", "weight": 1}, {"from": "( 1,19,16,18, 6, 7, 5,29)( 2,25,22,13,10,12, 9, 3)( 4,17,26,32,15,28,14,27)\n( 8,23,30,11,21,31,20,24)", "to": "( 1, 8, 5,20, 6,21,16,30)( 2,14, 9,15,10,26,22, 4)( 3,19,12,29,13, 7,25,18)\n(11,17,23,27,24,28,31,32)", "weight": 1}, {"from": "( 1,19,16,18, 6, 7, 5,29)( 2,25,22,13,10,12, 9, 3)( 4,17,26,32,15,28,14,27)\n( 8,23,30,11,21,31,20,24)", "to": "( 1, 9,16, 2, 6,22, 5,10)( 3,27,25,17,13,32,12,28)( 4,30,26,21,15,20,14, 8)\n( 7,24,29,23,19,11,18,31)", "weight": 1}, {"from": "( 1,19,16,18, 6, 7, 5,29)( 2,25,22,13,10,12, 9, 3)( 4,17,26,32,15,28,14,27)\n( 8,23,30,11,21,31,20,24)", "to": "( 1,10, 5,22, 6, 2,16, 9)( 3,28,12,32,13,17,25,27)( 4, 8,14,20,15,21,26,30)\n( 7,31,18,11,19,23,29,24)", "weight": 1}, {"from": "( 1,19,16,18, 6, 7, 5,29)( 2,25,22,13,10,12, 9, 3)( 4,17,26,32,15,28,14,27)\n( 8,23,30,11,21,31,20,24)", "to": "( 1,20,16, 8, 6,30, 5,21)( 2,15,22,14,10, 4, 9,26)( 3,29,25,19,13,18,12, 7)\n(11,27,31,17,24,32,23,28)", "weight": 1}, {"from": "( 1,19,16,18, 6, 7, 5,29)( 2,25,22,13,10,12, 9, 3)( 4,17,26,32,15,28,14,27)\n( 8,23,30,11,21,31,20,24)", "to": "( 1,21, 5,30, 6, 8,16,20)( 2,26, 9, 4,10,14,22,15)( 3, 7,12,18,13,19,25,29)\n(11,28,23,32,24,17,31,27)", "weight": 1}, {"from": "( 1,19,16,18, 6, 7, 5,29)( 2,25,22,13,10,12, 9, 3)( 4,17,26,32,15,28,14,27)\n( 8,23,30,11,21,31,20,24)", "to": "( 1,22,16,10, 6, 9, 5, 2)( 3,32,25,28,13,27,12,17)( 4,20,26, 8,15,30,14,21)\n( 7,11,29,31,19,24,18,23)", "weight": 1}, {"from": "( 1,19,16,18, 6, 7, 5,29)( 2,25,22,13,10,12, 9, 3)( 4,17,26,32,15,28,14,27)\n( 8,23,30,11,21,31,20,24)", "to": "( 1,23, 4,25, 6,31,15,12)( 2,27, 8,29,10,32,21,18)( 3,16,11,26,13, 5,24,14)\n( 7,22,17,30,19, 9,28,20)", "weight": 1}, {"from": "( 1,19,16,18, 6, 7, 5,29)( 2,25,22,13,10,12, 9, 3)( 4,17,26,32,15,28,14,27)\n( 8,23,30,11,21,31,20,24)", "to": "( 1,24,15,13, 6,11, 4, 3)( 2,28,21,19,10,17, 8, 7)( 5,31,26,25,16,23,14,12)\n( 9,32,30,29,22,27,20,18)", "weight": 1}, {"from": "( 1,19,16,18, 6, 7, 5,29)( 2,25,22,13,10,12, 9, 3)( 4,17,26,32,15,28,14,27)\n( 8,23,30,11,21,31,20,24)", "to": "( 1,25,15,23, 6,12, 4,31)( 2,29,21,27,10,18, 8,32)( 3,26,24,16,13,14,11, 5)\n( 7,30,28,22,19,20,17, 9)", "weight": 1}, {"from": "( 1,19,16,18, 6, 7, 5,29)( 2,25,22,13,10,12, 9, 3)( 4,17,26,32,15,28,14,27)\n( 8,23,30,11,21,31,20,24)", "to": "( 1,30,16,21, 6,20, 5, 8)( 2, 4,22,26,10,15, 9,14)( 3,18,25, 7,13,29,12,19)\n(11,32,31,28,24,27,23,17)", "weight": 1}, {"from": "( 1,19,16,18, 6, 7, 5,29)( 2,25,22,13,10,12, 9, 3)( 4,17,26,32,15,28,14,27)\n( 8,23,30,11,21,31,20,24)", "to": "( 1,31, 4,12, 6,23,15,25)( 2,32, 8,18,10,27,21,29)( 3, 5,11,14,13,16,24,26)\n( 7, 9,17,20,19,22,28,30)", "weight": 1}, {"from": "( 1,23, 4,25, 6,31,15,12)( 2,27, 8,29,10,32,21,18)( 3,16,11,26,13, 5,24,14)\n( 7,22,17,30,19, 9,28,20)", "to": "( 1, 8, 5,20, 6,21,16,30)( 2,14, 9,15,10,26,22, 4)( 3,19,12,29,13, 7,25,18)\n(11,17,23,27,24,28,31,32)", "weight": 1}, {"from": "( 1,23, 4,25, 6,31,15,12)( 2,27, 8,29,10,32,21,18)( 3,16,11,26,13, 5,24,14)\n( 7,22,17,30,19, 9,28,20)", "to": "( 1, 9,16, 2, 6,22, 5,10)( 3,27,25,17,13,32,12,28)( 4,30,26,21,15,20,14, 8)\n( 7,24,29,23,19,11,18,31)", "weight": 1}, {"from": "( 1,23, 4,25, 6,31,15,12)( 2,27, 8,29,10,32,21,18)( 3,16,11,26,13, 5,24,14)\n( 7,22,17,30,19, 9,28,20)", "to": "( 1,10, 5,22, 6, 2,16, 9)( 3,28,12,32,13,17,25,27)( 4, 8,14,20,15,21,26,30)\n( 7,31,18,11,19,23,29,24)", "weight": 1}, {"from": "( 1,23, 4,25, 6,31,15,12)( 2,27, 8,29,10,32,21,18)( 3,16,11,26,13, 5,24,14)\n( 7,22,17,30,19, 9,28,20)", "to": "( 1,20,16, 8, 6,30, 5,21)( 2,15,22,14,10, 4, 9,26)( 3,29,25,19,13,18,12, 7)\n(11,27,31,17,24,32,23,28)", "weight": 1}, {"from": "( 1,23, 4,25, 6,31,15,12)( 2,27, 8,29,10,32,21,18)( 3,16,11,26,13, 5,24,14)\n( 7,22,17,30,19, 9,28,20)", "to": "( 1,21, 5,30, 6, 8,16,20)( 2,26, 9, 4,10,14,22,15)( 3, 7,12,18,13,19,25,29)\n(11,28,23,32,24,17,31,27)", "weight": 1}, {"from": "( 1,23, 4,25, 6,31,15,12)( 2,27, 8,29,10,32,21,18)( 3,16,11,26,13, 5,24,14)\n( 7,22,17,30,19, 9,28,20)", "to": "( 1,22,16,10, 6, 9, 5, 2)( 3,32,25,28,13,27,12,17)( 4,20,26, 8,15,30,14,21)\n( 7,11,29,31,19,24,18,23)", "weight": 1}, {"from": "( 1,23, 4,25, 6,31,15,12)( 2,27, 8,29,10,32,21,18)( 3,16,11,26,13, 5,24,14)\n( 7,22,17,30,19, 9,28,20)", "to": "( 1,27, 5,28, 6,32,16,17)( 2,24, 9,31,10,11,22,23)( 3,30,12, 8,13,20,25,21)\n( 4,18,14,19,15,29,26, 7)", "weight": 1}, {"from": "( 1,23, 4,25, 6,31,15,12)( 2,27, 8,29,10,32,21,18)( 3,16,11,26,13, 5,24,14)\n( 7,22,17,30,19, 9,28,20)", "to": "( 1,28,16,27, 6,17, 5,32)( 2,31,22,24,10,23, 9,11)( 3, 8,25,30,13,21,12,20)\n( 4,19,26,18,15, 7,14,29)", "weight": 1}, {"from": "( 1,23, 4,25, 6,31,15,12)( 2,27, 8,29,10,32,21,18)( 3,16,11,26,13, 5,24,14)\n( 7,22,17,30,19, 9,28,20)", "to": "( 1,29, 5, 7, 6,18,16,19)( 2, 3, 9,12,10,13,22,25)( 4,27,14,28,15,32,26,17)\n( 8,24,20,31,21,11,30,23)", "weight": 1}, {"from": "( 1,23, 4,25, 6,31,15,12)( 2,27, 8,29,10,32,21,18)( 3,16,11,26,13, 5,24,14)\n( 7,22,17,30,19, 9,28,20)", "to": "( 1,30,16,21, 6,20, 5, 8)( 2, 4,22,26,10,15, 9,14)( 3,18,25, 7,13,29,12,19)\n(11,32,31,28,24,27,23,17)", "weight": 1}, {"from": "( 1,23, 4,25, 6,31,15,12)( 2,27, 8,29,10,32,21,18)( 3,16,11,26,13, 5,24,14)\n( 7,22,17,30,19, 9,28,20)", "to": "( 1,32, 5,17, 6,27,16,28)( 2,11, 9,23,10,24,22,31)( 3,20,12,21,13,30,25, 8)\n( 4,29,14, 7,15,18,26,19)", "weight": 1}, {"from": "( 1,24,15,13, 6,11, 4, 3)( 2,28,21,19,10,17, 8, 7)( 5,31,26,25,16,23,14,12)\n( 9,32,30,29,22,27,20,18)", "to": "( 1, 8, 5,20, 6,21,16,30)( 2,14, 9,15,10,26,22, 4)( 3,19,12,29,13, 7,25,18)\n(11,17,23,27,24,28,31,32)", "weight": 1}, {"from": "( 1,24,15,13, 6,11, 4, 3)( 2,28,21,19,10,17, 8, 7)( 5,31,26,25,16,23,14,12)\n( 9,32,30,29,22,27,20,18)", "to": "( 1, 9,16, 2, 6,22, 5,10)( 3,27,25,17,13,32,12,28)( 4,30,26,21,15,20,14, 8)\n( 7,24,29,23,19,11,18,31)", "weight": 1}, {"from": "( 1,24,15,13, 6,11, 4, 3)( 2,28,21,19,10,17, 8, 7)( 5,31,26,25,16,23,14,12)\n( 9,32,30,29,22,27,20,18)", "to": "( 1,10, 5,22, 6, 2,16, 9)( 3,28,12,32,13,17,25,27)( 4, 8,14,20,15,21,26,30)\n( 7,31,18,11,19,23,29,24)", "weight": 1}, {"from": "( 1,24,15,13, 6,11, 4, 3)( 2,28,21,19,10,17, 8, 7)( 5,31,26,25,16,23,14,12)\n( 9,32,30,29,22,27,20,18)", "to": "( 1,20,16