<html>
<head>
<link rel="stylesheet" href="https://cdnjs.cloudflare.com/ajax/libs/vis/4.16.1/vis.css" type="text/css" />
<script type="text/javascript" src="https://cdnjs.cloudflare.com/ajax/libs/vis/4.16.1/vis-network.min.js"> </script>
<center>
<h1></h1>
</center>

<!-- <link rel="stylesheet" href="../node_modules/vis/dist/vis.min.css" type="text/css" />
<script type="text/javascript" src="../node_modules/vis/dist/vis.js"> </script>-->

<style type="text/css">

        #mynetwork {
            width: 80%;
            height: 1000px;
            background-color: #ffffff;
            border: 1px solid lightgray;
            position: relative;
            float: left;
        }

        

        
        #config {
            float: left;
            width: 400px;
            height: 600px;
        }
        

        
</style>

</head>

<body>
<div id = "mynetwork"></div>


<div id = "config"></div>

<script type="text/javascript">

    // initialize global variables.
    var edges;
    var nodes;
    var network; 
    var container;
    var options, data;

    
    // This method is responsible for drawing the graph, returns the drawn network
    function drawGraph() {
        var container = document.getElementById('mynetwork');
        
        

        // parsing and collecting nodes and edges from the python
        nodes = new vis.DataSet([{"id": "( 1, 2, 4, 8, 5, 9,14,20, 6,10,15,21,16,22,26,30)( 3,19,11,28,12,29,23,32,13,\n  7,24,17,25,18,31,27)", "label": "( 1, 2, 4, 8, 5, 9,14,20, 6,10,15,21,16,22,26,30)( 3,19,11,28,12,29,23,32,13,\n  7,24,17,25,18,31,27)", "shape": "dot", "size": 10}, {"id": "( 1, 3)( 2, 7)( 4,11)( 5,12)( 6,13)( 8,17)( 9,18)(10,19)(14,23)(15,24)(16,25)\n(20,27)(21,28)(22,29)(26,31)(30,32)", "label": "( 1, 3)( 2, 7)( 4,11)( 5,12)( 6,13)( 8,17)( 9,18)(10,19)(14,23)(15,24)(16,25)\n(20,27)(21,28)(22,29)(26,31)(30,32)", "shape": "dot", "size": 10}, {"id": "( 1, 7,15,28, 5,18,26,32, 6,19, 4,17,16,29,14,27)( 2,11,21,25, 9,23,30, 3,10,\n 24, 8,12,22,31,20,13)", "label": "( 1, 7,15,28, 5,18,26,32, 6,19, 4,17,16,29,14,27)( 2,11,21,25, 9,23,30, 3,10,\n 24, 8,12,22,31,20,13)", "shape": "dot", "size": 10}, {"id": "( 1,11, 5,23, 6,24,16,31)( 2,17, 9,27,10,28,22,32)( 3, 4,12,14,13,15,25,26)\n( 7, 8,18,20,19,21,29,30)", "label": "( 1,11, 5,23, 6,24,16,31)( 2,17, 9,27,10,28,22,32)( 3, 4,12,14,13,15,25,26)\n( 7, 8,18,20,19,21,29,30)", "shape": "dot", "size": 10}, {"id": "( 1,12, 6,25)( 2,18,10,29)( 3, 5,13,16)( 4,23,15,31)( 7, 9,19,22)( 8,27,21,32)\n(11,14,24,26)(17,20,28,30)", "label": "( 1,12, 6,25)( 2,18,10,29)( 3, 5,13,16)( 4,23,15,31)( 7, 9,19,22)( 8,27,21,32)\n(11,14,24,26)(17,20,28,30)", "shape": "dot", "size": 10}, {"id": "( 1,13)( 2,19)( 3, 6)( 4,24)( 5,25)( 7,10)( 8,28)( 9,29)(11,15)(12,16)(14,31)\n(17,21)(18,22)(20,32)(23,26)(27,30)", "label": "( 1,13)( 2,19)( 3, 6)( 4,24)( 5,25)( 7,10)( 8,28)( 9,29)(11,15)(12,16)(14,31)\n(17,21)(18,22)(20,32)(23,26)(27,30)", "shape": "dot", "size": 10}, {"id": "( 1,17,26, 7,16,32,15,29, 6,28,14,19, 5,27, 4,18)( 2,12,30,11,22, 3,21,31,10,\n 25,20,24, 9,13, 8,23)", "label": "( 1,17,26, 7,16,32,15,29, 6,28,14,19, 5,27, 4,18)( 2,12,30,11,22, 3,21,31,10,\n 25,20,24, 9,13, 8,23)", "shape": "dot", "size": 10}, {"id": "( 1,18, 4,27, 5,19,14,28, 6,29,15,32,16, 7,26,17)( 2,23, 8,13, 9,24,20,25,10,\n 31,21, 3,22,11,30,12)", "label": "( 1,18, 4,27, 5,19,14,28, 6,29,15,32,16, 7,26,17)( 2,23, 8,13, 9,24,20,25,10,\n 31,21, 3,22,11,30,12)", "shape": "dot", "size": 10}, {"id": "( 1,19,15,17, 5,29,26,27, 6, 7, 4,28,16,18,14,32)( 2,24,21,12, 9,31,30,13,10,\n 11, 8,25,22,23,20, 3)", "label": "( 1,19,15,17, 5,29,26,27, 6, 7, 4,28,16,18,14,32)( 2,24,21,12, 9,31,30,13,10,\n 11, 8,25,22,23,20, 3)", "shape": "dot", "size": 10}, {"id": "( 1,23,16,11, 6,31, 5,24)( 2,27,22,17,10,32, 9,28)( 3,14,25, 4,13,26,12,15)\n( 7,20,29, 8,19,30,18,21)", "label": "( 1,23,16,11, 6,31, 5,24)( 2,27,22,17,10,32, 9,28)( 3,14,25, 4,13,26,12,15)\n( 7,20,29, 8,19,30,18,21)", "shape": "dot", "size": 10}, {"id": "( 1,24, 5,31, 6,11,16,23)( 2,28, 9,32,10,17,22,27)( 3,15,12,26,13, 4,25,14)\n( 7,21,18,30,19, 8,29,20)", "label": "( 1,24, 5,31, 6,11,16,23)( 2,28, 9,32,10,17,22,27)( 3,15,12,26,13, 4,25,14)\n( 7,21,18,30,19, 8,29,20)", "shape": "dot", "size": 10}, {"id": "( 1,25, 6,12)( 2,29,10,18)( 3,16,13, 5)( 4,31,15,23)( 7,22,19, 9)( 8,32,21,27)\n(11,26,24,14)(17,30,28,20)", "label": "( 1,25, 6,12)( 2,29,10,18)( 3,16,13, 5)( 4,31,15,23)( 7,22,19, 9)( 8,32,21,27)\n(11,26,24,14)(17,30,28,20)", "shape": "dot", "size": 10}, {"id": "( 1,27,14,29,16,17, 4,19, 6,32,26,18, 5,28,15, 7)( 2,13,20,31,22,12, 8,24,10,\n  3,30,23, 9,25,21,11)", "label": "( 1,27,14,29,16,17, 4,19, 6,32,26,18, 5,28,15, 7)( 2,13,20,31,22,12, 8,24,10,\n  3,30,23, 9,25,21,11)", "shape": "dot", "size": 10}, {"id": "( 1,28,26,19,16,27,15,18, 6,17,14, 7, 5,32, 4,29)( 2,25,30,24,22,13,21,23,10,\n 12,20,11, 9, 3, 8,31)", "label": "( 1,28,26,19,16,27,15,18, 6,17,14, 7, 5,32, 4,29)( 2,25,30,24,22,13,21,23,10,\n 12,20,11, 9, 3, 8,31)", "shape": "dot", "size": 10}, {"id": "( 1,29, 4,32, 5, 7,14,17, 6,18,15,27,16,19,26,28)( 2,31, 8, 3, 9,11,20,12,10,\n 23,21,13,22,24,30,25)", "label": "( 1,29, 4,32, 5, 7,14,17, 6,18,15,27,16,19,26,28)( 2,31, 8, 3, 9,11,20,12,10,\n 23,21,13,22,24,30,25)", "shape": "dot", "size": 10}, {"id": "( 1,31,16,24, 6,23, 5,11)( 2,32,22,28,10,27, 9,17)( 3,26,25,15,13,14,12, 4)\n( 7,30,29,21,19,20,18, 8)", "label": "( 1,31,16,24, 6,23, 5,11)( 2,32,22,28,10,27, 9,17)( 3,26,25,15,13,14,12, 4)\n( 7,30,29,21,19,20,18, 8)", "shape": "dot", "size": 10}, {"id": "( 1,32,14,18,16,28, 4, 7, 6,27,26,29, 5,17,15,19)( 2, 3,20,23,22,25, 8,11,10,\n 13,30,31, 9,12,21,24)", "label": "( 1,32,14,18,16,28, 4, 7, 6,27,26,29, 5,17,15,19)( 2, 3,20,23,22,25, 8,11,10,\n 13,30,31, 9,12,21,24)", "shape": "dot", "size": 10}, {"id": "( 1, 8,14,10,16,30, 4, 9, 6,21,26, 2, 5,20,15,22)( 3,28,23, 7,25,27,11,29,13,\n 17,31,19,12,32,24,18)", "label": "( 1, 8,14,10,16,30, 4, 9, 6,21,26, 2, 5,20,15,22)( 3,28,23, 7,25,27,11,29,13,\n 17,31,19,12,32,24,18)", "shape": "dot", "size": 10}, {"id": "( 1, 9,15,30, 5,10,26, 8, 6,22, 4,20,16, 2,14,21)( 3,29,24,27,12, 7,31,28,13,\n 18,11,32,25,19,23,17)", "label": "( 1, 9,15,30, 5,10,26, 8, 6,22, 4,20,16, 2,14,21)( 3,29,24,27,12, 7,31,28,13,\n 18,11,32,25,19,23,17)", "shape": "dot", "size": 10}, {"id": "( 1,10, 4,21, 5,22,14,30, 6, 2,15, 8,16, 9,26,20)( 3, 7,11,17,12,18,23,27,13,\n 19,24,28,25,29,31,32)", "label": "( 1,10, 4,21, 5,22,14,30, 6, 2,15, 8,16, 9,26,20)( 3, 7,11,17,12,18,23,27,13,\n 19,24,28,25,29,31,32)", "shape": "dot", "size": 10}, {"id": "( 1,20,26, 9,16, 8,15, 2, 6,30,14,22, 5,21, 4,10)( 3,32,31,29,25,28,24,19,13,\n 27,23,18,12,17,11, 7)", "label": "( 1,20,26, 9,16, 8,15, 2, 6,30,14,22, 5,21, 4,10)( 3,32,31,29,25,28,24,19,13,\n 27,23,18,12,17,11, 7)", "shape": "dot", "size": 10}, {"id": "( 1,21,14, 2,16,20, 4,22, 6, 8,26,10, 5,30,15, 9)( 3,17,23,19,25,32,11,18,13,\n 28,31, 7,12,27,24,29)", "label": "( 1,21,14, 2,16,20, 4,22, 6, 8,26,10, 5,30,15, 9)( 3,17,23,19,25,32,11,18,13,\n 28,31, 7,12,27,24,29)", "shape": "dot", "size": 10}, {"id": "( 1,22,15,20, 5, 2,26,21, 6, 9, 4,30,16,10,14, 8)( 3,18,24,32,12,19,31,17,13,\n 29,11,27,25, 7,23,28)", "label": "( 1,22,15,20, 5, 2,26,21, 6, 9, 4,30,16,10,14, 8)( 3,18,24,32,12,19,31,17,13,\n 29,11,27,25, 7,23,28)", "shape": "dot", "size": 10}, {"id": "( 1,30,26,22,16,21,15,10, 6,20,14, 9, 5, 8, 4, 2)( 3,27,31,18,25,17,24, 7,13,\n 32,23,29,12,28,11,19)", "label": "( 1,30,26,22,16,21,15,10, 6,20,14, 9, 5, 8, 4, 2)( 3,27,31,18,25,17,24, 7,13,\n 32,23,29,12,28,11,19)", "shape": "dot", "size": 10}]);
        edges = new vis.DataSet([{"from": "( 1, 2, 4, 8, 5, 9,14,20, 6,10,15,21,16,22,26,30)( 3,19,11,28,12,29,23,32,13,\n  7,24,17,25,18,31,27)", "to": "( 1, 3)( 2, 7)( 4,11)( 5,12)( 6,13)( 8,17)( 9,18)(10,19)(14,23)(15,24)(16,25)\n(20,27)(21,28)(22,29)(26,31)(30,32)", "weight": 1}, {"from": "( 1, 2, 4, 8, 5, 9,14,20, 6,10,15,21,16,22,26,30)( 3,19,11,28,12,29,23,32,13,\n  7,24,17,25,18,31,27)", "to": "( 1, 7,15,28, 5,18,26,32, 6,19, 4,17,16,29,14,27)( 2,11,21,25, 9,23,30, 3,10,\n 24, 8,12,22,31,20,13)", "weight": 1}, {"from": "( 1, 2, 4, 8, 5, 9,14,20, 6,10,15,21,16,22,26,30)( 3,19,11,28,12,29,23,32,13,\n  7,24,17,25,18,31,27)", "to": "( 1,11, 5,23, 6,24,16,31)( 2,17, 9,27,10,28,22,32)( 3, 4,12,14,13,15,25,26)\n( 7, 8,18,20,19,21,29,30)", "weight": 1}, {"from": "( 1, 2, 4, 8, 5, 9,14,20, 6,10,15,21,16,22,26,30)( 3,19,11,28,12,29,23,32,13,\n  7,24,17,25,18,31,27)", "to": "( 1,12, 6,25)( 2,18,10,29)( 3, 5,13,16)( 4,23,15,31)( 7, 9,19,22)( 8,27,21,32)\n(11,14,24,26)(17,20,28,30)", "weight": 1}, {"from": "( 1, 2, 4, 8, 5, 9,14,20, 6,10,15,21,16,22,26,30)( 3,19,11,28,12,29,23,32,13,\n  7,24,17,25,18,31,27)", "to": "( 1,13)( 2,19)( 3, 6)( 4,24)( 5,25)( 7,10)( 8,28)( 9,29)(11,15)(12,16)(14,31)\n(17,21)(18,22)(20,32)(23,26)(27,30)", "weight": 1}, {"from": "( 1, 2, 4, 8, 5, 9,14,20, 6,10,15,21,16,22,26,30)( 3,19,11,28,12,29,23,32,13,\n  7,24,17,25,18,31,27)", "to": "( 1,17,26, 7,16,32,15,29, 6,28,14,19, 5,27, 4,18)( 2,12,30,11,22, 3,21,31,10,\n 25,20,24, 9,13, 8,23)", "weight": 1}, {"from": "( 1, 2, 4, 8, 5, 9,14,20, 6,10,15,21,16,22,26,30)( 3,19,11,28,12,29,23,32,13,\n  7,24,17,25,18,31,27)", "to": "( 1,18, 4,27, 5,19,14,28, 6,29,15,32,16, 7,26,17)( 2,23, 8,13, 9,24,20,25,10,\n 31,21, 3,22,11,30,12)", "weight": 1}, {"from": "( 1, 2, 4, 8, 5, 9,14,20, 6,10,15,21,16,22,26,30)( 3,19,11,28,12,29,23,32,13,\n  7,24,17,25,18,31,27)", "to": "( 1,19,15,17, 5,29,26,27, 6, 7, 4,28,16,18,14,32)( 2,24,21,12, 9,31,30,13,10,\n 11, 8,25,22,23,20, 3)", "weight": 1}, {"from": "( 1, 2, 4, 8, 5, 9,14,20, 6,10,15,21,16,22,26,30)( 3,19,11,28,12,29,23,32,13,\n  7,24,17,25,18,31,27)", "to": "( 1,23,16,11, 6,31, 5,24)( 2,27,22,17,10,32, 9,28)( 3,14,25, 4,13,26,12,15)\n( 7,20,29, 8,19,30,18,21)", "weight": 1}, {"from": "( 1, 2, 4, 8, 5, 9,14,20, 6,10,15,21,16,22,26,30)( 3,19,11,28,12,29,23,32,13,\n  7,24,17,25,18,31,27)", "to": "( 1,24, 5,31, 6,11,16,23)( 2,28, 9,32,10,17,22,27)( 3,15,12,26,13, 4,25,14)\n( 7,21,18,30,19, 8,29,20)", "weight": 1}, {"from": "( 1, 2, 4, 8, 5, 9,14,20, 6,10,15,21,16,22,26,30)( 3,19,11,28,12,29,23,32,13,\n  7,24,17,25,18,31,27)", "to": "( 1,25, 6,12)( 2,29,10,18)( 3,16,13, 5)( 4,31,15,23)( 7,22,19, 9)( 8,32,21,27)\n(11,26,24,14)(17,30,28,20)", "weight": 1}, {"from": "( 1, 2, 4, 8, 5, 9,14,20, 6,10,15,21,16,22,26,30)( 3,19,11,28,12,29,23,32,13,\n  7,24,17,25,18,31,27)", "to": "( 1,27,14,29,16,17, 4,19, 6,32,26,18, 5,28,15, 7)( 2,13,20,31,22,12, 8,24,10,\n  3,30,23, 9,25,21,11)", "weight": 1}, {"from": "( 1, 2, 4, 8, 5, 9,14,20, 6,10,15,21,16,22,26,30)( 3,19,11,28,12,29,23,32,13,\n  7,24,17,25,18,31,27)", "to": "( 1,28,26,19,16,27,15,18, 6,17,14, 7, 5,32, 4,29)( 2,25,30,24,22,13,21,23,10,\n 12,20,11, 9, 3, 8,31)", "weight": 1}, {"from": "( 1, 2, 4, 8, 5, 9,14,20, 6,10,15,21,16,22,26,30)( 3,19,11,28,12,29,23,32,13,\n  7,24,17,25,18,31,27)", "to": "( 1,29, 4,32, 5, 7,14,17, 6,18,15,27,16,19,26,28)( 2,31, 8, 3, 9,11,20,12,10,\n 23,21,13,22,24,30,25)", "weight": 1}, {"from": "( 1, 2, 4, 8, 5, 9,14,20, 6,10,15,21,16,22,26,30)( 3,19,11,28,12,29,23,32,13,\n  7,24,17,25,18,31,27)", "to": "( 1,31,16,24, 6,23, 5,11)( 2,32,22,28,10,27, 9,17)( 3,26,25,15,13,14,12, 4)\n( 7,30,29,21,19,20,18, 8)", "weight": 1}, {"from": "( 1, 2, 4, 8, 5, 9,14,20, 6,10,15,21,16,22,26,30)( 3,19,11,28,12,29,23,32,13,\n  7,24,17,25,18,31,27)", "to": "( 1,32,14,18,16,28, 4, 7, 6,27,26,29, 5,17,15,19)( 2, 3,20,23,22,25, 8,11,10,\n 13,30,31, 9,12,21,24)", "weight": 1}, {"from": "( 1, 3)( 2, 7)( 4,11)( 5,12)( 6,13)( 8,17)( 9,18)(10,19)(14,23)(15,24)(16,25)\n(20,27)(21,28)(22,29)(26,31)(30,32)", "to": "( 1, 7,15,28, 5,18,26,32, 6,19, 4,17,16,29,14,27)( 2,11,21,25, 9,23,30, 3,10,\n 24, 8,12,22,31,20,13)", "weight": 1}, {"from": "( 1, 3)( 2, 7)( 4,11)( 5,12)( 6,13)( 8,17)( 9,18)(10,19)(14,23)(15,24)(16,25)\n(20,27)(21,28)(22,29)(26,31)(30,32)", "to": "( 1, 8,14,10,16,30, 4, 9, 6,21,26, 2, 5,20,15,22)( 3,28,23, 7,25,27,11,29,13,\n 17,31,19,12,32,24,18)", "weight": 1}, {"from": "( 1, 3)( 2, 7)( 4,11)( 5,12)( 6,13)( 8,17)( 9,18)(10,19)(14,23)(15,24)(16,25)\n(20,27)(21,28)(22,29)(26,31)(30,32)", "to": "( 1, 9,15,30, 5,10,26, 8, 6,22, 4,20,16, 2,14,21)( 3,29,24,27,12, 7,31,28,13,\n 18,11,32,25,19,23,17)", "weight": 1}, {"from": "( 1, 3)( 2, 7)( 4,11)( 5,12)( 6,13)( 8,17)( 9,18)(10,19)(14,23)(15,24)(16,25)\n(20,27)(21,28)(22,29)(26,31)(30,32)", "to": "( 1,10, 4,21, 5,22,14,30, 6, 2,15, 8,16, 9,26,20)( 3, 7,11,17,12,18,23,27,13,\n 19,24,28,25,29,31,32)", "weight": 1}, {"from": "( 1, 3)( 2, 7)( 4,11)( 5,12)( 6,13)( 8,17)( 9,18)(10,19)(14,23)(15,24)(16,25)\n(20,27)(21,28)(22,29)(26,31)(30,32)", "to": "( 1,17,26, 7,16,32,15,29, 6,28,14,19, 5,27, 4,18)( 2,12,30,11,22, 3,21,31,10,\n 25,20,24, 9,13, 8,23)", "weight": 1}, {"from": "( 1, 3)( 2, 7)( 4,11)( 5,12)( 6,13)( 8,17)( 9,18)(10,19)(14,23)(15,24)(16,25)\n(20,27)(21,28)(22,29)(26,31)(30,32)", "to": "( 1,18, 4,27, 5,19,14,28, 6,29,15,32,16, 7,26,17)( 2,23, 8,13, 9,24,20,25,10,\n 31,21, 3,22,11,30,12)", "weight": 1}, {"from": "( 1, 3)( 2, 7)( 4,11)( 5,12)( 6,13)( 8,17)( 9,18)(10,19)(14,23)(15,24)(16,25)\n(20,27)(21,28)(22,29)(26,31)(30,32)", "to": "( 1,19,15,17, 5,29,26,27, 6, 7, 4,28,16,18,14,32)( 2,24,21,12, 9,31,30,13,10,\n 11, 8,25,22,23,20, 3)", "weight": 1}, {"from": "( 1, 3)( 2, 7)( 4,11)( 5,12)( 6,13)( 8,17)( 9,18)(10,19)(14,23)(15,24)(16,25)\n(20,27)(21,28)(22,29)(26,31)(30,32)", "to": "( 1,20,26, 9,16, 8,15, 2, 6,30,14,22, 5,21, 4,10)( 3,32,31,29,25,28,24,19,13,\n 27,23,18,12,17,11, 7)", "weight": 1}, {"from": "( 1, 3)( 2, 7)( 4,11)( 5,12)( 6,13)( 8,17)( 9,18)(10,19)(14,23)(15,24)(16,25)\n(20,27)(21,28)(22,29)(26,31)(30,32)", "to": "( 1,21,14, 2,16,20, 4,22, 6, 8,26,10, 5,30,15, 9)( 3,17,23,19,25,32,11,18,13,\n 28,31, 7,12,27,24,29)", "weight": 1}, {"from": "( 1, 3)( 2, 7)( 4,11)( 5,12)( 6,13)( 8,17)( 9,18)(10,19)(14,23)(15,24)(16,25)\n(20,27)(21,28)(22,29)(26,31)(30,32)", "to": "( 1,22,15,20, 5, 2,26,21, 6, 9, 4,30,16,10,14, 8)( 3,18,24,32,12,19,31,17,13,\n 29,11,27,25, 7,23,28)", "weight": 1}, {"from": "( 1, 3)( 2, 7)( 4,11)( 5,12)( 6,13)( 8,17)( 9,18)(10,19)(14,23)(15,24)(16,25)\n(20,27)(21,28)(22,29)(26,31)(30,32)", "to": "( 1,27,14,29,16,17, 4,19, 6,32,26,18, 5,28,15, 7)( 2,13,20,31,22,12, 8,24,10,\n  3,30,23, 9,25,21,11)", "weight": 1}, {"from": "( 1, 3)( 2, 7)( 4,11)( 5,12)( 6,13)( 8,17)( 9,18)(10,19)(14,23)(15,24)(16,25)\n(20,27)(21,28)(22,29)(26,31)(30,32)", "to": "( 1,28,26,19,16,27,15,18, 6,17,14, 7, 5,32, 4,29)( 2,25,30,24,22,13,21,23,10,\n 12,20,11, 9, 3, 8,31)", "weight": 1}, {"from": "( 1, 3)( 2, 7)( 4,11)( 5,12)( 6,13)( 8,17)( 9,18)(10,19)(14,23)(15,24)(16,25)\n(20,27)(21,28)(22,29)(26,31)(30,32)", "to": "( 1,29, 4,32, 5, 7,14,17, 6,18,15,27,16,19,26,28)( 2,31, 8, 3, 9,11,20,12,10,\n 23,21,13,22,24,30,25)", "weight": 1}, {"from": "( 1, 3)( 2, 7)( 4,11)( 5,12)( 6,13)( 8,17)( 9,18)(10,19)(14,23)(15,24)(16,25)\n(20,27)(21,28)(22,29)(26,31)(30,32)", "to": "( 1,30,26,22,16,21,15,10, 6,20,14, 9, 5, 8, 4, 2)( 3,27,31,18,25,17,24, 7,13,\n 32,23,29,12,28,11,19)", "weight": 1}, {"from": "( 1, 3)( 2, 7)( 4,11)( 5,12)( 6,13)( 8,17)( 9,18)(10,19)(14,23)(15,24)(16,25)\n(20,27)(21,28)(22,29)(26,31)(30,32)", "to": "( 1,32,14,18,16,28, 4, 7, 6,27,26,29, 5,17,15,19)( 2, 3,20,23,22,25, 8,11,10,\n 13,30,31, 9,12,21,24)", "weight": 1}, {"from": "( 1, 7,15,28, 5,18,26,32, 6,19, 4,17,16,29,14,27)( 2,11,21,25, 9,23,30, 3,10,\n 24, 8,12,22,31,20,13)", "to": "( 1, 8,14,10,16,30, 4, 9, 6,21,26, 2, 5,20,15,22)( 3,28,23, 7,25,27,11,29,13,\n 17,31,19,12,32,24,18)", "weight": 1}, {"from": "( 1, 7,15,28, 5,18,26,32, 6,19, 4,17,16,29,14,27)( 2,11,21,25, 9,23,30, 3,10,\n 24, 8,12,22,31,20,13)", "to": "( 1, 9,15,30, 5,10,26, 8, 6,22, 4,20,16, 2,14,21)( 3,29,24,27,12, 7,31,28,13,\n 18,11,32,25,19,23,17)", "weight": 1}, {"from": "( 1, 7,15,28, 5,18,26,32, 6,19, 4,17,16,29,14,27)( 2,11,21,25, 9,23,30, 3,10,\n 24, 8,12,22,31,20,13)", "to": "( 1,10, 4,21, 5,22,14,30, 6, 2,15, 8,16, 9,26,20)( 3, 7,11,17,12,18,23,27,13,\n 19,24,28,25,29,31,32)", "weight": 1}, {"from": "( 1, 7,15,28, 5,18,26,32, 6,19, 4,17,16,29,14,27)( 2,11,21,25, 9,23,30, 3,10,\n 24, 8,12,22,31,20,13)", "to": "( 1,11, 5,23, 6,24,16,31)( 2,17, 9,27,10,28,22,32)( 3, 4,12,14,13,15,25,26)\n( 7, 8,18,20,19,21,29,30)", "weight": 1}, {"from": "( 1, 7,15,28, 5,18,26,32, 6,19, 4,17,16,29,14,27)( 2,11,21,25, 9,23,30, 3,10,\n 24, 8,12,22,31,20,13)", "to": "( 1,12, 6,25)( 2,18,10,29)( 3, 5,13,16)( 4,23,15,31)( 7, 9,19,22)( 8,27,21,32)\n(11,14,24,26)(17,20,28,30)", "weight": 1}, {"from": "( 1, 7,15,28, 5,18,26,32, 6,19, 4,17,16,29,14,27)( 2,11,21,25, 9,23,30, 3,10,\n 24, 8,12,22,31,20,13)", "to": "( 1,13)( 2,19)( 3, 6)( 4,24)( 5,25)( 7,10)( 8,28)( 9,29)(11,15)(12,16)(14,31)\n(17,21)(18,22)(20,32)(23,26)(27,30)", "weight": 1}, {"from": "( 1, 7,15,28, 5,18,26,32, 6,19, 4,17,16,29,14,27)( 2,11,21,25, 9,23,30, 3,10,\n 24, 8,12,22,31,20,13)", "to": "( 1,20,26, 9,16, 8,15, 2, 6,30,14,22, 5,21, 4,10)( 3,32,31,29,25,28,24,19,13,\n 27,23,18,12,17,11, 7)", "weight": 1}, {"from": "( 1, 7,15,28, 5,18,26,32, 6,19, 4,17,16,29,14,27)( 2,11,21,25, 9,23,30, 3,10,\n 24, 8,12,22,31,20,13)", "to": "( 1,21,14, 2,16,20, 4,22, 6, 8,26,10, 5,30,15, 9)( 3,17,23,19,25,32,11,18,13,\n 28,31, 7,12,27,24,29)", "weight": 1}, {"from": "( 1, 7,15,28, 5,18,26,32, 6,19, 4,17,16,29,14,27)( 2,11,21,25, 9,23,30, 3,10,\n 24, 8,12,22,31,20,13)", "to": "( 1,22,15,20, 5, 2,26,21, 6, 9, 4,30,16,10,14, 8)( 3,18,24,32,12,19,31,17,13,\n 29,11,27,25, 7,23,28)", "weight": 1}, {"from": "( 1, 7,15,28, 5,18,26,32, 6,19, 4,17,16,29,14,27)( 2,11,21,25, 9,23,30, 3,10,\n 24, 8,12,22,31,20,13)", "to": "( 1,23,16,11, 6,31, 5,24)( 2,27,22,17,10,32, 9,28)( 3,14,25, 4,13,26,12,15)\n( 7,20,29, 8,19,30,18,21)", "weight": 1}, {"from": "( 1, 7,15,28, 5,18,26,32, 6,19, 4,17,16,29,14,27)( 2,11,21,25, 9,23,30, 3,10,\n 24, 8,12,22,31,20,13)", "to": "( 1,24, 5,31, 6,11,16,23)( 2,28, 9,32,10,17,22,27)( 3,15,12,26,13, 4,25,14)\n( 7,21,18,30,19, 8,29,20)", "weight": 1}, {"from": "( 1, 7,15,28, 5,18,26,32, 6,19, 4,17,16,29,14,27)( 2,11,21,25, 9,23,30, 3,10,\n 24, 8,12,22,31,20,13)", "to": "( 1,25, 6,12)( 2,29,10,18)( 3,16,13, 5)( 4,31,15,23)( 7,22,19, 9)( 8,32,21,27)\n(11,26,24,14)(17,30,28,20)", "weight": 1}, {"from": "( 1, 7,15,28, 5,18,26,32, 6,19, 4,17,16,29,14,27)( 2,11,21,25, 9,23,30, 3,10,\n 24, 8,12,22,31,20,13)", "to": "( 1,30,26,22,16,21,15,10, 6,20,14, 9, 5, 8, 4, 2)( 3,27,31,18,25,17,24, 7,13,\n 32,23,29,12,28,11,19)", "weight": 1}, {"from": "( 1, 7,15,28, 5,18,26,32, 6,19, 4,17,16,29,14,27)( 2,11,21,25, 9,23,30, 3,10,\n 24, 8,12,22,31,20,13)", "to": "( 1,31,16,24, 6,23, 5,11)( 2,32,22,28,10,27, 9,17)( 3,26,25,15,13,14,12, 4)\n( 7,30,29,21,19,20,18, 8)", "weight": 1}, {"from": "( 1,11, 5,23, 6,24,16,31)( 2,17, 9,27,10,28,22,32)( 3, 4,12,14,13,15,25,26)\n( 7, 8,18,20,19,21,29,30)", "to": "( 1, 8,14,10,16,30, 4, 9, 6,21,26, 2, 5,20,15,22)( 3,28,23, 7,25,27,11,29,13,\n 17,31,19,12,32,24,18)", "weight": 1}, {"from": "( 1,11, 5,23, 6,24,16,31)( 2,17, 9,27,10,28,22,32)( 3, 4,12,14,13,15,25,26)\n( 7, 8,18,20,19,21,29,30)", "to": "( 1, 9,15,30, 5,10,26, 8, 6,22, 4,20,16, 2,14,21)( 3,29,24,27,12, 7,31,28,13,\n 18,11,32,25,19,23,17)", "weight": 1}, {"from": "( 1,11, 5,23, 6,24,16,31)( 2,17, 9,27,10,28,22,32)( 3, 4,12,14,13,15,25,26)\n( 7, 8,18,20,19,21,29,30)", "to": "( 1,10, 4,21, 5,22,14,30, 6, 2,15, 8,16, 9,26,20)( 3, 7,11,17,12,18,23,27,13,\n 19,24,28,25,29,31,32)", "weight": 1}, {"from": "( 1,11, 5,23, 6,24,16,31)( 2,17, 9,27,10,28,22,32)( 3, 4,12,14,13,15,25,26)\n( 7, 8,18,20,19,21,29,30)", "to": "( 1,17,26, 7,16,32,15,29, 6,28,14,19, 5,27, 4,18)( 2,12,30,11,22, 3,21,31,10,\n 25,20,24, 9,13, 8,23)", "weight": 1}, {"from": "( 1,11, 5,23, 6,24,16,31)( 2,17, 9,27,10,28,22,32)( 3, 4,12,14,13,15,25,26)\n( 7, 8,18,20,19,21,29,30)", "to": "( 1,18, 4,27, 5,19,14,28, 6,29,15,32,16, 7,26,17)( 2,23, 8,13, 9,24,20,25,10,\n 31,21, 3,22,11,30,12)", "weight": 1}, {"from": "( 1,11, 5,23, 6,24,16,31)( 2,17, 9,27,10,28,22,32)( 3, 4,12,14,13,15,25,26)\n( 7, 8,18,20,19,21,29,30)", "to": "( 1,19,15,17, 5,29,26,27, 6, 7, 4,28,16,18,14,32)( 2,24,21,12, 9,31,30,13,10,\n 11, 8,25,22,23,20, 3)", "weight": 1}, {"from": "( 1,11, 5,23, 6,24,16,31)( 2,17, 9,27,10,28,22,32)( 3, 4,12,14,13,15,25,26)\n( 7, 8,18,20,19,21,29,30)", "to": "( 1,20,26, 9,16, 8,15, 2, 6,30,14,22, 5,21, 4,10)( 3,32,31,29,25,28,24,19,13,\n 27,23,18,12,17,11, 7)", "weight": 1}, {"from": "( 1,11, 5,23, 6,24,16,31)( 2,17, 9,27,10,28,22,32)( 3, 4,12,14,13,15,25,26)\n( 7, 8,18,20,19,21,29,30)", "to": "( 1,21,14, 2,16,20, 4,22, 6, 8,26,10, 5,30,15, 9)( 3,17,23,19,25,32,11,18,13,\n 28,31, 7,12,27,24,29)", "weight": 1}, {"from": "( 1,11, 5,23, 6,24,16,31)( 2,17, 9,27,10,28,22,32)( 3, 4,12,14,13,15,25,26)\n( 7, 8,18,20,19,21,29,30)", "to": "( 1,22,15,20, 5, 2,26,21, 6, 9, 4,30,16,10,14, 8)( 3,18,24,32,12,19,31,17,13,\n 29,11,27,25, 7,23,28)", "weight": 1}, {"from": "( 1,11, 5,23, 6,24,16,31)( 2,17, 9,27,10,28,22,32)( 3, 4,12,14,13,15,25,26)\n( 7, 8,18,20,19,21,29,30)", "to": "( 1,27,14,29,16,17, 4,19, 6,32,26,18, 5,28,15, 7)( 2,13,20,31,22,12, 8,24,10,\n  3,30,23, 9,25,21,11)", "weight": 1}, {"from": "( 1,11, 5,23, 6,24,16,31)( 2,17, 9,27,10,28,22,32)( 3, 4,12,14,13,15,25,26)\n( 7, 8,18,20,19,21,29,30)", "to": "( 1,28,26,19,16,27,15,18, 6,17,14, 7, 5,32, 4,29)( 2,25,30,24,22,13,21,23,10,\n 12,20,11, 9, 3, 8,31)", "weight": 1}, {"from": "( 1,11, 5,23, 6,24,16,31)( 2,17, 9,27,10,28,22,32)( 3, 4,12,14,13,15,25,26)\n( 7, 8,18,20,19,21,29,30)", "to": "( 1,29, 4,32, 5, 7,14,17, 6,18,15,27,16,19,26,28)( 2,31, 8, 3, 9,11,20,12,10,\n 23,21,13,22,24,30,25)", "weight": 1}, {"from": "( 1,11, 5,23, 6,24,16,31)( 2,17, 9,27,10,28,22,32)( 3, 4,12,14,13,15,25,26)\n( 7, 8,18,20,19,21,29,30)", "to": "( 1,30,26,22,16,21,15,10, 6,20,14, 9, 5, 8, 4, 2)( 3,27,31,18,25,17,24, 7,13,\n 32,23,29,12,28,11,19)", "weight": 1}, {"from": "( 1,11, 5,23, 6,24,16,31)( 2,17, 9,27,10,28,22,32)( 3, 4,12,14,13,15,25,26)\n( 7, 8,18,20,19,21,29,30)", "to": "( 1,32,14,18,16,28, 4, 7, 6,27,26,29, 5,17,15,19)( 2, 3,20,23,22,25, 8,11,10,\n 13,30,31, 9,12,21,24)", "weight": 1}, {"from": "( 1,12, 6,25)( 2,18,10,29)( 3, 5,13,16)( 4,23,15,31)( 7, 9,19,22)( 8,27,21,32)\n(11,14,24,26)(17,20,28,30)", "to": "( 1, 8,14,10,16,30, 4, 9, 6,21,26, 2, 5,20,15,22)( 3,28,23, 7,25,27,11,29,13,\n 17,31,19,12,32,24,18)", "weight": 1}, {"from": "( 1,12, 6,25)( 2,18,10,29)( 3, 5,13,16)( 4,23,15,31)( 7, 9,19,22)( 8,27,21,32)\n(11,14,24,26)(17,20,28,30)", "to": "( 1, 9,15,30, 5,10,26, 8, 6,22, 4,20,16, 2,14,21)( 3,29,24,27,12, 7,31,28,13,\n 18,11,32,25,19,23,17)", "weight": 1}, {"from": "( 1,12, 6,25)( 2,18,10,29)( 3, 5,13,16)( 4,23,15,31)( 7, 9,19,22)( 8,27,21,32)\n(11,14,24,26)(17,20,28,30)", "to": "( 1,10, 4,21, 5,22,14,30, 6, 2,15, 8,16, 9,26,20)( 3, 7,11,17,12,18,23,27,13,\n 19,24,28,25,29,31,32)", "weight": 1}, {"from": "( 1,12, 6,25)( 2,18,10,29)( 3, 5,13,16)( 4,23,15,31)( 7, 9,19,22)( 8,27,21,32)\n(11,14,24,26)(17,20,28,30)", "to": "( 1,17,26, 7,16,32,15,29, 6,28,14,19, 5,27, 4,18)( 2,12,30,11,22, 3,21,31,10,\n 25,20,24, 9,13, 8,23)", "weight": 1}, {"from": "( 1,12, 6,25)( 2,18,10,29)( 3, 5,13,16)( 4,23,15,31)( 7, 9,19,22)( 8,27,21,32)\n(11,14,24,26)(17,20,28,30)", "to": "( 1,18, 4,27, 5,19,14,28, 6,29,15,32,16, 7,26,17)( 2,23, 8,13, 9,24,20,25,10,\n 31,21, 3,22,11,30,12)", "weight": 1}, {"from": "( 1,12, 6,25)( 2,18,10,29)( 3, 5,13,16)( 4,23,15,31)( 7, 9,19,22)( 8,27,21,32)\n(11,14,24,26)(17,20,28,30)", "to": "( 1,19,15,17, 5,29,26,27, 6, 7, 4,28,16,18,14,32)( 2,24,21,12, 9,31,30,13,10,\n 11, 8,25,22,23,20, 3)", "weight": 1}, {"from": "( 1,12, 6,25)( 2,18,10,29)( 3, 5,13,16)( 4,23,15,31)( 7, 9,19,22)( 8,27,21,32)\n(11,14,24,26)(17,20,28,30)", "to": "( 1,20,26, 9,16, 8,15, 2, 6,30,14,22, 5,21, 4,10)( 3,32,31,29,25,28,24,19,13,\n 27,23,18,12,17,11, 7)", "weight": 1}, {"from": "( 1,12, 6,25)( 2,18,10,29)( 3, 5,13,16)( 4,23,15,31)( 7, 9,19,22)( 8,27,21,32)\n(11,14,24,26)(17,20,28,30)", "to": "( 1,21,14, 2,16,20, 4,22, 6, 8,26,10, 5,30,15, 9)( 3,17,23,19,25,32,11,18,13,\n 28,31, 7,12,27,24,29)", "weight": 1}, {"from": "( 1,12, 6,25)( 2,18,10,29)( 3, 5,13,16)( 4,23,15,31)( 7, 9,19,22)( 8,27,21,32)\n(11,14,24,26)(17,20,28,30)", "to": "( 1,22,15,20, 5, 2,26,21, 6, 9, 4,30,16,10,14, 8)( 3,18,24,32,12,19,31,17,13,\n 29,11,27,25, 7,23,28)", "weight": 1}, {"from": "( 1,12, 6,25)( 2,18,10,29)( 3, 5,13,16)( 4,23,15,31)( 7, 9,19,22)( 8,27,21,32)\n(11,14,24,26)(17,20,28,30)", "to": "( 1,27,14,29,16,17, 4,19, 6,32,26,18, 5,28,15, 7)( 2,13,20,31,22,12, 8,24,10,\n  3,30,23, 9,25,21,11)", "weight": 1}, {"from": "( 1,12, 6,25)( 2,18,10,29)( 3, 5,13,16)( 4,23,15,31)( 7, 9,19,22)( 8,27,21,32)\n(11,14,24,26)(17,20,28,30)", "to": "( 1,28,26,19,16,27,15,18, 6,17,14, 7, 5,32, 4,29)( 2,25,30,24,22,13,21,23,10,\n 12,20,11, 9, 3, 8,31)", "weight": 1}, {"from": "( 1,12, 6,25)( 2,18,10,29)( 3, 5,13,16)( 4,23,15,31)( 7, 9,19,22)( 8,27,21,32)\n(11,14,24,26)(17,20,28,30)", "to": "( 1,29, 4,32, 5, 7,14,17, 6,18,15,27,16,19,26,28)( 2,31, 8, 3, 9,11,20,12,10,\n 23,21,13,22,24,30,25)", "weight": 1}, {"from": "( 1,12, 6,25)( 2,18,10,29)( 3, 5,13,16)( 4,23,15,31)( 7, 9,19,22)( 8,27,21,32)\n(11,14,24,26)(17,20,28,30)", "to": "( 1,30,26,22,16,21,15,10, 6,20,14, 9, 5, 8, 4, 2)( 3,27,31,18,25,17,24, 7,13,\n 32,23,29,12,28,11,19)", "weight": 1}, {"from": "( 1,12, 6,25)( 2,18,10,29)( 3, 5,13,16)( 4,23,15,31)( 7, 9,19,22)( 8,27,21,32)\n(11,14,24,26)(17,20,28,30)", "to": "( 1,32,14,18,16,28, 4, 7, 6,27,26,29, 5,17,15,19)( 2, 3,20,23,22,25, 8,11,10,\n 13,30,31, 9,12,21,24)", "weight": 1}, {"from": "( 1,13)( 2,19)( 3, 6)( 4,24)( 5,25)( 7,10)( 8,28)( 9,29)(11,15)(12,16)(14,31)\n(17,21)(18,22)(20,32)(23,26)(27,30)", "to": "( 1, 8,14,10,16,30, 4, 9, 6,21,26, 2, 5,20,15,22)( 3,28,23, 7,25,27,11,29,13,\n 17,31,19,12,32,24,18)", "weight": 1}, {"from": "( 1,13)( 2,19)( 3, 6)( 4,24)( 5,25)( 7,10)( 8,28)( 9,29)(11,15)(12,16)(14,31)\n(17,21)(18,22)(20,32)(23,26)(27,30)", "to": "( 1, 9,15,30, 5,10,26, 8, 6,22, 4,20,16, 2,14,21)( 3,29,24,27,12, 7,31,28,13,\n 18,11,32,25,19,23,17)", "weight": 1}, {"from": "( 1,13)( 2,19)( 3, 6)( 4,24)( 5,25)( 7,10)( 8,28)( 9,29)(11,15)(12,16)(14,31)\n(17,21)(18,22)(20,32)(23,26)(27,30)", "to": "( 1,10, 4,21, 5,22,14,30, 6, 2,15, 8,16, 9,26,20)( 3, 7,11,17,12,18,23,27,13,\n 19,24,28,25,29,31,32)", "weight": 1}, {"from": "( 1,13)( 2,19)( 3, 6)( 4,24)( 5,25)( 7,10)( 8,28)( 9,29)(11,15)(12,16)(14,31)\n(17,21)(18,22)(20,32)(23,26)(27,30)", "to": "( 1,17,26, 7,16,32,15,29, 6,28,14,19, 5,27, 4,18)( 2,12,30,11,22, 3,21,31,10,\n 25,20,24, 9,13, 8,23)", "weight": 1}, {"from": "( 1,13)( 2,19)( 3, 6)( 4,24)( 5,25)( 7,10)( 8,28)( 9,29)(11,15)(12,16)(14,31)\n(17,21)(18,22)(20,32)(23,26)(27,30)", "to": "( 1,18, 4,27, 5,19,14,28, 6,29,15,32,16, 7,26,17)( 2,23, 8,13, 9,24,20,25,10,\n 31,21, 3,22,11,30,12)", "weight": 1}, {"from": "( 1,13)( 2,19)( 3, 6)( 4,24)( 5,25)( 7,10)( 8,28)( 9,29)(11,15)(12,16)(14,31)\n(17,21)(18,22)(20,32)(23,26)(27,30)", "to": "( 1,19,15,17, 5,29,26,27, 6, 7, 4,28,16,18,14,32)( 2,24,21,12, 9,31,30,13,10,\n 11, 8,25,22,23,20, 3)", "weight": 1}, {"from": "( 1,13)( 2,19)( 3, 6)( 4,24)( 5,25)( 7,10)( 8,28)( 9,29)(11,15)(12,16)(14,31)\n(17,21)(18,22)(20,32)(23,26)(27,30)", "to": "( 1,20,26, 9,16, 8,15, 2, 6,30,14,22, 5,21, 4,10)( 3,32,31,29,25,28,24,19,13,\n 27,23,18,12,17,11, 7)", "weight": 1}, {"from": "( 1,13)( 2,19)( 3, 6)( 4,24)( 5,25)( 7,10)( 8,28)( 9,29)(11,15)(12,16)(14,31)\n(17,21)(18,22)(20,32)(23,26)(27,30)", "to": "( 1,21,14, 2,16,20, 4,22, 6, 8,26,10, 5,30,15, 9)( 3,17,23,19,25,32,11,18,13,\n 28,31, 7,12,27,24,29)", "weight": 1}, {"from": "( 1,13)( 2,19)( 3, 6)( 4,24)( 5,25)( 7,10)( 8,28)( 9,29)(11,15)(12,16)(14,31)\n(17,21)(18,22)(20,32)(23,26)(27,30)", "to": "( 1,22,15,20, 5, 2,26,21, 6, 9, 4,30,16,10,14, 8)( 3,18,24,32,12,19,31,17,13,\n 29,11,27,25, 7,23,28)", "weight": 1}, {"from": "( 1,13)( 2,19)( 3, 6)( 4,24)( 5,25)( 7,10)( 8,28)( 9,29)(11,15)(12,16)(14,31)\n(17,21)(18,22)(20,32)(23,26)(27,30)", "to": "( 1,27,14,29,16,17, 4,19, 6,32,26,18, 5,28,15, 7)( 2,13,20,31,22,12, 8,24,10,\n  3,30,23, 9,25,21,11)", "weight": 1}, {"from": "( 1,13)( 2,19)( 3, 6)( 4,24)( 5,25)( 7,10)( 8,28)( 9,29)(11,15)(12,16)(14,31)\n(17,21)(18,22)(20,32)(23,26)(27,30)", "to": "( 1,28,26,19,16,27,15,18, 6,17,14, 7, 5,32, 4,29)( 2,25,30,24,22,13,21,23,10,\n 12,20,11, 9, 3, 8,31)", "weight": 1}, {"from": "( 1,13)( 2,19)( 3, 6)( 4,24)( 5,25)( 7,10)( 8,28)( 9,29)(11,15)(12,16)(14,31)\n(17,21)(18,22)(20,32)(23,26)(27,30)", "to": "( 1,29, 4,32, 5, 7,14,17, 6,18,15,27,16,19,26,28)( 2,31, 8, 3, 9,11,20,12,10,\n 23,21,13,22,24,30,25)", "weight": 1}, {"from": "( 1,13)( 2,19)( 3, 6)( 4,24)( 5,25)( 7,10)( 8,28)( 9,29)(11,15)(12,16)(14,31)\n(17,21)(18,22)(20,32)(23,26)(27,30)", "to": "( 1,30,26,22,16,21,15,10, 6,20,14, 9, 5, 8, 4, 2)( 3,27,31,18,25,17,24, 7,13,\n 32,23,29,12,28,11,19)", "weight": 1}, {"from": "( 1,13)( 2,19)( 3, 6)( 4,24)( 5,25)( 7,10)( 8,28)( 9,29)(11,15)(12,16)(14,31)\n(17,21)(18,22)(20,32)(23,26)(27,30)", "to": "( 1,32,14,18,16,28, 4, 7, 6,27,26,29, 5,17,15,19)( 2, 3,20,23,22,25, 8,11,10,\n 13,30,31, 9,12,21,24)", "weight": 1}, {"from": "( 1,17,26, 7,16,32,15,29, 6,28,14,19, 5,27, 4,18)( 2,12,30,11,22, 3,21,31,10,\n 25,20,24, 9,13, 8,23)", "to": "( 1, 8,14,10,16,30, 4, 9, 6,21,26, 2, 5,20,15,22)( 3,28,23, 7,25,27,11,29,13,\n 17,31,19,12,32,24,18)", "weight": 1}, {"from": "( 1,17,26, 7,16,32,15,29, 6,28,14,19, 5,27, 4,18)( 2,12,30,11,22, 3,21,31,10,\n 25,20,24, 9,13, 8,23)", "to": "( 1, 9,15,30, 5,10,26, 8, 6,22, 4,20,16, 2,14,21)( 3,29,24,27,12, 7,31,28,13,\n 18,11,32,25,19,23,17)", "weight": 1}, {"from": "( 1,17,26, 7,16,32,15,29, 6,28,14,19, 5,27, 4,18)( 2,12,30,11,22, 3,21,31,10,\n 25,20,24, 9,13, 8,23)", "to": "( 1,10, 4,21, 5,22,14,30, 6, 2,15, 8,16, 9,26,20)( 3, 7,11,17,12,18,23,27,13,\n 19,24,28,25,29,31,32)", "weight": 1}, {"from": "( 1,17,26, 7,16,32,15,29, 6,28,14,19, 5,27, 4,18)( 2,12,30,11,22, 3,21,31,10,\n 25,20,24, 9,13, 8,23)", "to": "( 1,20,26, 9,16, 8,15, 2, 6,30,14,22, 5,21, 4,10)( 3,32,31,29,25,28,24,19,13,\n 27,23,18,12,17,11, 7)", "weight": 1}, {"from": "( 1,17,26, 7,16,32,15,29, 6,28,14,19, 5,27, 4,18)( 2,12,30,11,22, 3,21,31,10,\n 25,20,24, 9,13, 8,23)", "to": "( 1,21,14, 2,16,20, 4,22, 6, 8,26,10, 5,30,15, 9)( 3,17,23,19,25,32,11,18,13,\n 28,31, 7,12,27,24,29)", "weight": 1}, {"from": "( 1,17,26, 7,16,32,15,29, 6,28,14,19, 5,27, 4,18)( 2,12,30,11,22, 3,21,31,10,\n 25,20,24, 9,13, 8,23)", "to": "( 1,22,15,20, 5, 2,26,21, 6, 9, 4,30,16,10,14, 8)( 3,18,24,32,12,19,31,17,13,\n 29,11,27,25, 7,23,28)", "weight": 1}, {"from": "( 1,17,26, 7,16,32,15,29, 6,28,14,19, 5,27, 4,18)( 2,12,30,11,22, 3,21,31,10,\n 25,20,24, 9,13, 8,23)", "to": "( 1,23,16,11, 6,31, 5,24)( 2,27,22,17,10,32, 9,28)( 3,14,25, 4,13,26,12,15)\n( 7,20,29, 8,19,30,18,21)", "weight": 1}, {"from": "( 1,17,26, 7,16,32,15,29, 6,28,14,19, 5,27, 4,18)( 2,12,30,11,22, 3,21,31,10,\n 25,20,24, 9,13, 8,23)", "to": "( 1,24, 5,31, 6,11,16,23)( 2,28, 9,32,10,17,22,27)( 3,15,12,26,13, 4,25,14)\n( 7,21,18,30,19, 8,29,20)", "weight": 1}, {"from": "( 1,17,26, 7,16,32,15,29, 6,28,14,19, 5,27, 4,18)( 2,12,30,11,22, 3,21,31,10,\n 25,20,24, 9,13, 8,23)", "to": "( 1,25, 6,12)( 2,29,10,18)( 3,16,13, 5)( 4,31,15,23)( 7,22,19, 9)( 8,32,21,27)\n(11,26,24,14)(17,30,28,20)", "weight": 1}, {"from": "( 1,17,26, 7,16,32,15,29, 6,28,14,19, 5,27, 4,18)( 2,12,30,11,22, 3,21,31,10,\n 25,20,24, 9,13, 8,23)", "to": "( 1,30,26,22,16,21,15,10, 6,20,14, 9, 5, 8, 4, 2)( 3,27,31,18,25,17,24, 7,13,\n 32,23,29,12,28,11,19)", "weight": 1}, {"from": "( 1,17,26, 7,16,32,15,29, 6,28,14,19, 5,27, 4,18)( 2,12,30,11,22, 3,21,31,10,\n 25,20,24, 9,13, 8,23)", "to": "( 1,31,16,24, 6,23, 5,11)( 2,32,22,28,10,27, 9,17)( 3,26,25,15,13,14,12, 4)\n( 7,30,29,21,19,20,18, 8)", "weight": 1}, {"from": "( 1,18, 4,27, 5,19,14,28, 6,29,15,32,16, 7,26,17)( 2,23, 8,13, 9,24,20,25,10,\n 31,21, 3,22,11,30,12)", "to": "( 1, 8,14,10,16,30, 4, 9, 6,21,26, 2, 5,20,15,22)( 3,28,23, 7,25,27,11,29,13,\n 17,31,19,12,32,24,18)", "weight": 1}, {"from": "( 1,18, 4,27, 5,19,14,28, 6,29,15,32,16, 7,26,17)( 2,23, 8,13, 9,24,20,25,10,\n 31,21, 3,22,11,30,12)", "to": "( 1, 9,15,30, 5,10,26, 8, 6,22, 4,20,16, 2,14,21)( 3,29,24,27,12, 7,31,28,13,\n 18,11,32,25,19,23,17)", "weight": 1}, {"from": "( 1,18, 4,27, 5,19,14,28, 6,29,15,32,16, 7,26,17)( 2,23, 8,13, 9,24,20,25,10,\n 31,21, 3,22,11,30,12)", "to": "( 1,10, 4,21, 5,22,14,30, 6, 2,15, 8,16, 9,26,20)( 3, 7,11,17,12,18,23,27,13,\n 19,24,28,25,29,31,32)", "weight": 1}, {"from": "( 1,18, 4,27, 5,19,14,28, 6,29,15,32,16, 7,26,17)( 2,23, 8,13, 9,24,20,25,10,\n 31,21, 3,22,11,30,12)", "to": "( 1,20,26, 9,16, 8,15, 2, 6,30,14,22, 5,21, 4,10)( 3,32,31,29,25,28,24,19,13,\n 27,23,18,12,17,11, 7)", "weight": 1}, {"from": "( 1,18, 4,27, 5,19,14,28, 6,29,15,32,16, 7,26,17)( 2,23, 8,13, 9,24,20,25,10,\n 31,21, 3,22,11,30,12)", "to": "( 1,21,14, 2,16,20, 4,22, 6, 8,26,10, 5,30,15, 9)( 3,17,23,19,25,32,11,18,13,\n 28,31, 7,12,27,24,29)", "weight": 1}, {"from": "( 1,18, 4,27, 5,19,14,28, 6,29,15,32,16, 7,26,17)( 2,23, 8,13, 9,24,20,25,10,\n 31,21, 3,22,11,30,12)", "to": "( 1,22,15,20, 5, 2,26,21, 6, 9, 4,30,16,10,14, 8)( 3,18,24,32,12,19,31,17,13,\n 29,11,27,25, 7,23,28)", "weight": 1}, {"from": "( 1,18, 4,27, 5,19,14,28, 6,29,15,32,16, 7,26,17)( 2,23, 8,13, 9,24,20,25,10,\n 31,21, 3,22,11,30,12)", "to": "( 1,23,16,11, 6,31, 5,24)( 2,27,22,17,10,32, 9,28)( 3,14,25, 4,13,26,12,15)\n( 7,20,29, 8,19,30,18,21)", "weight": 1}, {"from": "( 1,18, 4,27, 5,19,14,28, 6,29,15,32,16, 7,26,17)( 2,23, 8,13, 9,24,20,25,10,\n 31,21, 3,22,11,30,12)", "to": "( 1,24, 5,31, 6,11,16,23)( 2,28, 9,32,10,17,22,27)( 3,15,12,26,13, 4,25,14)\n( 7,21,18,30,19, 8,29,20)", "weight": 1}, {"from": "( 1,18, 4,27, 5,19,14,28, 6,29,15,32,16, 7,26,17)( 2,23, 8,13, 9,24,20,25,10,\n 31,21, 3,22,11,30,12)", "to": "( 1,25, 6,12)( 2,29,10,18)( 3,16,13, 5)( 4,31,15,23)( 7,22,19, 9)( 8,32,21,27)\n(11,26,24,14)(17,30,28,20)", "weight": 1}, {"from": "( 1,18, 4,27, 5,19,14,28, 6,29,15,32,16, 7,26,17)( 2,23, 8,13, 9,24,20,25,10,\n 31,21, 3,22,11,30,12)", "to": "( 1,30,26,22,16,21,15,10, 6,20,14, 9, 5, 8, 4, 2)( 3,27,31,18,25,17,24, 7,13,\n 32,23,29,12,28,11,19)", "weight": 1}, {"from": "( 1,18, 4,27, 5,19,14,28, 6,29,15,32,16, 7,26,17)( 2,23, 8,13, 9,24,20,25,10,\n 31,21, 3,22,11,30,12)", "to": "( 1,31,16,24, 6,23, 5,11)( 2,32,22,28,10,27, 9,17)( 3,26,25,15,13,14,12, 4)\n( 7,30,29,21,19,20,18, 8)", "weight": 1}, {"from": "( 1,19,15,17, 5,29,26,27, 6, 7, 4,28,16,18,14,32)( 2,24,21,12, 9,31,30,13,10,\n 11, 8,25,22,23,20, 3)", "to": "( 1, 8,14,10,16,30, 4, 9, 6,21,26, 2, 5,20,15,22)( 3,28,23, 7,25,27,11,29,13,\n 17,31,19,12,32,24,18)", "weight": 1}, {"from": "( 1,19,15,17, 5,29,26,27, 6, 7, 4,28,16,18,14,32)( 2,24,21,12, 9,31,30,13,10,\n 11, 8,25,22,23,20, 3)", "to": "( 1, 9,15,30, 5,10,26, 8, 6,22, 4,20,16, 2,14,21)( 3,29,24,27,12, 7,31,28,13,\n 18,11,32,25,19,23,17)", "weight": 1}, {"from": "( 1,19,15,17, 5,29,26,27, 6, 7, 4,28,16,18,14,32)( 2,24,21,12, 9,31,30,13,10,\n 11, 8,25,22,23,20, 3)", "to": "( 1,10, 4,21, 5,22,14,30, 6, 2,15, 8,16, 9,26,20)( 3, 7,11,17,12,18,23,27,13,\n 19,24,28,25,29,31,32)", "weight": 1}, {"from": "( 1,19,15,17, 5,29,26,27, 6, 7, 4,28,16,18,14,32)( 2,24,21,12, 9,31,30,13,10,\n 11, 8,25,22,23,20, 3)", "to": "( 1,20,26, 9,16, 8,15, 2, 6,30,14,22, 5,21, 4,10)( 3,32,31,29,25,28,24,19,13,\n 27,23,18,12,17,11, 7)", "weight": 1}, {"from": "( 1,19,15,17, 5,29,26,27, 6, 7, 4,28,16,18,14,32)( 2,24,21,12, 9,31,30,13,10,\n 11, 8,25,22,23,20, 3)", "to": "( 1,21,14, 2,16,20, 4,22, 6, 8,26,10, 5,30,15, 9)( 3,17,23,19,25,32,11,18,13,\n 28,31, 7,12,27,24,29)", "weight": 1}, {"from": "( 1,19,15,17, 5,29,26,27, 6, 7, 4,28,16,18,14,32)( 2,24,21,12, 9,31,30,13,10,\n 11, 8,25,22,23,20, 3)", "to": "( 1,22,15,20, 5, 2,26,21, 6, 9, 4,30,16,10,14, 8)( 3,18,24,32,12,19,31,17,13,\n 29,11,27,25, 7,23,28)", "weight": 1}, {"from": "( 1,19,15,17, 5,29,26,27, 6, 7, 4,28,16,18,14,32)( 2,24,21,12, 9,31,30,13,10,\n 11, 8,25,22,23,20, 3)", "to": "( 1,23,16,11, 6,31, 5,24)( 2,27,22,17,10,32, 9,28)( 3,14,25, 4,13,26,12,15)\n( 7,20,29, 8,19,30,18,21)", "weight": 1}, {"from": "( 1,19,15,17, 5,29,26,27, 6, 7, 4,28,16,18,14,32)( 2,24,21,12, 9,31,30,13,10,\n 11, 8,25,22,23,20, 3)", "to": "( 1,24, 5,31, 6,11,16,23)( 2,28, 9,32,10,17,22,27)( 3,15,12,26,13, 4,25,14)\n( 7,21,18,30,19, 8,29,20)", "weight": 1}, {"from": "( 1,19,15,17, 5,29,26,27, 6, 7, 4,28,16,18,14,32)( 2,24,21,12, 9,31,30,13,10,\n 11, 8,25,22,23,20, 3)", "to": "( 1,25, 6,12)( 2,29,10,18)( 3,16,13, 5)( 4,31,15,23)( 7,22,19, 9)( 8,32,21,27)\n(11,26,24,14)(17,30,28,20)", "weight": 1}, {"from": "( 1,19,15,17, 5,29,26,27, 6, 7, 4,28,16,18,14,32)( 2,24,21,12, 9,31,30,13,10,\n 11, 8,25,22,23,20, 3)", "to": "( 1,30,26,22,16,21,15,10, 6,20,14, 9, 5, 8, 4, 2)( 3,27,31,18,25,17,24, 7,13,\n 32,23,29,12,28,11,19)", "weight": 1}, {"from": "( 1,19,15,17, 5,29,26,27, 6, 7, 4,28,16,18,14,32)( 2,24,21,12, 9,31,30,13,10,\n 11, 8,25,22,23,20, 3)", "to": "( 1,31,16,24, 6,23, 5,11)( 2,32,22,28,10,27, 9,17)( 3,26,25,15,13,14,12, 4)\n( 7,30,29,21,19,20,18, 8)", "weight": 1}, {"from": "( 1,23,16,11, 6,31, 5,24)( 2,27,22,17,10,32, 9,28)( 3,14,25, 4,13,26,12,15)\n( 7,20,29, 8,19,30,18,21)", "to": "( 1, 8,14,10,16,30, 4, 9, 6,21,26, 2, 5,20,15,22)( 3,28,23, 7,25,27,11,29,13,\n 17,31,19,12,32,24,18)", "weight": 1}, {"from": "( 1,23,16,11, 6,31, 5,24)( 2,27,22,17,10,32, 9,28)( 3,14,25, 4,13,26,12,15)\n( 7,20,29, 8,19,30,18,21)", "to": "( 1, 9,15,30, 5,10,26, 8, 6,22, 4,20,16, 2,14,21)( 3,29,24,27,12, 7,31,28,13,\n 18,11,32,25,19,23,17)", "weight": 1}, {"from": "( 1,23,16,11, 6,31, 5,24)( 2,27,22,17,10,32, 9,28)( 3,14,25, 4,13,26,12,15)\n( 7,20,29, 8,19,30,18,21)", "to": "( 1,10, 4,21, 5,22,14,30, 6, 2,15, 8,16, 9,26,20)( 3, 7,11,17,12,18,23,27,13,\n 19,24,28,25,29,31,32)", "weight": 1}, {"from": "( 1,23,16,11, 6,31, 5,24)( 2,27,22,17,10,32, 9,28)( 3,14,25, 4,13,26,12,15)\n( 7,20,29, 8,19,30,18,21)", "to": "( 1,20,26, 9,16, 8,15, 2, 6,30,14,22, 5,21, 4,10)( 3,32,31,29,25,28,24,19,13,\n 27,23,18,12,17,11, 7)", "weight": 1}, {"from": "( 1,23,16,11, 6,31, 5,24)( 2,27,22,17,10,32, 9,28)( 3,14,25, 4,13,26,12,15)\n( 7,20,29, 8,19,30,18,21)", "to": "( 1,21,14, 2,16,20, 4,22, 6, 8,26,10, 5,30,15, 9)( 3,17,23,19,25,32,11,18,13,\n 28,31, 7,12,27,24,29)", "weight": 1}, {"from": "( 1,23,16,11, 6,31, 5,24)( 2,27,22,17,10,32, 9,28)( 3,14,25, 4,13,26,12,15)\n( 7,20,29, 8,19,30,18,21)", "to": "( 1,22,15,20, 5, 2,26,21, 6, 9, 4,30,16,10,14, 8)( 3,18,24,32,12,19,31,17,13,\n 29,11,27,25, 7,23,28)", "weight": 1}, {"from": "( 1,23,16,11, 6,31, 5,24)( 2,27,22,17,10,32, 9,28)( 3,14,25, 4,13,26,12,15)\n( 7,20,29, 8,19,30,18,21)", "to": "( 1,27,14,29,16,17, 4,19, 6,32,26,18, 5,28,15, 7)( 2,13,20,31,22,12, 8,24,10,\n  3,30,23, 9,25,21,11)", "weight": 1}, {"from": "( 1,23,16,11, 6,31, 5,24)( 2,27,22,17,10,32, 9,28)( 3,14,25, 4,13,26,12,15)\n( 7,20,29, 8,19,30,18,21)", "to": "( 1,28,26,19,16,27,15,18, 6,17,14, 7, 5,32, 4,29)( 2,25,30,24,22,13,21,23,10,\n 12,20,11, 9, 3, 8,31)", "weight": 1}, {"from": "( 1,23,16,11, 6,31, 5,24)( 2,27,22,17,10,32, 9,28)( 3,14,25, 4,13,26,12,15)\n( 7,20,29, 8,19,30,18,21)", "to": "( 1,29, 4,32, 5, 7,14,17, 6,18,15,27,16,19,26,28)( 2,31, 8, 3, 9,11,20,12,10,\n 23,21,13,22,24,30,25)", "weight": 1}, {"from": "( 1,23,16,11, 6,31, 5,24)( 2,27,22,17,10,32, 9,28)( 3,14,25, 4,13,26,12,15)\n( 7,20,29, 8,19,30,18,21)", "to": "( 1,30,26,22,16,21,15,10, 6,20,14, 9, 5, 8, 4, 2)( 3,27,31,18,25,17,24, 7,13,\n 32,23,29,12,28,11,19)", "weight": 1}, {"from": "( 1,23,16,11, 6,31, 5,24)( 2,27,22,17,10,32, 9,28)( 3,14,25, 4,13,26,12,15)\n( 7,20,29, 8,19,30,18,21)", "to": "( 1,32,14,18,16,28, 4, 7, 6,27,26,29, 5,17,15,19)( 2, 3,20,23,22,25, 8,11,10,\n 13,30,31, 9,12,21,24)", "weight": 1}, {"from": "( 1,24, 5,31, 6,11,16,23)( 2,28, 9,32,10,17,22,27)( 3,15,12,26,13, 4,25,14)\n( 7,21,18,30,19, 8,29,20)", "to": "( 1, 8,14,10,16,30, 4, 9, 6,21,26, 2, 5,20,15,22)( 3,28,23, 7,25,27,11,29,13,\n 17,31,19,12,32,24,18)", "weight": 1}, {"from": "( 1,24, 5,31, 6,11,16,23)( 2,28, 9,32,10,17,22,27)( 3,15,12,26,13, 4,25,14)\n( 7,21,18,30,19, 8,29,20)", "to": "( 1, 9,15,30, 5,10,26, 8, 6,22, 4,20,16, 2,14,21)( 3,29,24,27,12, 7,31,28,13,\n 18,11,32,25,19,23,17)", "weight": 1}, {"from": "( 1,24, 5,31, 6,11,16,23)( 2,28