<html>
<head>
<link rel="stylesheet" href="https://cdnjs.cloudflare.com/ajax/libs/vis/4.16.1/vis.css" type="text/css" />
<script type="text/javascript" src="https://cdnjs.cloudflare.com/ajax/libs/vis/4.16.1/vis-network.min.js"> </script>
<center>
<h1></h1>
</center>

<!-- <link rel="stylesheet" href="../node_modules/vis/dist/vis.min.css" type="text/css" />
<script type="text/javascript" src="../node_modules/vis/dist/vis.js"> </script>-->

<style type="text/css">

        #mynetwork {
            width: 80%;
            height: 1000px;
            background-color: #ffffff;
            border: 1px solid lightgray;
            position: relative;
            float: left;
        }

        

        
        #config {
            float: left;
            width: 400px;
            height: 600px;
        }
        

        
</style>

</head>

<body>
<div id = "mynetwork"></div>


<div id = "config"></div>

<script type="text/javascript">

    // initialize global variables.
    var edges;
    var nodes;
    var network; 
    var container;
    var options, data;

    
    // This method is responsible for drawing the graph, returns the drawn network
    function drawGraph() {
        var container = document.getElementById('mynetwork');
        
        

        // parsing and collecting nodes and edges from the python
        nodes = new vis.DataSet([{"id": "( 1, 6)( 2, 3)( 4,24)( 5,26)( 7,19)( 8,21)( 9,16)(10,18)(11,14)(12,36)(13,15)\n(17,35)(20,34)(22,33)(23,32)(25,31)(27,30)(28,29)", "label": "( 1, 6)( 2, 3)( 4,24)( 5,26)( 7,19)( 8,21)( 9,16)(10,18)(11,14)(12,36)(13,15)\n(17,35)(20,34)(22,33)(23,32)(25,31)(27,30)(28,29)", "shape": "dot", "size": 10}, {"id": "( 1,17,11, 8, 4,27)( 2,12,16, 5, 7,22)( 3,25,19,15, 9,32)( 6,20,24,10,14,29)\n(13,28,31,18,23,34)(21,33,35,26,30,36)", "label": "( 1,17,11, 8, 4,27)( 2,12,16, 5, 7,22)( 3,25,19,15, 9,32)( 6,20,24,10,14,29)\n(13,28,31,18,23,34)(21,33,35,26,30,36)", "shape": "dot", "size": 10}, {"id": "( 1,20,13, 9, 5,30)( 2,25,18,14, 8,33)( 3,12,21, 4,10,23)( 6,17,26, 7,15,28)\n(11,29,31,19,22,35)(16,32,34,24,27,36)", "label": "( 1,20,13, 9, 5,30)( 2,25,18,14, 8,33)( 3,12,21, 4,10,23)( 6,17,26, 7,15,28)\n(11,29,31,19,22,35)(16,32,34,24,27,36)", "shape": "dot", "size": 10}, {"id": "( 1,27, 4, 8,11,17)( 2,22, 7, 5,16,12)( 3,32, 9,15,19,25)( 6,29,14,10,24,20)\n(13,34,23,18,31,28)(21,36,30,26,35,33)", "label": "( 1,27, 4, 8,11,17)( 2,22, 7, 5,16,12)( 3,32, 9,15,19,25)( 6,29,14,10,24,20)\n(13,34,23,18,31,28)(21,36,30,26,35,33)", "shape": "dot", "size": 10}, {"id": "( 1,28,11,18, 4,34)( 2,23,16,13, 7,31)( 3,33,19,26, 9,36)( 5,17,22, 8,12,27)\n( 6,30,24,21,14,35)(10,25,29,15,20,32)", "label": "( 1,28,11,18, 4,34)( 2,23,16,13, 7,31)( 3,33,19,26, 9,36)( 5,17,22, 8,12,27)\n( 6,30,24,21,14,35)(10,25,29,15,20,32)", "shape": "dot", "size": 10}, {"id": "( 1,29,13,19, 5,35)( 2,32,18,24, 8,36)( 3,22,21,11,10,31)( 4,20,23, 9,12,30)\n( 6,27,26,16,15,34)( 7,25,28,14,17,33)", "label": "( 1,29,13,19, 5,35)( 2,32,18,24, 8,36)( 3,22,21,11,10,31)( 4,20,23, 9,12,30)\n( 6,27,26,16,15,34)( 7,25,28,14,17,33)", "shape": "dot", "size": 10}, {"id": "( 1,30, 5, 9,13,20)( 2,33, 8,14,18,25)( 3,23,10, 4,21,12)( 6,28,15, 7,26,17)\n(11,35,22,19,31,29)(16,36,27,24,34,32)", "label": "( 1,30, 5, 9,13,20)( 2,33, 8,14,18,25)( 3,23,10, 4,21,12)( 6,28,15, 7,26,17)\n(11,35,22,19,31,29)(16,36,27,24,34,32)", "shape": "dot", "size": 10}, {"id": "( 1,34, 4,18,11,28)( 2,31, 7,13,16,23)( 3,36, 9,26,19,33)( 5,27,12, 8,22,17)\n( 6,35,14,21,24,30)(10,32,20,15,29,25)", "label": "( 1,34, 4,18,11,28)( 2,31, 7,13,16,23)( 3,36, 9,26,19,33)( 5,27,12, 8,22,17)\n( 6,35,14,21,24,30)(10,32,20,15,29,25)", "shape": "dot", "size": 10}, {"id": "( 1,35, 5,19,13,29)( 2,36, 8,24,18,32)( 3,31,10,11,21,22)( 4,30,12, 9,23,20)\n( 6,34,15,16,26,27)( 7,33,17,14,28,25)", "label": "( 1,35, 5,19,13,29)( 2,36, 8,24,18,32)( 3,31,10,11,21,22)( 4,30,12, 9,23,20)\n( 6,34,15,16,26,27)( 7,33,17,14,28,25)", "shape": "dot", "size": 10}, {"id": "( 1,10,13, 3, 5,21)( 2,15,18, 6, 8,26)( 4,29,23,19,12,35)( 7,32,28,24,17,36)\n( 9,22,30,11,20,31)(14,27,33,16,25,34)", "label": "( 1,10,13, 3, 5,21)( 2,15,18, 6, 8,26)( 4,29,23,19,12,35)( 7,32,28,24,17,36)\n( 9,22,30,11,20,31)(14,27,33,16,25,34)", "shape": "dot", "size": 10}, {"id": "( 1,14)( 2, 9)( 3, 7)( 4, 6)( 5,33)( 8,30)(10,28)(11,24)(12,26)(13,25)(15,23)\n(16,19)(17,21)(18,20)(22,36)(27,35)(29,34)(31,32)", "label": "( 1,14)( 2, 9)( 3, 7)( 4, 6)( 5,33)( 8,30)(10,28)(11,24)(12,26)(13,25)(15,23)\n(16,19)(17,21)(18,20)(22,36)(27,35)(29,34)(31,32)", "shape": "dot", "size": 10}, {"id": "( 1,21, 5, 3,13,10)( 2,26, 8, 6,18,15)( 4,35,12,19,23,29)( 7,36,17,24,28,32)\n( 9,31,20,11,30,22)(14,34,25,16,33,27)", "label": "( 1,21, 5, 3,13,10)( 2,26, 8, 6,18,15)( 4,35,12,19,23,29)( 7,36,17,24,28,32)\n( 9,31,20,11,30,22)(14,34,25,16,33,27)", "shape": "dot", "size": 10}, {"id": "( 1,24)( 2,19)( 3,16)( 4,14)( 5,36)( 6,11)( 7, 9)( 8,35)(10,34)(12,33)(13,32)\n(15,31)(17,30)(18,29)(20,28)(21,27)(22,26)(23,25)", "label": "( 1,24)( 2,19)( 3,16)( 4,14)( 5,36)( 6,11)( 7, 9)( 8,35)(10,34)(12,33)(13,32)\n(15,31)(17,30)(18,29)(20,28)(21,27)(22,26)(23,25)", "shape": "dot", "size": 10}, {"id": "( 1,26)( 2,21)( 3,18)( 4,36)( 5,15)( 6,13)( 7,35)( 8,10)( 9,34)(11,33)(12,32)\n(14,31)(16,30)(17,29)(19,28)(20,27)(22,25)(23,24)", "label": "( 1,26)( 2,21)( 3,18)( 4,36)( 5,15)( 6,13)( 7,35)( 8,10)( 9,34)(11,33)(12,32)\n(14,31)(16,30)(17,29)(19,28)(20,27)(22,25)(23,24)", "shape": "dot", "size": 10}, {"id": "( 1,33)( 2,30)( 3,28)( 4,26)( 5,25)( 6,23)( 7,21)( 8,20)( 9,18)(10,17)(11,36)\n(12,15)(13,14)(16,35)(19,34)(22,32)(24,31)(27,29)", "label": "( 1,33)( 2,30)( 3,28)( 4,26)( 5,25)( 6,23)( 7,21)( 8,20)( 9,18)(10,17)(11,36)\n(12,15)(13,14)(16,35)(19,34)(22,32)(24,31)(27,29)", "shape": "dot", "size": 10}, {"id": "( 1,36)( 2,35)( 3,34)( 4,33)( 5,32)( 6,31)( 7,30)( 8,29)( 9,28)(10,27)(11,26)\n(12,25)(13,24)(14,23)(15,22)(16,21)(17,20)(18,19)", "label": "( 1,36)( 2,35)( 3,34)( 4,33)( 5,32)( 6,31)( 7,30)( 8,29)( 9,28)(10,27)(11,26)\n(12,25)(13,24)(14,23)(15,22)(16,21)(17,20)(18,19)", "shape": "dot", "size": 10}, {"id": "( 1, 7,11, 2, 4,16)( 3,14,19, 6, 9,24)( 5,28,22,18,12,34)( 8,23,27,13,17,31)\n(10,33,29,26,20,36)(15,30,32,21,25,35)", "label": "( 1, 7,11, 2, 4,16)( 3,14,19, 6, 9,24)( 5,28,22,18,12,34)( 8,23,27,13,17,31)\n(10,33,29,26,20,36)(15,30,32,21,25,35)", "shape": "dot", "size": 10}, {"id": "( 1,15)( 2,10)( 3, 8)( 4,32)( 5, 6)( 7,29)( 9,27)(11,25)(12,24)(13,26)(14,22)\n(16,20)(17,19)(18,21)(23,36)(28,35)(30,34)(31,33)", "label": "( 1,15)( 2,10)( 3, 8)( 4,32)( 5, 6)( 7,29)( 9,27)(11,25)(12,24)(13,26)(14,22)\n(16,20)(17,19)(18,21)(23,36)(28,35)(30,34)(31,33)", "shape": "dot", "size": 10}, {"id": "( 1,16, 4, 2,11, 7)( 3,24, 9, 6,19,14)( 5,34,12,18,22,28)( 8,31,17,13,27,23)\n(10,36,20,26,29,33)(15,35,25,21,32,30)", "label": "( 1,16, 4, 2,11, 7)( 3,24, 9, 6,19,14)( 5,34,12,18,22,28)( 8,31,17,13,27,23)\n(10,36,20,26,29,33)(15,35,25,21,32,30)", "shape": "dot", "size": 10}, {"id": "( 1,32)( 2,29)( 3,27)( 4,25)( 5,24)( 6,22)( 7,20)( 8,19)( 9,17)(10,16)(11,15)\n(12,14)(13,36)(18,35)(21,34)(23,33)(26,31)(28,30)", "label": "( 1,32)( 2,29)( 3,27)( 4,25)( 5,24)( 6,22)( 7,20)( 8,19)( 9,17)(10,16)(11,15)\n(12,14)(13,36)(18,35)(21,34)(23,33)(26,31)(28,30)", "shape": "dot", "size": 10}, {"id": "( 1,25)( 2,20)( 3,17)( 4,15)( 5,14)( 6,12)( 7,10)( 8, 9)(11,32)(13,33)(16,29)\n(18,30)(19,27)(21,28)(22,24)(23,26)(31,36)(34,35)", "label": "( 1,25)( 2,20)( 3,17)( 4,15)( 5,14)( 6,12)( 7,10)( 8, 9)(11,32)(13,33)(16,29)\n(18,30)(19,27)(21,28)(22,24)(23,26)(31,36)(34,35)", "shape": "dot", "size": 10}]);
        edges = new vis.DataSet([{"from": "( 1, 6)( 2, 3)( 4,24)( 5,26)( 7,19)( 8,21)( 9,16)(10,18)(11,14)(12,36)(13,15)\n(17,35)(20,34)(22,33)(23,32)(25,31)(27,30)(28,29)", "to": "( 1,17,11, 8, 4,27)( 2,12,16, 5, 7,22)( 3,25,19,15, 9,32)( 6,20,24,10,14,29)\n(13,28,31,18,23,34)(21,33,35,26,30,36)", "weight": 1}, {"from": "( 1, 6)( 2, 3)( 4,24)( 5,26)( 7,19)( 8,21)( 9,16)(10,18)(11,14)(12,36)(13,15)\n(17,35)(20,34)(22,33)(23,32)(25,31)(27,30)(28,29)", "to": "( 1,20,13, 9, 5,30)( 2,25,18,14, 8,33)( 3,12,21, 4,10,23)( 6,17,26, 7,15,28)\n(11,29,31,19,22,35)(16,32,34,24,27,36)", "weight": 1}, {"from": "( 1, 6)( 2, 3)( 4,24)( 5,26)( 7,19)( 8,21)( 9,16)(10,18)(11,14)(12,36)(13,15)\n(17,35)(20,34)(22,33)(23,32)(25,31)(27,30)(28,29)", "to": "( 1,27, 4, 8,11,17)( 2,22, 7, 5,16,12)( 3,32, 9,15,19,25)( 6,29,14,10,24,20)\n(13,34,23,18,31,28)(21,36,30,26,35,33)", "weight": 1}, {"from": "( 1, 6)( 2, 3)( 4,24)( 5,26)( 7,19)( 8,21)( 9,16)(10,18)(11,14)(12,36)(13,15)\n(17,35)(20,34)(22,33)(23,32)(25,31)(27,30)(28,29)", "to": "( 1,28,11,18, 4,34)( 2,23,16,13, 7,31)( 3,33,19,26, 9,36)( 5,17,22, 8,12,27)\n( 6,30,24,21,14,35)(10,25,29,15,20,32)", "weight": 1}, {"from": "( 1, 6)( 2, 3)( 4,24)( 5,26)( 7,19)( 8,21)( 9,16)(10,18)(11,14)(12,36)(13,15)\n(17,35)(20,34)(22,33)(23,32)(25,31)(27,30)(28,29)", "to": "( 1,29,13,19, 5,35)( 2,32,18,24, 8,36)( 3,22,21,11,10,31)( 4,20,23, 9,12,30)\n( 6,27,26,16,15,34)( 7,25,28,14,17,33)", "weight": 1}, {"from": "( 1, 6)( 2, 3)( 4,24)( 5,26)( 7,19)( 8,21)( 9,16)(10,18)(11,14)(12,36)(13,15)\n(17,35)(20,34)(22,33)(23,32)(25,31)(27,30)(28,29)", "to": "( 1,30, 5, 9,13,20)( 2,33, 8,14,18,25)( 3,23,10, 4,21,12)( 6,28,15, 7,26,17)\n(11,35,22,19,31,29)(16,36,27,24,34,32)", "weight": 1}, {"from": "( 1, 6)( 2, 3)( 4,24)( 5,26)( 7,19)( 8,21)( 9,16)(10,18)(11,14)(12,36)(13,15)\n(17,35)(20,34)(22,33)(23,32)(25,31)(27,30)(28,29)", "to": "( 1,34, 4,18,11,28)( 2,31, 7,13,16,23)( 3,36, 9,26,19,33)( 5,27,12, 8,22,17)\n( 6,35,14,21,24,30)(10,32,20,15,29,25)", "weight": 1}, {"from": "( 1, 6)( 2, 3)( 4,24)( 5,26)( 7,19)( 8,21)( 9,16)(10,18)(11,14)(12,36)(13,15)\n(17,35)(20,34)(22,33)(23,32)(25,31)(27,30)(28,29)", "to": "( 1,35, 5,19,13,29)( 2,36, 8,24,18,32)( 3,31,10,11,21,22)( 4,30,12, 9,23,20)\n( 6,34,15,16,26,27)( 7,33,17,14,28,25)", "weight": 1}, {"from": "( 1,17,11, 8, 4,27)( 2,12,16, 5, 7,22)( 3,25,19,15, 9,32)( 6,20,24,10,14,29)\n(13,28,31,18,23,34)(21,33,35,26,30,36)", "to": "( 1,10,13, 3, 5,21)( 2,15,18, 6, 8,26)( 4,29,23,19,12,35)( 7,32,28,24,17,36)\n( 9,22,30,11,20,31)(14,27,33,16,25,34)", "weight": 1}, {"from": "( 1,17,11, 8, 4,27)( 2,12,16, 5, 7,22)( 3,25,19,15, 9,32)( 6,20,24,10,14,29)\n(13,28,31,18,23,34)(21,33,35,26,30,36)", "to": "( 1,14)( 2, 9)( 3, 7)( 4, 6)( 5,33)( 8,30)(10,28)(11,24)(12,26)(13,25)(15,23)\n(16,19)(17,21)(18,20)(22,36)(27,35)(29,34)(31,32)", "weight": 1}, {"from": "( 1,17,11, 8, 4,27)( 2,12,16, 5, 7,22)( 3,25,19,15, 9,32)( 6,20,24,10,14,29)\n(13,28,31,18,23,34)(21,33,35,26,30,36)", "to": "( 1,20,13, 9, 5,30)( 2,25,18,14, 8,33)( 3,12,21, 4,10,23)( 6,17,26, 7,15,28)\n(11,29,31,19,22,35)(16,32,34,24,27,36)", "weight": 1}, {"from": "( 1,17,11, 8, 4,27)( 2,12,16, 5, 7,22)( 3,25,19,15, 9,32)( 6,20,24,10,14,29)\n(13,28,31,18,23,34)(21,33,35,26,30,36)", "to": "( 1,21, 5, 3,13,10)( 2,26, 8, 6,18,15)( 4,35,12,19,23,29)( 7,36,17,24,28,32)\n( 9,31,20,11,30,22)(14,34,25,16,33,27)", "weight": 1}, {"from": "( 1,17,11, 8, 4,27)( 2,12,16, 5, 7,22)( 3,25,19,15, 9,32)( 6,20,24,10,14,29)\n(13,28,31,18,23,34)(21,33,35,26,30,36)", "to": "( 1,24)( 2,19)( 3,16)( 4,14)( 5,36)( 6,11)( 7, 9)( 8,35)(10,34)(12,33)(13,32)\n(15,31)(17,30)(18,29)(20,28)(21,27)(22,26)(23,25)", "weight": 1}, {"from": "( 1,17,11, 8, 4,27)( 2,12,16, 5, 7,22)( 3,25,19,15, 9,32)( 6,20,24,10,14,29)\n(13,28,31,18,23,34)(21,33,35,26,30,36)", "to": "( 1,26)( 2,21)( 3,18)( 4,36)( 5,15)( 6,13)( 7,35)( 8,10)( 9,34)(11,33)(12,32)\n(14,31)(16,30)(17,29)(19,28)(20,27)(22,25)(23,24)", "weight": 1}, {"from": "( 1,17,11, 8, 4,27)( 2,12,16, 5, 7,22)( 3,25,19,15, 9,32)( 6,20,24,10,14,29)\n(13,28,31,18,23,34)(21,33,35,26,30,36)", "to": "( 1,29,13,19, 5,35)( 2,32,18,24, 8,36)( 3,22,21,11,10,31)( 4,20,23, 9,12,30)\n( 6,27,26,16,15,34)( 7,25,28,14,17,33)", "weight": 1}, {"from": "( 1,17,11, 8, 4,27)( 2,12,16, 5, 7,22)( 3,25,19,15, 9,32)( 6,20,24,10,14,29)\n(13,28,31,18,23,34)(21,33,35,26,30,36)", "to": "( 1,30, 5, 9,13,20)( 2,33, 8,14,18,25)( 3,23,10, 4,21,12)( 6,28,15, 7,26,17)\n(11,35,22,19,31,29)(16,36,27,24,34,32)", "weight": 1}, {"from": "( 1,17,11, 8, 4,27)( 2,12,16, 5, 7,22)( 3,25,19,15, 9,32)( 6,20,24,10,14,29)\n(13,28,31,18,23,34)(21,33,35,26,30,36)", "to": "( 1,33)( 2,30)( 3,28)( 4,26)( 5,25)( 6,23)( 7,21)( 8,20)( 9,18)(10,17)(11,36)\n(12,15)(13,14)(16,35)(19,34)(22,32)(24,31)(27,29)", "weight": 1}, {"from": "( 1,17,11, 8, 4,27)( 2,12,16, 5, 7,22)( 3,25,19,15, 9,32)( 6,20,24,10,14,29)\n(13,28,31,18,23,34)(21,33,35,26,30,36)", "to": "( 1,35, 5,19,13,29)( 2,36, 8,24,18,32)( 3,31,10,11,21,22)( 4,30,12, 9,23,20)\n( 6,34,15,16,26,27)( 7,33,17,14,28,25)", "weight": 1}, {"from": "( 1,17,11, 8, 4,27)( 2,12,16, 5, 7,22)( 3,25,19,15, 9,32)( 6,20,24,10,14,29)\n(13,28,31,18,23,34)(21,33,35,26,30,36)", "to": "( 1,36)( 2,35)( 3,34)( 4,33)( 5,32)( 6,31)( 7,30)( 8,29)( 9,28)(10,27)(11,26)\n(12,25)(13,24)(14,23)(15,22)(16,21)(17,20)(18,19)", "weight": 1}, {"from": "( 1,20,13, 9, 5,30)( 2,25,18,14, 8,33)( 3,12,21, 4,10,23)( 6,17,26, 7,15,28)\n(11,29,31,19,22,35)(16,32,34,24,27,36)", "to": "( 1, 7,11, 2, 4,16)( 3,14,19, 6, 9,24)( 5,28,22,18,12,34)( 8,23,27,13,17,31)\n(10,33,29,26,20,36)(15,30,32,21,25,35)", "weight": 1}, {"from": "( 1,20,13, 9, 5,30)( 2,25,18,14, 8,33)( 3,12,21, 4,10,23)( 6,17,26, 7,15,28)\n(11,29,31,19,22,35)(16,32,34,24,27,36)", "to": "( 1,15)( 2,10)( 3, 8)( 4,32)( 5, 6)( 7,29)( 9,27)(11,25)(12,24)(13,26)(14,22)\n(16,20)(17,19)(18,21)(23,36)(28,35)(30,34)(31,33)", "weight": 1}, {"from": "( 1,20,13, 9, 5,30)( 2,25,18,14, 8,33)( 3,12,21, 4,10,23)( 6,17,26, 7,15,28)\n(11,29,31,19,22,35)(16,32,34,24,27,36)", "to": "( 1,16, 4, 2,11, 7)( 3,24, 9, 6,19,14)( 5,34,12,18,22,28)( 8,31,17,13,27,23)\n(10,36,20,26,29,33)(15,35,25,21,32,30)", "weight": 1}, {"from": "( 1,20,13, 9, 5,30)( 2,25,18,14, 8,33)( 3,12,21, 4,10,23)( 6,17,26, 7,15,28)\n(11,29,31,19,22,35)(16,32,34,24,27,36)", "to": "( 1,24)( 2,19)( 3,16)( 4,14)( 5,36)( 6,11)( 7, 9)( 8,35)(10,34)(12,33)(13,32)\n(15,31)(17,30)(18,29)(20,28)(21,27)(22,26)(23,25)", "weight": 1}, {"from": "( 1,20,13, 9, 5,30)( 2,25,18,14, 8,33)( 3,12,21, 4,10,23)( 6,17,26, 7,15,28)\n(11,29,31,19,22,35)(16,32,34,24,27,36)", "to": "( 1,26)( 2,21)( 3,18)( 4,36)( 5,15)( 6,13)( 7,35)( 8,10)( 9,34)(11,33)(12,32)\n(14,31)(16,30)(17,29)(19,28)(20,27)(22,25)(23,24)", "weight": 1}, {"from": "( 1,20,13, 9, 5,30)( 2,25,18,14, 8,33)( 3,12,21, 4,10,23)( 6,17,26, 7,15,28)\n(11,29,31,19,22,35)(16,32,34,24,27,36)", "to": "( 1,27, 4, 8,11,17)( 2,22, 7, 5,16,12)( 3,32, 9,15,19,25)( 6,29,14,10,24,20)\n(13,34,23,18,31,28)(21,36,30,26,35,33)", "weight": 1}, {"from": "( 1,20,13, 9, 5,30)( 2,25,18,14, 8,33)( 3,12,21, 4,10,23)( 6,17,26, 7,15,28)\n(11,29,31,19,22,35)(16,32,34,24,27,36)", "to": "( 1,28,11,18, 4,34)( 2,23,16,13, 7,31)( 3,33,19,26, 9,36)( 5,17,22, 8,12,27)\n( 6,30,24,21,14,35)(10,25,29,15,20,32)", "weight": 1}, {"from": "( 1,20,13, 9, 5,30)( 2,25,18,14, 8,33)( 3,12,21, 4,10,23)( 6,17,26, 7,15,28)\n(11,29,31,19,22,35)(16,32,34,24,27,36)", "to": "( 1,32)( 2,29)( 3,27)( 4,25)( 5,24)( 6,22)( 7,20)( 8,19)( 9,17)(10,16)(11,15)\n(12,14)(13,36)(18,35)(21,34)(23,33)(26,31)(28,30)", "weight": 1}, {"from": "( 1,20,13, 9, 5,30)( 2,25,18,14, 8,33)( 3,12,21, 4,10,23)( 6,17,26, 7,15,28)\n(11,29,31,19,22,35)(16,32,34,24,27,36)", "to": "( 1,34, 4,18,11,28)( 2,31, 7,13,16,23)( 3,36, 9,26,19,33)( 5,27,12, 8,22,17)\n( 6,35,14,21,24,30)(10,32,20,15,29,25)", "weight": 1}, {"from": "( 1,20,13, 9, 5,30)( 2,25,18,14, 8,33)( 3,12,21, 4,10,23)( 6,17,26, 7,15,28)\n(11,29,31,19,22,35)(16,32,34,24,27,36)", "to": "( 1,36)( 2,35)( 3,34)( 4,33)( 5,32)( 6,31)( 7,30)( 8,29)( 9,28)(10,27)(11,26)\n(12,25)(13,24)(14,23)(15,22)(16,21)(17,20)(18,19)", "weight": 1}, {"from": "( 1,27, 4, 8,11,17)( 2,22, 7, 5,16,12)( 3,32, 9,15,19,25)( 6,29,14,10,24,20)\n(13,34,23,18,31,28)(21,36,30,26,35,33)", "to": "( 1,10,13, 3, 5,21)( 2,15,18, 6, 8,26)( 4,29,23,19,12,35)( 7,32,28,24,17,36)\n( 9,22,30,11,20,31)(14,27,33,16,25,34)", "weight": 1}, {"from": "( 1,27, 4, 8,11,17)( 2,22, 7, 5,16,12)( 3,32, 9,15,19,25)( 6,29,14,10,24,20)\n(13,34,23,18,31,28)(21,36,30,26,35,33)", "to": "( 1,14)( 2, 9)( 3, 7)( 4, 6)( 5,33)( 8,30)(10,28)(11,24)(12,26)(13,25)(15,23)\n(16,19)(17,21)(18,20)(22,36)(27,35)(29,34)(31,32)", "weight": 1}, {"from": "( 1,27, 4, 8,11,17)( 2,22, 7, 5,16,12)( 3,32, 9,15,19,25)( 6,29,14,10,24,20)\n(13,34,23,18,31,28)(21,36,30,26,35,33)", "to": "( 1,21, 5, 3,13,10)( 2,26, 8, 6,18,15)( 4,35,12,19,23,29)( 7,36,17,24,28,32)\n( 9,31,20,11,30,22)(14,34,25,16,33,27)", "weight": 1}, {"from": "( 1,27, 4, 8,11,17)( 2,22, 7, 5,16,12)( 3,32, 9,15,19,25)( 6,29,14,10,24,20)\n(13,34,23,18,31,28)(21,36,30,26,35,33)", "to": "( 1,24)( 2,19)( 3,16)( 4,14)( 5,36)( 6,11)( 7, 9)( 8,35)(10,34)(12,33)(13,32)\n(15,31)(17,30)(18,29)(20,28)(21,27)(22,26)(23,25)", "weight": 1}, {"from": "( 1,27, 4, 8,11,17)( 2,22, 7, 5,16,12)( 3,32, 9,15,19,25)( 6,29,14,10,24,20)\n(13,34,23,18,31,28)(21,36,30,26,35,33)", "to": "( 1,26)( 2,21)( 3,18)( 4,36)( 5,15)( 6,13)( 7,35)( 8,10)( 9,34)(11,33)(12,32)\n(14,31)(16,30)(17,29)(19,28)(20,27)(22,25)(23,24)", "weight": 1}, {"from": "( 1,27, 4, 8,11,17)( 2,22, 7, 5,16,12)( 3,32, 9,15,19,25)( 6,29,14,10,24,20)\n(13,34,23,18,31,28)(21,36,30,26,35,33)", "to": "( 1,29,13,19, 5,35)( 2,32,18,24, 8,36)( 3,22,21,11,10,31)( 4,20,23, 9,12,30)\n( 6,27,26,16,15,34)( 7,25,28,14,17,33)", "weight": 1}, {"from": "( 1,27, 4, 8,11,17)( 2,22, 7, 5,16,12)( 3,32, 9,15,19,25)( 6,29,14,10,24,20)\n(13,34,23,18,31,28)(21,36,30,26,35,33)", "to": "( 1,30, 5, 9,13,20)( 2,33, 8,14,18,25)( 3,23,10, 4,21,12)( 6,28,15, 7,26,17)\n(11,35,22,19,31,29)(16,36,27,24,34,32)", "weight": 1}, {"from": "( 1,27, 4, 8,11,17)( 2,22, 7, 5,16,12)( 3,32, 9,15,19,25)( 6,29,14,10,24,20)\n(13,34,23,18,31,28)(21,36,30,26,35,33)", "to": "( 1,33)( 2,30)( 3,28)( 4,26)( 5,25)( 6,23)( 7,21)( 8,20)( 9,18)(10,17)(11,36)\n(12,15)(13,14)(16,35)(19,34)(22,32)(24,31)(27,29)", "weight": 1}, {"from": "( 1,27, 4, 8,11,17)( 2,22, 7, 5,16,12)( 3,32, 9,15,19,25)( 6,29,14,10,24,20)\n(13,34,23,18,31,28)(21,36,30,26,35,33)", "to": "( 1,35, 5,19,13,29)( 2,36, 8,24,18,32)( 3,31,10,11,21,22)( 4,30,12, 9,23,20)\n( 6,34,15,16,26,27)( 7,33,17,14,28,25)", "weight": 1}, {"from": "( 1,27, 4, 8,11,17)( 2,22, 7, 5,16,12)( 3,32, 9,15,19,25)( 6,29,14,10,24,20)\n(13,34,23,18,31,28)(21,36,30,26,35,33)", "to": "( 1,36)( 2,35)( 3,34)( 4,33)( 5,32)( 6,31)( 7,30)( 8,29)( 9,28)(10,27)(11,26)\n(12,25)(13,24)(14,23)(15,22)(16,21)(17,20)(18,19)", "weight": 1}, {"from": "( 1,28,11,18, 4,34)( 2,23,16,13, 7,31)( 3,33,19,26, 9,36)( 5,17,22, 8,12,27)\n( 6,30,24,21,14,35)(10,25,29,15,20,32)", "to": "( 1,10,13, 3, 5,21)( 2,15,18, 6, 8,26)( 4,29,23,19,12,35)( 7,32,28,24,17,36)\n( 9,22,30,11,20,31)(14,27,33,16,25,34)", "weight": 1}, {"from": "( 1,28,11,18, 4,34)( 2,23,16,13, 7,31)( 3,33,19,26, 9,36)( 5,17,22, 8,12,27)\n( 6,30,24,21,14,35)(10,25,29,15,20,32)", "to": "( 1,14)( 2, 9)( 3, 7)( 4, 6)( 5,33)( 8,30)(10,28)(11,24)(12,26)(13,25)(15,23)\n(16,19)(17,21)(18,20)(22,36)(27,35)(29,34)(31,32)", "weight": 1}, {"from": "( 1,28,11,18, 4,34)( 2,23,16,13, 7,31)( 3,33,19,26, 9,36)( 5,17,22, 8,12,27)\n( 6,30,24,21,14,35)(10,25,29,15,20,32)", "to": "( 1,15)( 2,10)( 3, 8)( 4,32)( 5, 6)( 7,29)( 9,27)(11,25)(12,24)(13,26)(14,22)\n(16,20)(17,19)(18,21)(23,36)(28,35)(30,34)(31,33)", "weight": 1}, {"from": "( 1,28,11,18, 4,34)( 2,23,16,13, 7,31)( 3,33,19,26, 9,36)( 5,17,22, 8,12,27)\n( 6,30,24,21,14,35)(10,25,29,15,20,32)", "to": "( 1,21, 5, 3,13,10)( 2,26, 8, 6,18,15)( 4,35,12,19,23,29)( 7,36,17,24,28,32)\n( 9,31,20,11,30,22)(14,34,25,16,33,27)", "weight": 1}, {"from": "( 1,28,11,18, 4,34)( 2,23,16,13, 7,31)( 3,33,19,26, 9,36)( 5,17,22, 8,12,27)\n( 6,30,24,21,14,35)(10,25,29,15,20,32)", "to": "( 1,24)( 2,19)( 3,16)( 4,14)( 5,36)( 6,11)( 7, 9)( 8,35)(10,34)(12,33)(13,32)\n(15,31)(17,30)(18,29)(20,28)(21,27)(22,26)(23,25)", "weight": 1}, {"from": "( 1,28,11,18, 4,34)( 2,23,16,13, 7,31)( 3,33,19,26, 9,36)( 5,17,22, 8,12,27)\n( 6,30,24,21,14,35)(10,25,29,15,20,32)", "to": "( 1,25)( 2,20)( 3,17)( 4,15)( 5,14)( 6,12)( 7,10)( 8, 9)(11,32)(13,33)(16,29)\n(18,30)(19,27)(21,28)(22,24)(23,26)(31,36)(34,35)", "weight": 1}, {"from": "( 1,28,11,18, 4,34)( 2,23,16,13, 7,31)( 3,33,19,26, 9,36)( 5,17,22, 8,12,27)\n( 6,30,24,21,14,35)(10,25,29,15,20,32)", "to": "( 1,29,13,19, 5,35)( 2,32,18,24, 8,36)( 3,22,21,11,10,31)( 4,20,23, 9,12,30)\n( 6,27,26,16,15,34)( 7,25,28,14,17,33)", "weight": 1}, {"from": "( 1,28,11,18, 4,34)( 2,23,16,13, 7,31)( 3,33,19,26, 9,36)( 5,17,22, 8,12,27)\n( 6,30,24,21,14,35)(10,25,29,15,20,32)", "to": "( 1,30, 5, 9,13,20)( 2,33, 8,14,18,25)( 3,23,10, 4,21,12)( 6,28,15, 7,26,17)\n(11,35,22,19,31,29)(16,36,27,24,34,32)", "weight": 1}, {"from": "( 1,28,11,18, 4,34)( 2,23,16,13, 7,31)( 3,33,19,26, 9,36)( 5,17,22, 8,12,27)\n( 6,30,24,21,14,35)(10,25,29,15,20,32)", "to": "( 1,32)( 2,29)( 3,27)( 4,25)( 5,24)( 6,22)( 7,20)( 8,19)( 9,17)(10,16)(11,15)\n(12,14)(13,36)(18,35)(21,34)(23,33)(26,31)(28,30)", "weight": 1}, {"from": "( 1,28,11,18, 4,34)( 2,23,16,13, 7,31)( 3,33,19,26, 9,36)( 5,17,22, 8,12,27)\n( 6,30,24,21,14,35)(10,25,29,15,20,32)", "to": "( 1,35, 5,19,13,29)( 2,36, 8,24,18,32)( 3,31,10,11,21,22)( 4,30,12, 9,23,20)\n( 6,34,15,16,26,27)( 7,33,17,14,28,25)", "weight": 1}, {"from": "( 1,29,13,19, 5,35)( 2,32,18,24, 8,36)( 3,22,21,11,10,31)( 4,20,23, 9,12,30)\n( 6,27,26,16,15,34)( 7,25,28,14,17,33)", "to": "( 1, 7,11, 2, 4,16)( 3,14,19, 6, 9,24)( 5,28,22,18,12,34)( 8,23,27,13,17,31)\n(10,33,29,26,20,36)(15,30,32,21,25,35)", "weight": 1}, {"from": "( 1,29,13,19, 5,35)( 2,32,18,24, 8,36)( 3,22,21,11,10,31)( 4,20,23, 9,12,30)\n( 6,27,26,16,15,34)( 7,25,28,14,17,33)", "to": "( 1,14)( 2, 9)( 3, 7)( 4, 6)( 5,33)( 8,30)(10,28)(11,24)(12,26)(13,25)(15,23)\n(16,19)(17,21)(18,20)(22,36)(27,35)(29,34)(31,32)", "weight": 1}, {"from": "( 1,29,13,19, 5,35)( 2,32,18,24, 8,36)( 3,22,21,11,10,31)( 4,20,23, 9,12,30)\n( 6,27,26,16,15,34)( 7,25,28,14,17,33)", "to": "( 1,15)( 2,10)( 3, 8)( 4,32)( 5, 6)( 7,29)( 9,27)(11,25)(12,24)(13,26)(14,22)\n(16,20)(17,19)(18,21)(23,36)(28,35)(30,34)(31,33)", "weight": 1}, {"from": "( 1,29,13,19, 5,35)( 2,32,18,24, 8,36)( 3,22,21,11,10,31)( 4,20,23, 9,12,30)\n( 6,27,26,16,15,34)( 7,25,28,14,17,33)", "to": "( 1,16, 4, 2,11, 7)( 3,24, 9, 6,19,14)( 5,34,12,18,22,28)( 8,31,17,13,27,23)\n(10,36,20,26,29,33)(15,35,25,21,32,30)", "weight": 1}, {"from": "( 1,29,13,19, 5,35)( 2,32,18,24, 8,36)( 3,22,21,11,10,31)( 4,20,23, 9,12,30)\n( 6,27,26,16,15,34)( 7,25,28,14,17,33)", "to": "( 1,25)( 2,20)( 3,17)( 4,15)( 5,14)( 6,12)( 7,10)( 8, 9)(11,32)(13,33)(16,29)\n(18,30)(19,27)(21,28)(22,24)(23,26)(31,36)(34,35)", "weight": 1}, {"from": "( 1,29,13,19, 5,35)( 2,32,18,24, 8,36)( 3,22,21,11,10,31)( 4,20,23, 9,12,30)\n( 6,27,26,16,15,34)( 7,25,28,14,17,33)", "to": "( 1,26)( 2,21)( 3,18)( 4,36)( 5,15)( 6,13)( 7,35)( 8,10)( 9,34)(11,33)(12,32)\n(14,31)(16,30)(17,29)(19,28)(20,27)(22,25)(23,24)", "weight": 1}, {"from": "( 1,29,13,19, 5,35)( 2,32,18,24, 8,36)( 3,22,21,11,10,31)( 4,20,23, 9,12,30)\n( 6,27,26,16,15,34)( 7,25,28,14,17,33)", "to": "( 1,33)( 2,30)( 3,28)( 4,26)( 5,25)( 6,23)( 7,21)( 8,20)( 9,18)(10,17)(11,36)\n(12,15)(13,14)(16,35)(19,34)(22,32)(24,31)(27,29)", "weight": 1}, {"from": "( 1,29,13,19, 5,35)( 2,32,18,24, 8,36)( 3,22,21,11,10,31)( 4,20,23, 9,12,30)\n( 6,27,26,16,15,34)( 7,25,28,14,17,33)", "to": "( 1,34, 4,18,11,28)( 2,31, 7,13,16,23)( 3,36, 9,26,19,33)( 5,27,12, 8,22,17)\n( 6,35,14,21,24,30)(10,32,20,15,29,25)", "weight": 1}, {"from": "( 1,30, 5, 9,13,20)( 2,33, 8,14,18,25)( 3,23,10, 4,21,12)( 6,28,15, 7,26,17)\n(11,35,22,19,31,29)(16,36,27,24,34,32)", "to": "( 1, 7,11, 2, 4,16)( 3,14,19, 6, 9,24)( 5,28,22,18,12,34)( 8,23,27,13,17,31)\n(10,33,29,26,20,36)(15,30,32,21,25,35)", "weight": 1}, {"from": "( 1,30, 5, 9,13,20)( 2,33, 8,14,18,25)( 3,23,10, 4,21,12)( 6,28,15, 7,26,17)\n(11,35,22,19,31,29)(16,36,27,24,34,32)", "to": "( 1,15)( 2,10)( 3, 8)( 4,32)( 5, 6)( 7,29)( 9,27)(11,25)(12,24)(13,26)(14,22)\n(16,20)(17,19)(18,21)(23,36)(28,35)(30,34)(31,33)", "weight": 1}, {"from": "( 1,30, 5, 9,13,20)( 2,33, 8,14,18,25)( 3,23,10, 4,21,12)( 6,28,15, 7,26,17)\n(11,35,22,19,31,29)(16,36,27,24,34,32)", "to": "( 1,16, 4, 2,11, 7)( 3,24, 9, 6,19,14)( 5,34,12,18,22,28)( 8,31,17,13,27,23)\n(10,36,20,26,29,33)(15,35,25,21,32,30)", "weight": 1}, {"from": "( 1,30, 5, 9,13,20)( 2,33, 8,14,18,25)( 3,23,10, 4,21,12)( 6,28,15, 7,26,17)\n(11,35,22,19,31,29)(16,36,27,24,34,32)", "to": "( 1,24)( 2,19)( 3,16)( 4,14)( 5,36)( 6,11)( 7, 9)( 8,35)(10,34)(12,33)(13,32)\n(15,31)(17,30)(18,29)(20,28)(21,27)(22,26)(23,25)", "weight": 1}, {"from": "( 1,30, 5, 9,13,20)( 2,33, 8,14,18,25)( 3,23,10, 4,21,12)( 6,28,15, 7,26,17)\n(11,35,22,19,31,29)(16,36,27,24,34,32)", "to": "( 1,26)( 2,21)( 3,18)( 4,36)( 5,15)( 6,13)( 7,35)( 8,10)( 9,34)(11,33)(12,32)\n(14,31)(16,30)(17,29)(19,28)(20,27)(22,25)(23,24)", "weight": 1}, {"from": "( 1,30, 5, 9,13,20)( 2,33, 8,14,18,25)( 3,23,10, 4,21,12)( 6,28,15, 7,26,17)\n(11,35,22,19,31,29)(16,36,27,24,34,32)", "to": "( 1,32)( 2,29)( 3,27)( 4,25)( 5,24)( 6,22)( 7,20)( 8,19)( 9,17)(10,16)(11,15)\n(12,14)(13,36)(18,35)(21,34)(23,33)(26,31)(28,30)", "weight": 1}, {"from": "( 1,30, 5, 9,13,20)( 2,33, 8,14,18,25)( 3,23,10, 4,21,12)( 6,28,15, 7,26,17)\n(11,35,22,19,31,29)(16,36,27,24,34,32)", "to": "( 1,34, 4,18,11,28)( 2,31, 7,13,16,23)( 3,36, 9,26,19,33)( 5,27,12, 8,22,17)\n( 6,35,14,21,24,30)(10,32,20,15,29,25)", "weight": 1}, {"from": "( 1,30, 5, 9,13,20)( 2,33, 8,14,18,25)( 3,23,10, 4,21,12)( 6,28,15, 7,26,17)\n(11,35,22,19,31,29)(16,36,27,24,34,32)", "to": "( 1,36)( 2,35)( 3,34)( 4,33)( 5,32)( 6,31)( 7,30)( 8,29)( 9,28)(10,27)(11,26)\n(12,25)(13,24)(14,23)(15,22)(16,21)(17,20)(18,19)", "weight": 1}, {"from": "( 1,34, 4,18,11,28)( 2,31, 7,13,16,23)( 3,36, 9,26,19,33)( 5,27,12, 8,22,17)\n( 6,35,14,21,24,30)(10,32,20,15,29,25)", "to": "( 1,10,13, 3, 5,21)( 2,15,18, 6, 8,26)( 4,29,23,19,12,35)( 7,32,28,24,17,36)\n( 9,22,30,11,20,31)(14,27,33,16,25,34)", "weight": 1}, {"from": "( 1,34, 4,18,11,28)( 2,31, 7,13,16,23)( 3,36, 9,26,19,33)( 5,27,12, 8,22,17)\n( 6,35,14,21,24,30)(10,32,20,15,29,25)", "to": "( 1,14)( 2, 9)( 3, 7)( 4, 6)( 5,33)( 8,30)(10,28)(11,24)(12,26)(13,25)(15,23)\n(16,19)(17,21)(18,20)(22,36)(27,35)(29,34)(31,32)", "weight": 1}, {"from": "( 1,34, 4,18,11,28)( 2,31, 7,13,16,23)( 3,36, 9,26,19,33)( 5,27,12, 8,22,17)\n( 6,35,14,21,24,30)(10,32,20,15,29,25)", "to": "( 1,15)( 2,10)( 3, 8)( 4,32)( 5, 6)( 7,29)( 9,27)(11,25)(12,24)(13,26)(14,22)\n(16,20)(17,19)(18,21)(23,36)(28,35)(30,34)(31,33)", "weight": 1}, {"from": "( 1,34, 4,18,11,28)( 2,31, 7,13,16,23)( 3,36, 9,26,19,33)( 5,27,12, 8,22,17)\n( 6,35,14,21,24,30)(10,32,20,15,29,25)", "to": "( 1,21, 5, 3,13,10)( 2,26, 8, 6,18,15)( 4,35,12,19,23,29)( 7,36,17,24,28,32)\n( 9,31,20,11,30,22)(14,34,25,16,33,27)", "weight": 1}, {"from": "( 1,34, 4,18,11,28)( 2,31, 7,13,16,23)( 3,36, 9,26,19,33)( 5,27,12, 8,22,17)\n( 6,35,14,21,24,30)(10,32,20,15,29,25)", "to": "( 1,24)( 2,19)( 3,16)( 4,14)( 5,36)( 6,11)( 7, 9)( 8,35)(10,34)(12,33)(13,32)\n(15,31)(17,30)(18,29)(20,28)(21,27)(22,26)(23,25)", "weight": 1}, {"from": "( 1,34, 4,18,11,28)( 2,31, 7,13,16,23)( 3,36, 9,26,19,33)( 5,27,12, 8,22,17)\n( 6,35,14,21,24,30)(10,32,20,15,29,25)", "to": "( 1,25)( 2,20)( 3,17)( 4,15)( 5,14)( 6,12)( 7,10)( 8, 9)(11,32)(13,33)(16,29)\n(18,30)(19,27)(21,28)(22,24)(23,26)(31,36)(34,35)", "weight": 1}, {"from": "( 1,34, 4,18,11,28)( 2,31, 7,13,16,23)( 3,36, 9,26,19,33)( 5,27,12, 8,22,17)\n( 6,35,14,21,24,30)(10,32,20,15,29,25)", "to": "( 1,32)( 2,29)( 3,27)( 4,25)( 5,24)( 6,22)( 7,20)( 8,19)( 9,17)(10,16)(11,15)\n(12,14)(13,36)(18,35)(21,34)(23,33)(26,31)(28,30)", "weight": 1}, {"from": "( 1,34, 4,18,11,28)( 2,31, 7,13,16,23)( 3,36, 9,26,19,33)( 5,27,12, 8,22,17)\n( 6,35,14,21,24,30)(10,32,20,15,29,25)", "to": "( 1,35, 5,19,13,29)( 2,36, 8,24,18,32)( 3,31,10,11,21,22)( 4,30,12, 9,23,20)\n( 6,34,15,16,26,27)( 7,33,17,14,28,25)", "weight": 1}, {"from": "( 1,35, 5,19,13,29)( 2,36, 8,24,18,32)( 3,31,10,11,21,22)( 4,30,12, 9,23,20)\n( 6,34,15,16,26,27)( 7,33,17,14,28,25)", "to": "( 1, 7,11, 2, 4,16)( 3,14,19, 6, 9,24)( 5,28,22,18,12,34)( 8,23,27,13,17,31)\n(10,33,29,26,20,36)(15,30,32,21,25,35)", "weight": 1}, {"from": "( 1,35, 5,19,13,29)( 2,36, 8,24,18,32)( 3,31,10,11,21,22)( 4,30,12, 9,23,20)\n( 6,34,15,16,26,27)( 7,33,17,14,28,25)", "to": "( 1,14)( 2, 9)( 3, 7)( 4, 6)( 5,33)( 8,30)(10,28)(11,24)(12,26)(13,25)(15,23)\n(16,19)(17,21)(18,20)(22,36)(27,35)(29,34)(31,32)", "weight": 1}, {"from": "( 1,35, 5,19,13,29)( 2,36, 8,24,18,32)( 3,31,10,11,21,22)( 4,30,12, 9,23,20)\n( 6,34,15,16,26,27)( 7,33,17,14,28,25)", "to": "( 1,15)( 2,10)( 3, 8)( 4,32)( 5, 6)( 7,29)( 9,27)(11,25)(12,24)(13,26)(14,22)\n(16,20)(17,19)(18,21)(23,36)(28,35)(30,34)(31,33)", "weight": 1}, {"from": "( 1,35, 5,19,13,29)( 2,36, 8,24,18,32)( 3,31,10,11,21,22)( 4,30,12, 9,23,20)\n( 6,34,15,16,26,27)( 7,33,17,14,28,25)", "to": "( 1,16, 4, 2,11, 7)( 3,24, 9, 6,19,14)( 5,34,12,18,22,28)( 8,31,17,13,27,23)\n(10,36,20,26,29,33)(15,35,25,21,32,30)", "weight": 1}, {"from": "( 1,35, 5,19,13,29)( 2,36, 8,24,18,32)( 3,31,10,11,21,22)( 4,30,12, 9,23,20)\n( 6,34,15,16,26,27)( 7,33,17,14,28,25)", "to": "( 1,25)( 2,20)( 3,17)( 4,15)( 5,14)( 6,12)( 7,10)( 8, 9)(11,32)(13,33)(16,29)\n(18,30)(19,27)(21,28)(22,24)(23,26)(31,36)(34,35)", "weight": 1}, {"from": "( 1,35, 5,19,13,29)( 2,36, 8,24,18,32)( 3,31,10,11,21,22)( 4,30,12, 9,23,20)\n( 6,34,15,16,26,27)( 7,33,17,14,28,25)", "to": "( 1,26)( 2,21)( 3,18)( 4,36)( 5,15)( 6,13)( 7,35)( 8,10)( 9,34)(11,33)(12,32)\n(14,31)(16,30)(17,29)(19,28)(20,27)(22,25)(23,24)", "weight": 1}, {"from": "( 1,35, 5,19,13,29)( 2,36, 8,24,18,32)( 3,31,10,11,21,22)( 4,30,12, 9,23,20)\n( 6,34,15,16,26,27)( 7,33,17,14,28,25)", "to": "( 1,33)( 2,30)( 3,28)( 4,26)( 5,25)( 6,23)( 7,21)( 8,20)( 9,18)(10,17)(11,36)\n(12,15)(13,14)(16,35)(19,34)(22,32)(24,31)(27,29)", "weight": 1}, {"from": "( 1, 7,11, 2, 4,16)( 3,14,19, 6, 9,24)( 5,28,22,18,12,34)( 8,23,27,13,17,31)\n(10,33,29,26,20,36)(15,30,32,21,25,35)", "to": "( 1,10,13, 3, 5,21)( 2,15,18, 6, 8,26)( 4,29,23,19,12,35)( 7,32,28,24,17,36)\n( 9,22,30,11,20,31)(14,27,33,16,25,34)", "weight": 1}, {"from": "( 1, 7,11, 2, 4,16)( 3,14,19, 6, 9,24)( 5,28,22,18,12,34)( 8,23,27,13,17,31)\n(10,33,29,26,20,36)(15,30,32,21,25,35)", "to": "( 1,15)( 2,10)( 3, 8)( 4,32)( 5, 6)( 7,29)( 9,27)(11,25)(12,24)(13,26)(14,22)\n(16,20)(17,19)(18,21)(23,36)(28,35)(30,34)(31,33)", "weight": 1}, {"from": "( 1, 7,11, 2, 4,16)( 3,14,19, 6, 9,24)( 5,28,22,18,12,34)( 8,23,27,13,17,31)\n(10,33,29,26,20,36)(15,30,32,21,25,35)", "to": "( 1,21, 5, 3,13,10)( 2,26, 8, 6,18,15)( 4,35,12,19,23,29)( 7,36,17,24,28,32)\n( 9,31,20,11,30,22)(14,34,25,16,33,27)", "weight": 1}, {"from": "( 1, 7,11, 2, 4,16)( 3,14,19, 6, 9,24)( 5,28,22,18,12,34)( 8,23,27,13,17,31)\n(10,33,29,26,20,36)(15,30,32,21,25,35)", "to": "( 1,25)( 2,20)( 3,17)( 4,15)( 5,14)( 6,12)( 7,10)( 8, 9)(11,32)(13,33)(16,29)\n(18,30)(19,27)(21,28)(22,24)(23,26)(31,36)(34,35)", "weight": 1}, {"from": "( 1, 7,11, 2, 4,16)( 3,14,19, 6, 9,24)( 5,28,22,18,12,34)( 8,23,27,13,17,31)\n(10,33,29,26,20,36)(15,30,32,21,25,35)", "to": "( 1,26)( 2,21)( 3,18)( 4,36)( 5,15)( 6,13)( 7,35)( 8,10)( 9,34)(11,33)(12,32)\n(14,31)(16,30)(17,29)(19,28)(20,27)(22,25)(23,24)", "weight": 1}, {"from": "( 1, 7,11, 2, 4,16)( 3,14,19, 6, 9,24)( 5,28,22,18,12,34)( 8,23,27,13,17,31)\n(10,33,29,26,20,36)(15,30,32,21,25,35)", "to": "( 1,32)( 2,29)( 3,27)( 4,25)( 5,24)( 6,22)( 7,20)( 8,19)( 9,17)(10,16)(11,15)\n(12,14)(13,36)(18,35)(21,34)(23,33)(26,31)(28,30)", "weight": 1}, {"from": "( 1, 7,11, 2, 4,16)( 3,14,19, 6, 9,24)( 5,28,22,18,12,34)( 8,23,27,13,17,31)\n(10,33,29,26,20,36)(15,30,32,21,25,35)", "to": "( 1,33)( 2,30)( 3,28)( 4,26)( 5,25)( 6,23)( 7,21)( 8,20)( 9,18)(10,17)(11,36)\n(12,15)(13,14)(16,35)(19,34)(22,32)(24,31)(27,29)", "weight": 1}, {"from": "( 1, 7,11, 2, 4,16)( 3,14,19, 6, 9,24)( 5,28,22,18,12,34)( 8,23,27,13,17,31)\n(10,33,29,26,20,36)(15,30,32,21,25,35)", "to": "( 1,36)( 2,35)( 3,34)( 4,33)( 5,32)( 6,31)( 7,30)( 8,29)( 9,28)(10,27)(11,26)\n(12,25)(13,24)(14,23)(15,22)(16,21)(17,20)(18,19)", "weight": 1}, {"from": "( 1,10,13, 3, 5,21)( 2,15,18, 6, 8,26)( 4,29,23,19,12,35)( 7,32,28,24,17,36)\n( 9,22,30,11,20,31)(14,27,33,16,25,34)", "to": "( 1,14)( 2, 9)( 3, 7)( 4, 6)( 5,33)( 8,30)(10,28)(11,24)(12,26)(13,25)(15,23)\n(16,19)(17,21)(18,20)(22,36)(27,35)(29,34)(31,32)", "weight": 1}, {"from": "( 1,10,13, 3, 5,21)( 2,15,18, 6, 8,26)( 4,29,23,19,12,35)( 7,32,28,24,17,36)\n( 9,22,30,11,20,31)(14,27,33,16,25,34)", "to": "( 1,16, 4, 2,11, 7)( 3,24, 9, 6,19,14)( 5,34,12,18,22,28)( 8,31,17,13,27,23)\n(10,36,20,26,29,33)(15,35,25,21,32,30)", "weight": 1}, {"from": "( 1,10,13, 3, 5,21)( 2,15,18, 6, 8,26)( 4,29,23,19,12,35)( 7,32,28,24,17,36)\n( 9,22,30,11,20,31)(14,27,33,16,25,34)", "to": "( 1,24)( 2,19)( 3,16)( 4,14)( 5,36)( 6,11)( 7, 9)( 8,35)(10,34)(12,33)(13,32)\n(15,31)(17,30)(18,29)(20,28)(21,27)(22,26)(23,25)", "weight": 1}, {"from": "( 1,10,13, 3, 5,21)( 2,15,18, 6, 8,26)( 4,29,23,19,12,35)( 7,32,28,24,17,36)\n( 9,22,30,11,20,31)(14,27,33,16,25,34)", "to": "( 1,25)( 2,20)( 3,17)( 4,15)( 5,14)( 6,12)( 7,10)( 8, 9)(11,32)(13,33)(16,29)\n(18,30)(19,27)(21,28)(22,24)(23,26)(31,36)(34,35)", "weight": 1}, {"from": "( 1,10,13, 3, 5,21)( 2,15,18, 6, 8,26)( 4,29,23,19,12,35)( 7,32,28,24,17,36)\n( 9,22,30,11,20,31)(14,27,33,16,25,34)", "to": "( 1,32)( 2,29)( 3,27)( 4,25)( 5,24)( 6,22)( 7,20)( 8,19)( 9,17)(10,16)(11,15)\n(12,14)(13,36)(18,35)(21,34)(23,33)(26,31)(28,30)", "weight": 1}, {"from": "( 1,10,13, 3, 5,21)( 2,15,18, 6, 8,26)( 4,29,23,19,12,35)( 7,32,28,24,17,36)\n( 9,22,30,11,20,31)(14,27,33,16,25,34)", "to": "( 1,33)( 2,30)( 3,28)( 4,26)( 5,25)( 6,23)( 7,21)( 8,20)( 9,18)(10,17)(11,36)\n(12,15)(13,14)(16,35)(19,34)(22,32)(24,31)(27,29)", "weight": 1}, {"from": "( 1,10,13, 3, 5,21)( 2,15,18, 6, 8,26)( 4,29,23,19,12,35)( 7,32,28,24,17,36)\n( 9,22,30,11,20,31)(14,27,33,16,25,34)", "to": "( 1,36)( 2,35)( 3,34)( 4,33)( 5,32)( 6,31)( 7,30)( 8,29)( 9,28)(10,27)(11,26)\n(12,25)(13,24)(14,23)(15,22)(16,21)(17,20)(18,19)", "weight": 1}, {"from": "( 1,15)( 2,10)( 3, 8)( 4,32)( 5, 6)( 7,29)( 9,27)(11,25)(12,24)(13,26)(14,22)\n(16,20)(17,19)(18,21)(23,36)(28,35)(30,34)(31,33)", "to": "( 1,16, 4, 2,11, 7)( 3,24, 9, 6,19,14)( 5,34,12,18,22,28)( 8,31,17,13,27,23)\n(10,36,20,26,29,33)(15,35,25,21,32,30)", "weight": 1}, {"from": "( 1,21, 5, 3,13,10)( 2,26, 8, 6,18,15)( 4,35,12,19,23,29)( 7,36,17,24,28,32)\n( 9,31,20,11,30,22)(14,34,25,16,33,27)", "to": "( 1,14)( 2, 9)( 3, 7)( 4, 6)( 5,33)( 8,30)(10,28)(11,24)(12,26)(13,25)(15,23)\n(16,19)(17,21)(18,20)(22,36)(27,35)(29,34)(31,32)", "weight": 1}, {"from": "( 1,21, 5, 3,13,10)( 2,26, 8, 6,18,15)( 4,35,12,19,23,29)( 7,36,17,24,28,32)\n( 9,31,20,11,30,22)(14,34,25,16,33,27)", "to": "( 1,16, 4, 2,11, 7)( 3,24, 9, 6,19,14)( 5,34,12,18,22,28)( 8,31,17,13,27,23)\n(10,36,20,26,29,33)(15,35,25,21,32,30)", "weight": 1}, {"from": "( 1,21, 5, 3,13,10)( 2,26, 8, 6,18,15)( 4,35,12,19,23,29)( 7,36,17,24,28,32)\n( 9,31,20,11,30,22)(14,34,25,16,33,27)", "to": "( 1,24)( 2,19)( 3,16)( 4,14)( 5,36)( 6,11)( 7, 9)( 8,35)(10,34)(12,33)(13,32)\n(15,31)(17,30)(18,29)(20,28)(21,27)(22,26)(23,25)", "weight": 1}, {"from": "( 1,21, 5, 3,13,10)( 2,26, 8, 6,18,15)( 4,35,12,19,23,29)( 7,36,17,24,28,32)\n( 9,31,20,11,30,22)(14,34,25,16,33,27)", "to": "( 1,25)( 2,20)( 3,17)( 4,15)( 5,14)( 6,12)( 7,10)( 8, 9)(11,32)(13,33)(16,29)\n(18,30)(19,27)(21,28)(22,24)(23,26)(31,36)(34,35)", "weight": 1}, {"from": "( 1,21, 5, 3,13,10)( 2,26, 8, 6,18,15)( 4,35,12,19,23,29)( 7,36,17,24,28,32)\n( 9,31,20,11,30,22)(14,34,25,16,33,27)", "to": "( 1,32)( 2,29)( 3,27)( 4,25)( 5,24)( 6,22)( 7,20)( 8,19)( 9,17)(10,16)(11,15)\n(12,14)(13,36)(18,35)(21,34)(23,33)(26,31)(28,30)", "weight": 1}, {"from": "( 1,21, 5, 3,13,10)( 2,26, 8, 6,18,15)( 4,35,12,19,23,29)( 7,36,17,24,28,32)\n( 9,31,20,11,30,22)(14,34,25,16,33,27)", "to": "( 1,33)( 2,30)( 3,28)( 4,26)( 5,25)( 6,23)( 7,21)( 8,20)( 9,18)(10,17)(11,36)\n(12,15)(13,14)(16,35)(19,34)(22,32)(24,31)(27,29)", "weight": 1}, {"from": "( 1,21, 5, 3,13,10)( 2,26, 8, 6,18,15)( 4,35,12,19,23,29)( 7,36,17,24,28,32)\n( 9,31,20,11,30,22)(14,34,25,16,33,27)", "to": "( 1,36)( 2,35)( 3,34)( 4,33)( 5,32)( 6,31)( 7,30)( 8,29)( 9,28)(10,27)(11,26)\n(12,25)(13,24)(14,23)(15,22)(16,21)(17,20)(18,19)", "weight": 1}, {"from": "( 1,25)( 2,20)( 3,17)( 4,15)( 5,14)( 6,12)( 7,10)( 8, 9)(11,32)(13,33)(16,29)\n(18,30)(19,27)(21,28)(22,24)(23,26)(31,36)(34,35)", "to": "( 1,16, 4, 2,11, 7)( 3,24, 9, 6,19,14)( 5,34,12,18,22,28)( 8,31,17,13,27,23)\n(10,36,20,26,29,33)(15,35,25,21,32,30)", "weight": 1}, {"from": "( 1,26)( 2,21)( 3,18)( 4,36)( 5,15)( 6,13)( 7,35)( 8,10)( 9,34)(11,33)(12,32)\n(14,31)(16,30)(17,29)(19,28)(20,27)(22,25)(23,24)", "to": "( 1,16, 4, 2,11, 7)( 3,24, 9, 6,19,14)( 5,34,12,18,22,28)( 8,31,17,13,27,23)\n(10,36,20,26,29,33)(15,35,25,21,32,30)", "weight": 1}, {"from": "( 1,32)( 2,29)( 3,27)( 4,25)( 5,24)( 6,22)( 7,20)( 8,19)( 9,17)(10,16)(11,15)\n(12,14)(13,36)(18,35)(21,34)(23,33)(26,31)(28,30)", "to": "( 1,16, 4, 2,11, 7)( 3,24, 9, 6,19,14)( 5,34,12,18,22,28)( 8,31,17,13,27,23)\n(10,36,20,26,29,33)(15,35,25,21,32,30)", "weight": 1}, {"from": "( 1,33)( 2,30)( 3,28)( 4,26)( 5,25)( 6,23)( 7,21)( 8,20)( 9,18)(10,17)(11,36)\n(12,15)(13,14)(16,35)(19,34)(22,32)(24,31)(27,29)", "to": "( 1,16, 4, 2,11, 7)( 3,24, 9, 6,19,14)( 5,34,12,18,22,28)( 8,31,17,13,27,23)\n(10,36,20,26,29,33)(15,35,25,21,32,30)", "weight": 1}, {"from": "( 1,36)( 2,35)( 3,34)( 4,33)( 5,32)( 6,31)( 7,30)( 8,29)( 9,28)(10,27)(11,26)\n(12,25)(13,24)(14,23)(15,22)(16,21)(17,20)(18,19)", "to": "( 1,16, 4, 2,11, 7)( 3,24, 9, 6,19,14)( 5,34,12,18,22,28)( 8,31,17,13,27,23)\n(10,36,20,26,29,33)(15,35,25,21,32,30)", "weight": 1}]);

        // adding nodes and edges to the graph
        data = {nodes: nodes, edges: edges};

        var options = {
    "configure": {
        "enabled": true
    },
    "edges": {
        "color": {
            "inherit": true
        },
        "smooth": {
            "enabled": false,
            "type": "continuous"
        }
    },
    "interaction": {
        "dragNodes": true,
        "hideEdgesOnDrag": false,
        "hideNodesOnDrag": false
    },
    "physics": {
        "enabled": true,
        "stabilization": {
            "enabled": true,
            "fit": true,
            "iterations": 1000,
            "onlyDynamicEdges": false,
            "updateInterval": 50
        }
    }
};
        
        

        
        // if this network requires displaying the configure window,
        // put it in its div
        options.configure["container"] = document.getElementById("config");
        

        network = new vis.Network(container, data, options);
	 
        


        

        return network;

    }

    drawGraph();

</script>
</body>
</html>