<html>
<head>
<link rel="stylesheet" href="https://cdnjs.cloudflare.com/ajax/libs/vis/4.16.1/vis.css" type="text/css" />
<script type="text/javascript" src="https://cdnjs.cloudflare.com/ajax/libs/vis/4.16.1/vis-network.min.js"> </script>
<center>
<h1></h1>
</center>

<!-- <link rel="stylesheet" href="../node_modules/vis/dist/vis.min.css" type="text/css" />
<script type="text/javascript" src="../node_modules/vis/dist/vis.js"> </script>-->

<style type="text/css">

        #mynetwork {
            width: 80%;
            height: 1000px;
            background-color: #ffffff;
            border: 1px solid lightgray;
            position: relative;
            float: left;
        }

        

        
        #config {
            float: left;
            width: 400px;
            height: 600px;
        }
        

        
</style>

</head>

<body>
<div id = "mynetwork"></div>


<div id = "config"></div>

<script type="text/javascript">

    // initialize global variables.
    var edges;
    var nodes;
    var network; 
    var container;
    var options, data;

    
    // This method is responsible for drawing the graph, returns the drawn network
    function drawGraph() {
        var container = document.getElementById('mynetwork');
        
        

        // parsing and collecting nodes and edges from the python
        nodes = new vis.DataSet([{"id": "( 1, 2)( 3, 6)( 4, 7)( 5,18)( 8,13)( 9,14)(10,26)(11,16)(12,28)(15,21)(17,23)\n(19,24)(20,33)(22,34)(25,30)(27,31)(29,36)(32,35)", "label": "( 1, 2)( 3, 6)( 4, 7)( 5,18)( 8,13)( 9,14)(10,26)(11,16)(12,28)(15,21)(17,23)\n(19,24)(20,33)(22,34)(25,30)(27,31)(29,36)(32,35)", "shape": "dot", "size": 10}, {"id": "( 1,20,31, 3,12,35)( 2,25,34, 6,17,36)( 4,29,13, 9,22,21)( 5,30,11,10,23,19)\n( 7,32,18,14,27,26)( 8,33,16,15,28,24)", "label": "( 1,20,31, 3,12,35)( 2,25,34, 6,17,36)( 4,29,13, 9,22,21)( 5,30,11,10,23,19)\n( 7,32,18,14,27,26)( 8,33,16,15,28,24)", "shape": "dot", "size": 10}, {"id": "( 1,25,11,15, 4,32)( 2,20,16,10, 7,29)( 3,17,19, 8, 9,27)( 5,14,22, 6,12,24)\n(13,33,31,26,23,36)(18,30,34,21,28,35)", "label": "( 1,25,11,15, 4,32)( 2,20,16,10, 7,29)( 3,17,19, 8, 9,27)( 5,14,22, 6,12,24)\n(13,33,31,26,23,36)(18,30,34,21,28,35)", "shape": "dot", "size": 10}, {"id": "( 1,29,23, 3,22,30)( 2,32,28, 6,27,33)( 4,10,31, 9, 5,35)( 7,15,34,14, 8,36)\n(11,20,13,19,12,21)(16,25,18,24,17,26)", "label": "( 1,29,23, 3,22,30)( 2,32,28, 6,27,33)( 4,10,31, 9, 5,35)( 7,15,34,14, 8,36)\n(11,20,13,19,12,21)(16,25,18,24,17,26)", "shape": "dot", "size": 10}, {"id": "( 1,30,22, 3,23,29)( 2,33,27, 6,28,32)( 4,35, 5, 9,31,10)( 7,36, 8,14,34,15)\n(11,21,12,19,13,20)(16,26,17,24,18,25)", "label": "( 1,30,22, 3,23,29)( 2,33,27, 6,28,32)( 4,35, 5, 9,31,10)( 7,36, 8,14,34,15)\n(11,21,12,19,13,20)(16,26,17,24,18,25)", "shape": "dot", "size": 10}, {"id": "( 1,32, 4,15,11,25)( 2,29, 7,10,16,20)( 3,27, 9, 8,19,17)( 5,24,12, 6,22,14)\n(13,36,23,26,31,33)(18,35,28,21,34,30)", "label": "( 1,32, 4,15,11,25)( 2,29, 7,10,16,20)( 3,27, 9, 8,19,17)( 5,24,12, 6,22,14)\n(13,36,23,26,31,33)(18,35,28,21,34,30)", "shape": "dot", "size": 10}, {"id": "( 1,33,11,26, 4,36)( 2,30,16,21, 7,35)( 3,28,19,18, 9,34)( 5,25,22,15,12,32)\n( 6,23,24,13,14,31)( 8,20,27,10,17,29)", "label": "( 1,33,11,26, 4,36)( 2,30,16,21, 7,35)( 3,28,19,18, 9,34)( 5,25,22,15,12,32)\n( 6,23,24,13,14,31)( 8,20,27,10,17,29)", "shape": "dot", "size": 10}, {"id": "( 1,35,12, 3,31,20)( 2,36,17, 6,34,25)( 4,21,22, 9,13,29)( 5,19,23,10,11,30)\n( 7,26,27,14,18,32)( 8,24,28,15,16,33)", "label": "( 1,35,12, 3,31,20)( 2,36,17, 6,34,25)( 4,21,22, 9,13,29)( 5,19,23,10,11,30)\n( 7,26,27,14,18,32)( 8,24,28,15,16,33)", "shape": "dot", "size": 10}, {"id": "( 1,36, 4,26,11,33)( 2,35, 7,21,16,30)( 3,34, 9,18,19,28)( 5,32,12,15,22,25)\n( 6,31,14,13,24,23)( 8,29,17,10,27,20)", "label": "( 1,36, 4,26,11,33)( 2,35, 7,21,16,30)( 3,34, 9,18,19,28)( 5,32,12,15,22,25)\n( 6,31,14,13,24,23)( 8,29,17,10,27,20)", "shape": "dot", "size": 10}, {"id": "( 1, 6)( 2, 3)( 4,14)( 5,26)( 7, 9)( 8,21)(10,18)(11,24)(12,33)(13,15)(16,19)\n(17,30)(20,28)(22,36)(23,25)(27,35)(29,34)(31,32)", "label": "( 1, 6)( 2, 3)( 4,14)( 5,26)( 7, 9)( 8,21)(10,18)(11,24)(12,33)(13,15)(16,19)\n(17,30)(20,28)(22,36)(23,25)(27,35)(29,34)(31,32)", "shape": "dot", "size": 10}, {"id": "( 1, 7,11, 2, 4,16)( 3,14,19, 6, 9,24)( 5,28,22,18,12,34)( 8,23,27,13,17,31)\n(10,33,29,26,20,36)(15,30,32,21,25,35)", "label": "( 1, 7,11, 2, 4,16)( 3,14,19, 6, 9,24)( 5,28,22,18,12,34)( 8,23,27,13,17,31)\n(10,33,29,26,20,36)(15,30,32,21,25,35)", "shape": "dot", "size": 10}, {"id": "( 1, 8)( 2, 5)( 3,15)( 4,17)( 6,10)( 7,12)( 9,25)(11,27)(13,18)(14,20)(16,22)\n(19,32)(21,26)(23,28)(24,29)(30,33)(31,34)(35,36)", "label": "( 1, 8)( 2, 5)( 3,15)( 4,17)( 6,10)( 7,12)( 9,25)(11,27)(13,18)(14,20)(16,22)\n(19,32)(21,26)(23,28)(24,29)(30,33)(31,34)(35,36)", "shape": "dot", "size": 10}, {"id": "( 1,14,11, 6, 4,24)( 2, 9,16, 3, 7,19)( 5,33,22,26,12,36)( 8,30,27,21,17,35)\n(10,28,29,18,20,34)(13,25,31,15,23,32)", "label": "( 1,14,11, 6, 4,24)( 2, 9,16, 3, 7,19)( 5,33,22,26,12,36)( 8,30,27,21,17,35)\n(10,28,29,18,20,34)(13,25,31,15,23,32)", "shape": "dot", "size": 10}, {"id": "( 1,15)( 2,10)( 3, 8)( 4,25)( 5, 6)( 7,20)( 9,17)(11,32)(12,14)(13,26)(16,29)\n(18,21)(19,27)(22,24)(23,33)(28,30)(31,36)(34,35)", "label": "( 1,15)( 2,10)( 3, 8)( 4,25)( 5, 6)( 7,20)( 9,17)(11,32)(12,14)(13,26)(16,29)\n(18,21)(19,27)(22,24)(23,33)(28,30)(31,36)(34,35)", "shape": "dot", "size": 10}, {"id": "( 1,16, 4, 2,11, 7)( 3,24, 9, 6,19,14)( 5,34,12,18,22,28)( 8,31,17,13,27,23)\n(10,36,20,26,29,33)(15,35,25,21,32,30)", "label": "( 1,16, 4, 2,11, 7)( 3,24, 9, 6,19,14)( 5,34,12,18,22,28)( 8,31,17,13,27,23)\n(10,36,20,26,29,33)(15,35,25,21,32,30)", "shape": "dot", "size": 10}, {"id": "( 1,17,11, 8, 4,27)( 2,12,16, 5, 7,22)( 3,25,19,15, 9,32)( 6,20,24,10,14,29)\n(13,28,31,18,23,34)(21,33,35,26,30,36)", "label": "( 1,17,11, 8, 4,27)( 2,12,16, 5, 7,22)( 3,25,19,15, 9,32)( 6,20,24,10,14,29)\n(13,28,31,18,23,34)(21,33,35,26,30,36)", "shape": "dot", "size": 10}, {"id": "( 1,18)( 2,13)( 3,26)( 4,28)( 5, 8)( 6,21)( 7,23)( 9,33)(10,15)(11,34)(12,17)\n(14,30)(16,31)(19,36)(20,25)(22,27)(24,35)(29,32)", "label": "( 1,18)( 2,13)( 3,26)( 4,28)( 5, 8)( 6,21)( 7,23)( 9,33)(10,15)(11,34)(12,17)\n(14,30)(16,31)(19,36)(20,25)(22,27)(24,35)(29,32)", "shape": "dot", "size": 10}, {"id": "( 1,24, 4, 6,11,14)( 2,19, 7, 3,16, 9)( 5,36,12,26,22,33)( 8,35,17,21,27,30)\n(10,34,20,18,29,28)(13,32,23,15,31,25)", "label": "( 1,24, 4, 6,11,14)( 2,19, 7, 3,16, 9)( 5,36,12,26,22,33)( 8,35,17,21,27,30)\n(10,34,20,18,29,28)(13,32,23,15,31,25)", "shape": "dot", "size": 10}, {"id": "( 1,26)( 2,21)( 3,18)( 4,33)( 5,15)( 6,13)( 7,30)( 8,10)( 9,28)(11,36)(12,25)\n(14,23)(16,35)(17,20)(19,34)(22,32)(24,31)(27,29)", "label": "( 1,26)( 2,21)( 3,18)( 4,33)( 5,15)( 6,13)( 7,30)( 8,10)( 9,28)(11,36)(12,25)\n(14,23)(16,35)(17,20)(19,34)(22,32)(24,31)(27,29)", "shape": "dot", "size": 10}, {"id": "( 1,27, 4, 8,11,17)( 2,22, 7, 5,16,12)( 3,32, 9,15,19,25)( 6,29,14,10,24,20)\n(13,34,23,18,31,28)(21,36,30,26,35,33)", "label": "( 1,27, 4, 8,11,17)( 2,22, 7, 5,16,12)( 3,32, 9,15,19,25)( 6,29,14,10,24,20)\n(13,34,23,18,31,28)(21,36,30,26,35,33)", "shape": "dot", "size": 10}, {"id": "( 1,28,11,18, 4,34)( 2,23,16,13, 7,31)( 3,33,19,26, 9,36)( 5,17,22, 8,12,27)\n( 6,30,24,21,14,35)(10,25,29,15,20,32)", "label": "( 1,28,11,18, 4,34)( 2,23,16,13, 7,31)( 3,33,19,26, 9,36)( 5,17,22, 8,12,27)\n( 6,30,24,21,14,35)(10,25,29,15,20,32)", "shape": "dot", "size": 10}, {"id": "( 1,34, 4,18,11,28)( 2,31, 7,13,16,23)( 3,36, 9,26,19,33)( 5,27,12, 8,22,17)\n( 6,35,14,21,24,30)(10,32,20,15,29,25)", "label": "( 1,34, 4,18,11,28)( 2,31, 7,13,16,23)( 3,36, 9,26,19,33)( 5,27,12, 8,22,17)\n( 6,35,14,21,24,30)(10,32,20,15,29,25)", "shape": "dot", "size": 10}, {"id": "( 1,10,13, 3, 5,21)( 2,15,18, 6, 8,26)( 4,20,23, 9,12,30)( 7,25,28,14,17,33)\n(11,29,31,19,22,35)(16,32,34,24,27,36)", "label": "( 1,10,13, 3, 5,21)( 2,15,18, 6, 8,26)( 4,20,23, 9,12,30)( 7,25,28,14,17,33)\n(11,29,31,19,22,35)(16,32,34,24,27,36)", "shape": "dot", "size": 10}, {"id": "( 1,21, 5, 3,13,10)( 2,26, 8, 6,18,15)( 4,30,12, 9,23,20)( 7,33,17,14,28,25)\n(11,35,22,19,31,29)(16,36,27,24,34,32)", "label": "( 1,21, 5, 3,13,10)( 2,26, 8, 6,18,15)( 4,30,12, 9,23,20)( 7,33,17,14,28,25)\n(11,35,22,19,31,29)(16,36,27,24,34,32)", "shape": "dot", "size": 10}]);
        edges = new vis.DataSet([{"from": "( 1, 2)( 3, 6)( 4, 7)( 5,18)( 8,13)( 9,14)(10,26)(11,16)(12,28)(15,21)(17,23)\n(19,24)(20,33)(22,34)(25,30)(27,31)(29,36)(32,35)", "to": "( 1,20,31, 3,12,35)( 2,25,34, 6,17,36)( 4,29,13, 9,22,21)( 5,30,11,10,23,19)\n( 7,32,18,14,27,26)( 8,33,16,15,28,24)", "weight": 1}, {"from": "( 1, 2)( 3, 6)( 4, 7)( 5,18)( 8,13)( 9,14)(10,26)(11,16)(12,28)(15,21)(17,23)\n(19,24)(20,33)(22,34)(25,30)(27,31)(29,36)(32,35)", "to": "( 1,25,11,15, 4,32)( 2,20,16,10, 7,29)( 3,17,19, 8, 9,27)( 5,14,22, 6,12,24)\n(13,33,31,26,23,36)(18,30,34,21,28,35)", "weight": 1}, {"from": "( 1, 2)( 3, 6)( 4, 7)( 5,18)( 8,13)( 9,14)(10,26)(11,16)(12,28)(15,21)(17,23)\n(19,24)(20,33)(22,34)(25,30)(27,31)(29,36)(32,35)", "to": "( 1,29,23, 3,22,30)( 2,32,28, 6,27,33)( 4,10,31, 9, 5,35)( 7,15,34,14, 8,36)\n(11,20,13,19,12,21)(16,25,18,24,17,26)", "weight": 1}, {"from": "( 1, 2)( 3, 6)( 4, 7)( 5,18)( 8,13)( 9,14)(10,26)(11,16)(12,28)(15,21)(17,23)\n(19,24)(20,33)(22,34)(25,30)(27,31)(29,36)(32,35)", "to": "( 1,30,22, 3,23,29)( 2,33,27, 6,28,32)( 4,35, 5, 9,31,10)( 7,36, 8,14,34,15)\n(11,21,12,19,13,20)(16,26,17,24,18,25)", "weight": 1}, {"from": "( 1, 2)( 3, 6)( 4, 7)( 5,18)( 8,13)( 9,14)(10,26)(11,16)(12,28)(15,21)(17,23)\n(19,24)(20,33)(22,34)(25,30)(27,31)(29,36)(32,35)", "to": "( 1,32, 4,15,11,25)( 2,29, 7,10,16,20)( 3,27, 9, 8,19,17)( 5,24,12, 6,22,14)\n(13,36,23,26,31,33)(18,35,28,21,34,30)", "weight": 1}, {"from": "( 1, 2)( 3, 6)( 4, 7)( 5,18)( 8,13)( 9,14)(10,26)(11,16)(12,28)(15,21)(17,23)\n(19,24)(20,33)(22,34)(25,30)(27,31)(29,36)(32,35)", "to": "( 1,33,11,26, 4,36)( 2,30,16,21, 7,35)( 3,28,19,18, 9,34)( 5,25,22,15,12,32)\n( 6,23,24,13,14,31)( 8,20,27,10,17,29)", "weight": 1}, {"from": "( 1, 2)( 3, 6)( 4, 7)( 5,18)( 8,13)( 9,14)(10,26)(11,16)(12,28)(15,21)(17,23)\n(19,24)(20,33)(22,34)(25,30)(27,31)(29,36)(32,35)", "to": "( 1,35,12, 3,31,20)( 2,36,17, 6,34,25)( 4,21,22, 9,13,29)( 5,19,23,10,11,30)\n( 7,26,27,14,18,32)( 8,24,28,15,16,33)", "weight": 1}, {"from": "( 1, 2)( 3, 6)( 4, 7)( 5,18)( 8,13)( 9,14)(10,26)(11,16)(12,28)(15,21)(17,23)\n(19,24)(20,33)(22,34)(25,30)(27,31)(29,36)(32,35)", "to": "( 1,36, 4,26,11,33)( 2,35, 7,21,16,30)( 3,34, 9,18,19,28)( 5,32,12,15,22,25)\n( 6,31,14,13,24,23)( 8,29,17,10,27,20)", "weight": 1}, {"from": "( 1,20,31, 3,12,35)( 2,25,34, 6,17,36)( 4,29,13, 9,22,21)( 5,30,11,10,23,19)\n( 7,32,18,14,27,26)( 8,33,16,15,28,24)", "to": "( 1, 6)( 2, 3)( 4,14)( 5,26)( 7, 9)( 8,21)(10,18)(11,24)(12,33)(13,15)(16,19)\n(17,30)(20,28)(22,36)(23,25)(27,35)(29,34)(31,32)", "weight": 1}, {"from": "( 1,20,31, 3,12,35)( 2,25,34, 6,17,36)( 4,29,13, 9,22,21)( 5,30,11,10,23,19)\n( 7,32,18,14,27,26)( 8,33,16,15,28,24)", "to": "( 1, 7,11, 2, 4,16)( 3,14,19, 6, 9,24)( 5,28,22,18,12,34)( 8,23,27,13,17,31)\n(10,33,29,26,20,36)(15,30,32,21,25,35)", "weight": 1}, {"from": "( 1,20,31, 3,12,35)( 2,25,34, 6,17,36)( 4,29,13, 9,22,21)( 5,30,11,10,23,19)\n( 7,32,18,14,27,26)( 8,33,16,15,28,24)", "to": "( 1, 8)( 2, 5)( 3,15)( 4,17)( 6,10)( 7,12)( 9,25)(11,27)(13,18)(14,20)(16,22)\n(19,32)(21,26)(23,28)(24,29)(30,33)(31,34)(35,36)", "weight": 1}, {"from": "( 1,20,31, 3,12,35)( 2,25,34, 6,17,36)( 4,29,13, 9,22,21)( 5,30,11,10,23,19)\n( 7,32,18,14,27,26)( 8,33,16,15,28,24)", "to": "( 1,14,11, 6, 4,24)( 2, 9,16, 3, 7,19)( 5,33,22,26,12,36)( 8,30,27,21,17,35)\n(10,28,29,18,20,34)(13,25,31,15,23,32)", "weight": 1}, {"from": "( 1,20,31, 3,12,35)( 2,25,34, 6,17,36)( 4,29,13, 9,22,21)( 5,30,11,10,23,19)\n( 7,32,18,14,27,26)( 8,33,16,15,28,24)", "to": "( 1,15)( 2,10)( 3, 8)( 4,25)( 5, 6)( 7,20)( 9,17)(11,32)(12,14)(13,26)(16,29)\n(18,21)(19,27)(22,24)(23,33)(28,30)(31,36)(34,35)", "weight": 1}, {"from": "( 1,20,31, 3,12,35)( 2,25,34, 6,17,36)( 4,29,13, 9,22,21)( 5,30,11,10,23,19)\n( 7,32,18,14,27,26)( 8,33,16,15,28,24)", "to": "( 1,16, 4, 2,11, 7)( 3,24, 9, 6,19,14)( 5,34,12,18,22,28)( 8,31,17,13,27,23)\n(10,36,20,26,29,33)(15,35,25,21,32,30)", "weight": 1}, {"from": "( 1,20,31, 3,12,35)( 2,25,34, 6,17,36)( 4,29,13, 9,22,21)( 5,30,11,10,23,19)\n( 7,32,18,14,27,26)( 8,33,16,15,28,24)", "to": "( 1,17,11, 8, 4,27)( 2,12,16, 5, 7,22)( 3,25,19,15, 9,32)( 6,20,24,10,14,29)\n(13,28,31,18,23,34)(21,33,35,26,30,36)", "weight": 1}, {"from": "( 1,20,31, 3,12,35)( 2,25,34, 6,17,36)( 4,29,13, 9,22,21)( 5,30,11,10,23,19)\n( 7,32,18,14,27,26)( 8,33,16,15,28,24)", "to": "( 1,18)( 2,13)( 3,26)( 4,28)( 5, 8)( 6,21)( 7,23)( 9,33)(10,15)(11,34)(12,17)\n(14,30)(16,31)(19,36)(20,25)(22,27)(24,35)(29,32)", "weight": 1}, {"from": "( 1,20,31, 3,12,35)( 2,25,34, 6,17,36)( 4,29,13, 9,22,21)( 5,30,11,10,23,19)\n( 7,32,18,14,27,26)( 8,33,16,15,28,24)", "to": "( 1,24, 4, 6,11,14)( 2,19, 7, 3,16, 9)( 5,36,12,26,22,33)( 8,35,17,21,27,30)\n(10,34,20,18,29,28)(13,32,23,15,31,25)", "weight": 1}, {"from": "( 1,20,31, 3,12,35)( 2,25,34, 6,17,36)( 4,29,13, 9,22,21)( 5,30,11,10,23,19)\n( 7,32,18,14,27,26)( 8,33,16,15,28,24)", "to": "( 1,25,11,15, 4,32)( 2,20,16,10, 7,29)( 3,17,19, 8, 9,27)( 5,14,22, 6,12,24)\n(13,33,31,26,23,36)(18,30,34,21,28,35)", "weight": 1}, {"from": "( 1,20,31, 3,12,35)( 2,25,34, 6,17,36)( 4,29,13, 9,22,21)( 5,30,11,10,23,19)\n( 7,32,18,14,27,26)( 8,33,16,15,28,24)", "to": "( 1,26)( 2,21)( 3,18)( 4,33)( 5,15)( 6,13)( 7,30)( 8,10)( 9,28)(11,36)(12,25)\n(14,23)(16,35)(17,20)(19,34)(22,32)(24,31)(27,29)", "weight": 1}, {"from": "( 1,20,31, 3,12,35)( 2,25,34, 6,17,36)( 4,29,13, 9,22,21)( 5,30,11,10,23,19)\n( 7,32,18,14,27,26)( 8,33,16,15,28,24)", "to": "( 1,27, 4, 8,11,17)( 2,22, 7, 5,16,12)( 3,32, 9,15,19,25)( 6,29,14,10,24,20)\n(13,34,23,18,31,28)(21,36,30,26,35,33)", "weight": 1}, {"from": "( 1,20,31, 3,12,35)( 2,25,34, 6,17,36)( 4,29,13, 9,22,21)( 5,30,11,10,23,19)\n( 7,32,18,14,27,26)( 8,33,16,15,28,24)", "to": "( 1,28,11,18, 4,34)( 2,23,16,13, 7,31)( 3,33,19,26, 9,36)( 5,17,22, 8,12,27)\n( 6,30,24,21,14,35)(10,25,29,15,20,32)", "weight": 1}, {"from": "( 1,20,31, 3,12,35)( 2,25,34, 6,17,36)( 4,29,13, 9,22,21)( 5,30,11,10,23,19)\n( 7,32,18,14,27,26)( 8,33,16,15,28,24)", "to": "( 1,32, 4,15,11,25)( 2,29, 7,10,16,20)( 3,27, 9, 8,19,17)( 5,24,12, 6,22,14)\n(13,36,23,26,31,33)(18,35,28,21,34,30)", "weight": 1}, {"from": "( 1,20,31, 3,12,35)( 2,25,34, 6,17,36)( 4,29,13, 9,22,21)( 5,30,11,10,23,19)\n( 7,32,18,14,27,26)( 8,33,16,15,28,24)", "to": "( 1,33,11,26, 4,36)( 2,30,16,21, 7,35)( 3,28,19,18, 9,34)( 5,25,22,15,12,32)\n( 6,23,24,13,14,31)( 8,20,27,10,17,29)", "weight": 1}, {"from": "( 1,20,31, 3,12,35)( 2,25,34, 6,17,36)( 4,29,13, 9,22,21)( 5,30,11,10,23,19)\n( 7,32,18,14,27,26)( 8,33,16,15,28,24)", "to": "( 1,34, 4,18,11,28)( 2,31, 7,13,16,23)( 3,36, 9,26,19,33)( 5,27,12, 8,22,17)\n( 6,35,14,21,24,30)(10,32,20,15,29,25)", "weight": 1}, {"from": "( 1,20,31, 3,12,35)( 2,25,34, 6,17,36)( 4,29,13, 9,22,21)( 5,30,11,10,23,19)\n( 7,32,18,14,27,26)( 8,33,16,15,28,24)", "to": "( 1,36, 4,26,11,33)( 2,35, 7,21,16,30)( 3,34, 9,18,19,28)( 5,32,12,15,22,25)\n( 6,31,14,13,24,23)( 8,29,17,10,27,20)", "weight": 1}, {"from": "( 1,25,11,15, 4,32)( 2,20,16,10, 7,29)( 3,17,19, 8, 9,27)( 5,14,22, 6,12,24)\n(13,33,31,26,23,36)(18,30,34,21,28,35)", "to": "( 1, 7,11, 2, 4,16)( 3,14,19, 6, 9,24)( 5,28,22,18,12,34)( 8,23,27,13,17,31)\n(10,33,29,26,20,36)(15,30,32,21,25,35)", "weight": 1}, {"from": "( 1,25,11,15, 4,32)( 2,20,16,10, 7,29)( 3,17,19, 8, 9,27)( 5,14,22, 6,12,24)\n(13,33,31,26,23,36)(18,30,34,21,28,35)", "to": "( 1,10,13, 3, 5,21)( 2,15,18, 6, 8,26)( 4,20,23, 9,12,30)( 7,25,28,14,17,33)\n(11,29,31,19,22,35)(16,32,34,24,27,36)", "weight": 1}, {"from": "( 1,25,11,15, 4,32)( 2,20,16,10, 7,29)( 3,17,19, 8, 9,27)( 5,14,22, 6,12,24)\n(13,33,31,26,23,36)(18,30,34,21,28,35)", "to": "( 1,16, 4, 2,11, 7)( 3,24, 9, 6,19,14)( 5,34,12,18,22,28)( 8,31,17,13,27,23)\n(10,36,20,26,29,33)(15,35,25,21,32,30)", "weight": 1}, {"from": "( 1,25,11,15, 4,32)( 2,20,16,10, 7,29)( 3,17,19, 8, 9,27)( 5,14,22, 6,12,24)\n(13,33,31,26,23,36)(18,30,34,21,28,35)", "to": "( 1,18)( 2,13)( 3,26)( 4,28)( 5, 8)( 6,21)( 7,23)( 9,33)(10,15)(11,34)(12,17)\n(14,30)(16,31)(19,36)(20,25)(22,27)(24,35)(29,32)", "weight": 1}, {"from": "( 1,25,11,15, 4,32)( 2,20,16,10, 7,29)( 3,17,19, 8, 9,27)( 5,14,22, 6,12,24)\n(13,33,31,26,23,36)(18,30,34,21,28,35)", "to": "( 1,21, 5, 3,13,10)( 2,26, 8, 6,18,15)( 4,30,12, 9,23,20)( 7,33,17,14,28,25)\n(11,35,22,19,31,29)(16,36,27,24,34,32)", "weight": 1}, {"from": "( 1,25,11,15, 4,32)( 2,20,16,10, 7,29)( 3,17,19, 8, 9,27)( 5,14,22, 6,12,24)\n(13,33,31,26,23,36)(18,30,34,21,28,35)", "to": "( 1,28,11,18, 4,34)( 2,23,16,13, 7,31)( 3,33,19,26, 9,36)( 5,17,22, 8,12,27)\n( 6,30,24,21,14,35)(10,25,29,15,20,32)", "weight": 1}, {"from": "( 1,25,11,15, 4,32)( 2,20,16,10, 7,29)( 3,17,19, 8, 9,27)( 5,14,22, 6,12,24)\n(13,33,31,26,23,36)(18,30,34,21,28,35)", "to": "( 1,29,23, 3,22,30)( 2,32,28, 6,27,33)( 4,10,31, 9, 5,35)( 7,15,34,14, 8,36)\n(11,20,13,19,12,21)(16,25,18,24,17,26)", "weight": 1}, {"from": "( 1,25,11,15, 4,32)( 2,20,16,10, 7,29)( 3,17,19, 8, 9,27)( 5,14,22, 6,12,24)\n(13,33,31,26,23,36)(18,30,34,21,28,35)", "to": "( 1,30,22, 3,23,29)( 2,33,27, 6,28,32)( 4,35, 5, 9,31,10)( 7,36, 8,14,34,15)\n(11,21,12,19,13,20)(16,26,17,24,18,25)", "weight": 1}, {"from": "( 1,25,11,15, 4,32)( 2,20,16,10, 7,29)( 3,17,19, 8, 9,27)( 5,14,22, 6,12,24)\n(13,33,31,26,23,36)(18,30,34,21,28,35)", "to": "( 1,34, 4,18,11,28)( 2,31, 7,13,16,23)( 3,36, 9,26,19,33)( 5,27,12, 8,22,17)\n( 6,35,14,21,24,30)(10,32,20,15,29,25)", "weight": 1}, {"from": "( 1,25,11,15, 4,32)( 2,20,16,10, 7,29)( 3,17,19, 8, 9,27)( 5,14,22, 6,12,24)\n(13,33,31,26,23,36)(18,30,34,21,28,35)", "to": "( 1,35,12, 3,31,20)( 2,36,17, 6,34,25)( 4,21,22, 9,13,29)( 5,19,23,10,11,30)\n( 7,26,27,14,18,32)( 8,24,28,15,16,33)", "weight": 1}, {"from": "( 1,29,23, 3,22,30)( 2,32,28, 6,27,33)( 4,10,31, 9, 5,35)( 7,15,34,14, 8,36)\n(11,20,13,19,12,21)(16,25,18,24,17,26)", "to": "( 1, 6)( 2, 3)( 4,14)( 5,26)( 7, 9)( 8,21)(10,18)(11,24)(12,33)(13,15)(16,19)\n(17,30)(20,28)(22,36)(23,25)(27,35)(29,34)(31,32)", "weight": 1}, {"from": "( 1,29,23, 3,22,30)( 2,32,28, 6,27,33)( 4,10,31, 9, 5,35)( 7,15,34,14, 8,36)\n(11,20,13,19,12,21)(16,25,18,24,17,26)", "to": "( 1, 7,11, 2, 4,16)( 3,14,19, 6, 9,24)( 5,28,22,18,12,34)( 8,23,27,13,17,31)\n(10,33,29,26,20,36)(15,30,32,21,25,35)", "weight": 1}, {"from": "( 1,29,23, 3,22,30)( 2,32,28, 6,27,33)( 4,10,31, 9, 5,35)( 7,15,34,14, 8,36)\n(11,20,13,19,12,21)(16,25,18,24,17,26)", "to": "( 1, 8)( 2, 5)( 3,15)( 4,17)( 6,10)( 7,12)( 9,25)(11,27)(13,18)(14,20)(16,22)\n(19,32)(21,26)(23,28)(24,29)(30,33)(31,34)(35,36)", "weight": 1}, {"from": "( 1,29,23, 3,22,30)( 2,32,28, 6,27,33)( 4,10,31, 9, 5,35)( 7,15,34,14, 8,36)\n(11,20,13,19,12,21)(16,25,18,24,17,26)", "to": "( 1,14,11, 6, 4,24)( 2, 9,16, 3, 7,19)( 5,33,22,26,12,36)( 8,30,27,21,17,35)\n(10,28,29,18,20,34)(13,25,31,15,23,32)", "weight": 1}, {"from": "( 1,29,23, 3,22,30)( 2,32,28, 6,27,33)( 4,10,31, 9, 5,35)( 7,15,34,14, 8,36)\n(11,20,13,19,12,21)(16,25,18,24,17,26)", "to": "( 1,15)( 2,10)( 3, 8)( 4,25)( 5, 6)( 7,20)( 9,17)(11,32)(12,14)(13,26)(16,29)\n(18,21)(19,27)(22,24)(23,33)(28,30)(31,36)(34,35)", "weight": 1}, {"from": "( 1,29,23, 3,22,30)( 2,32,28, 6,27,33)( 4,10,31, 9, 5,35)( 7,15,34,14, 8,36)\n(11,20,13,19,12,21)(16,25,18,24,17,26)", "to": "( 1,16, 4, 2,11, 7)( 3,24, 9, 6,19,14)( 5,34,12,18,22,28)( 8,31,17,13,27,23)\n(10,36,20,26,29,33)(15,35,25,21,32,30)", "weight": 1}, {"from": "( 1,29,23, 3,22,30)( 2,32,28, 6,27,33)( 4,10,31, 9, 5,35)( 7,15,34,14, 8,36)\n(11,20,13,19,12,21)(16,25,18,24,17,26)", "to": "( 1,17,11, 8, 4,27)( 2,12,16, 5, 7,22)( 3,25,19,15, 9,32)( 6,20,24,10,14,29)\n(13,28,31,18,23,34)(21,33,35,26,30,36)", "weight": 1}, {"from": "( 1,29,23, 3,22,30)( 2,32,28, 6,27,33)( 4,10,31, 9, 5,35)( 7,15,34,14, 8,36)\n(11,20,13,19,12,21)(16,25,18,24,17,26)", "to": "( 1,18)( 2,13)( 3,26)( 4,28)( 5, 8)( 6,21)( 7,23)( 9,33)(10,15)(11,34)(12,17)\n(14,30)(16,31)(19,36)(20,25)(22,27)(24,35)(29,32)", "weight": 1}, {"from": "( 1,29,23, 3,22,30)( 2,32,28, 6,27,33)( 4,10,31, 9, 5,35)( 7,15,34,14, 8,36)\n(11,20,13,19,12,21)(16,25,18,24,17,26)", "to": "( 1,24, 4, 6,11,14)( 2,19, 7, 3,16, 9)( 5,36,12,26,22,33)( 8,35,17,21,27,30)\n(10,34,20,18,29,28)(13,32,23,15,31,25)", "weight": 1}, {"from": "( 1,29,23, 3,22,30)( 2,32,28, 6,27,33)( 4,10,31, 9, 5,35)( 7,15,34,14, 8,36)\n(11,20,13,19,12,21)(16,25,18,24,17,26)", "to": "( 1,26)( 2,21)( 3,18)( 4,33)( 5,15)( 6,13)( 7,30)( 8,10)( 9,28)(11,36)(12,25)\n(14,23)(16,35)(17,20)(19,34)(22,32)(24,31)(27,29)", "weight": 1}, {"from": "( 1,29,23, 3,22,30)( 2,32,28, 6,27,33)( 4,10,31, 9, 5,35)( 7,15,34,14, 8,36)\n(11,20,13,19,12,21)(16,25,18,24,17,26)", "to": "( 1,27, 4, 8,11,17)( 2,22, 7, 5,16,12)( 3,32, 9,15,19,25)( 6,29,14,10,24,20)\n(13,34,23,18,31,28)(21,36,30,26,35,33)", "weight": 1}, {"from": "( 1,29,23, 3,22,30)( 2,32,28, 6,27,33)( 4,10,31, 9, 5,35)( 7,15,34,14, 8,36)\n(11,20,13,19,12,21)(16,25,18,24,17,26)", "to": "( 1,28,11,18, 4,34)( 2,23,16,13, 7,31)( 3,33,19,26, 9,36)( 5,17,22, 8,12,27)\n( 6,30,24,21,14,35)(10,25,29,15,20,32)", "weight": 1}, {"from": "( 1,29,23, 3,22,30)( 2,32,28, 6,27,33)( 4,10,31, 9, 5,35)( 7,15,34,14, 8,36)\n(11,20,13,19,12,21)(16,25,18,24,17,26)", "to": "( 1,32, 4,15,11,25)( 2,29, 7,10,16,20)( 3,27, 9, 8,19,17)( 5,24,12, 6,22,14)\n(13,36,23,26,31,33)(18,35,28,21,34,30)", "weight": 1}, {"from": "( 1,29,23, 3,22,30)( 2,32,28, 6,27,33)( 4,10,31, 9, 5,35)( 7,15,34,14, 8,36)\n(11,20,13,19,12,21)(16,25,18,24,17,26)", "to": "( 1,33,11,26, 4,36)( 2,30,16,21, 7,35)( 3,28,19,18, 9,34)( 5,25,22,15,12,32)\n( 6,23,24,13,14,31)( 8,20,27,10,17,29)", "weight": 1}, {"from": "( 1,29,23, 3,22,30)( 2,32,28, 6,27,33)( 4,10,31, 9, 5,35)( 7,15,34,14, 8,36)\n(11,20,13,19,12,21)(16,25,18,24,17,26)", "to": "( 1,34, 4,18,11,28)( 2,31, 7,13,16,23)( 3,36, 9,26,19,33)( 5,27,12, 8,22,17)\n( 6,35,14,21,24,30)(10,32,20,15,29,25)", "weight": 1}, {"from": "( 1,29,23, 3,22,30)( 2,32,28, 6,27,33)( 4,10,31, 9, 5,35)( 7,15,34,14, 8,36)\n(11,20,13,19,12,21)(16,25,18,24,17,26)", "to": "( 1,36, 4,26,11,33)( 2,35, 7,21,16,30)( 3,34, 9,18,19,28)( 5,32,12,15,22,25)\n( 6,31,14,13,24,23)( 8,29,17,10,27,20)", "weight": 1}, {"from": "( 1,30,22, 3,23,29)( 2,33,27, 6,28,32)( 4,35, 5, 9,31,10)( 7,36, 8,14,34,15)\n(11,21,12,19,13,20)(16,26,17,24,18,25)", "to": "( 1, 6)( 2, 3)( 4,14)( 5,26)( 7, 9)( 8,21)(10,18)(11,24)(12,33)(13,15)(16,19)\n(17,30)(20,28)(22,36)(23,25)(27,35)(29,34)(31,32)", "weight": 1}, {"from": "( 1,30,22, 3,23,29)( 2,33,27, 6,28,32)( 4,35, 5, 9,31,10)( 7,36, 8,14,34,15)\n(11,21,12,19,13,20)(16,26,17,24,18,25)", "to": "( 1, 7,11, 2, 4,16)( 3,14,19, 6, 9,24)( 5,28,22,18,12,34)( 8,23,27,13,17,31)\n(10,33,29,26,20,36)(15,30,32,21,25,35)", "weight": 1}, {"from": "( 1,30,22, 3,23,29)( 2,33,27, 6,28,32)( 4,35, 5, 9,31,10)( 7,36, 8,14,34,15)\n(11,21,12,19,13,20)(16,26,17,24,18,25)", "to": "( 1, 8)( 2, 5)( 3,15)( 4,17)( 6,10)( 7,12)( 9,25)(11,27)(13,18)(14,20)(16,22)\n(19,32)(21,26)(23,28)(24,29)(30,33)(31,34)(35,36)", "weight": 1}, {"from": "( 1,30,22, 3,23,29)( 2,33,27, 6,28,32)( 4,35, 5, 9,31,10)( 7,36, 8,14,34,15)\n(11,21,12,19,13,20)(16,26,17,24,18,25)", "to": "( 1,14,11, 6, 4,24)( 2, 9,16, 3, 7,19)( 5,33,22,26,12,36)( 8,30,27,21,17,35)\n(10,28,29,18,20,34)(13,25,31,15,23,32)", "weight": 1}, {"from": "( 1,30,22, 3,23,29)( 2,33,27, 6,28,32)( 4,35, 5, 9,31,10)( 7,36, 8,14,34,15)\n(11,21,12,19,13,20)(16,26,17,24,18,25)", "to": "( 1,15)( 2,10)( 3, 8)( 4,25)( 5, 6)( 7,20)( 9,17)(11,32)(12,14)(13,26)(16,29)\n(18,21)(19,27)(22,24)(23,33)(28,30)(31,36)(34,35)", "weight": 1}, {"from": "( 1,30,22, 3,23,29)( 2,33,27, 6,28,32)( 4,35, 5, 9,31,10)( 7,36, 8,14,34,15)\n(11,21,12,19,13,20)(16,26,17,24,18,25)", "to": "( 1,16, 4, 2,11, 7)( 3,24, 9, 6,19,14)( 5,34,12,18,22,28)( 8,31,17,13,27,23)\n(10,36,20,26,29,33)(15,35,25,21,32,30)", "weight": 1}, {"from": "( 1,30,22, 3,23,29)( 2,33,27, 6,28,32)( 4,35, 5, 9,31,10)( 7,36, 8,14,34,15)\n(11,21,12,19,13,20)(16,26,17,24,18,25)", "to": "( 1,17,11, 8, 4,27)( 2,12,16, 5, 7,22)( 3,25,19,15, 9,32)( 6,20,24,10,14,29)\n(13,28,31,18,23,34)(21,33,35,26,30,36)", "weight": 1}, {"from": "( 1,30,22, 3,23,29)( 2,33,27, 6,28,32)( 4,35, 5, 9,31,10)( 7,36, 8,14,34,15)\n(11,21,12,19,13,20)(16,26,17,24,18,25)", "to": "( 1,18)( 2,13)( 3,26)( 4,28)( 5, 8)( 6,21)( 7,23)( 9,33)(10,15)(11,34)(12,17)\n(14,30)(16,31)(19,36)(20,25)(22,27)(24,35)(29,32)", "weight": 1}, {"from": "( 1,30,22, 3,23,29)( 2,33,27, 6,28,32)( 4,35, 5, 9,31,10)( 7,36, 8,14,34,15)\n(11,21,12,19,13,20)(16,26,17,24,18,25)", "to": "( 1,24, 4, 6,11,14)( 2,19, 7, 3,16, 9)( 5,36,12,26,22,33)( 8,35,17,21,27,30)\n(10,34,20,18,29,28)(13,32,23,15,31,25)", "weight": 1}, {"from": "( 1,30,22, 3,23,29)( 2,33,27, 6,28,32)( 4,35, 5, 9,31,10)( 7,36, 8,14,34,15)\n(11,21,12,19,13,20)(16,26,17,24,18,25)", "to": "( 1,26)( 2,21)( 3,18)( 4,33)( 5,15)( 6,13)( 7,30)( 8,10)( 9,28)(11,36)(12,25)\n(14,23)(16,35)(17,20)(19,34)(22,32)(24,31)(27,29)", "weight": 1}, {"from": "( 1,30,22, 3,23,29)( 2,33,27, 6,28,32)( 4,35, 5, 9,31,10)( 7,36, 8,14,34,15)\n(11,21,12,19,13,20)(16,26,17,24,18,25)", "to": "( 1,27, 4, 8,11,17)( 2,22, 7, 5,16,12)( 3,32, 9,15,19,25)( 6,29,14,10,24,20)\n(13,34,23,18,31,28)(21,36,30,26,35,33)", "weight": 1}, {"from": "( 1,30,22, 3,23,29)( 2,33,27, 6,28,32)( 4,35, 5, 9,31,10)( 7,36, 8,14,34,15)\n(11,21,12,19,13,20)(16,26,17,24,18,25)", "to": "( 1,28,11,18, 4,34)( 2,23,16,13, 7,31)( 3,33,19,26, 9,36)( 5,17,22, 8,12,27)\n( 6,30,24,21,14,35)(10,25,29,15,20,32)", "weight": 1}, {"from": "( 1,30,22, 3,23,29)( 2,33,27, 6,28,32)( 4,35, 5, 9,31,10)( 7,36, 8,14,34,15)\n(11,21,12,19,13,20)(16,26,17,24,18,25)", "to": "( 1,32, 4,15,11,25)( 2,29, 7,10,16,20)( 3,27, 9, 8,19,17)( 5,24,12, 6,22,14)\n(13,36,23,26,31,33)(18,35,28,21,34,30)", "weight": 1}, {"from": "( 1,30,22, 3,23,29)( 2,33,27, 6,28,32)( 4,35, 5, 9,31,10)( 7,36, 8,14,34,15)\n(11,21,12,19,13,20)(16,26,17,24,18,25)", "to": "( 1,33,11,26, 4,36)( 2,30,16,21, 7,35)( 3,28,19,18, 9,34)( 5,25,22,15,12,32)\n( 6,23,24,13,14,31)( 8,20,27,10,17,29)", "weight": 1}, {"from": "( 1,30,22, 3,23,29)( 2,33,27, 6,28,32)( 4,35, 5, 9,31,10)( 7,36, 8,14,34,15)\n(11,21,12,19,13,20)(16,26,17,24,18,25)", "to": "( 1,34, 4,18,11,28)( 2,31, 7,13,16,23)( 3,36, 9,26,19,33)( 5,27,12, 8,22,17)\n( 6,35,14,21,24,30)(10,32,20,15,29,25)", "weight": 1}, {"from": "( 1,30,22, 3,23,29)( 2,33,27, 6,28,32)( 4,35, 5, 9,31,10)( 7,36, 8,14,34,15)\n(11,21,12,19,13,20)(16,26,17,24,18,25)", "to": "( 1,36, 4,26,11,33)( 2,35, 7,21,16,30)( 3,34, 9,18,19,28)( 5,32,12,15,22,25)\n( 6,31,14,13,24,23)( 8,29,17,10,27,20)", "weight": 1}, {"from": "( 1,32, 4,15,11,25)( 2,29, 7,10,16,20)( 3,27, 9, 8,19,17)( 5,24,12, 6,22,14)\n(13,36,23,26,31,33)(18,35,28,21,34,30)", "to": "( 1, 7,11, 2, 4,16)( 3,14,19, 6, 9,24)( 5,28,22,18,12,34)( 8,23,27,13,17,31)\n(10,33,29,26,20,36)(15,30,32,21,25,35)", "weight": 1}, {"from": "( 1,32, 4,15,11,25)( 2,29, 7,10,16,20)( 3,27, 9, 8,19,17)( 5,24,12, 6,22,14)\n(13,36,23,26,31,33)(18,35,28,21,34,30)", "to": "( 1,10,13, 3, 5,21)( 2,15,18, 6, 8,26)( 4,20,23, 9,12,30)( 7,25,28,14,17,33)\n(11,29,31,19,22,35)(16,32,34,24,27,36)", "weight": 1}, {"from": "( 1,32, 4,15,11,25)( 2,29, 7,10,16,20)( 3,27, 9, 8,19,17)( 5,24,12, 6,22,14)\n(13,36,23,26,31,33)(18,35,28,21,34,30)", "to": "( 1,16, 4, 2,11, 7)( 3,24, 9, 6,19,14)( 5,34,12,18,22,28)( 8,31,17,13,27,23)\n(10,36,20,26,29,33)(15,35,25,21,32,30)", "weight": 1}, {"from": "( 1,32, 4,15,11,25)( 2,29, 7,10,16,20)( 3,27, 9, 8,19,17)( 5,24,12, 6,22,14)\n(13,36,23,26,31,33)(18,35,28,21,34,30)", "to": "( 1,18)( 2,13)( 3,26)( 4,28)( 5, 8)( 6,21)( 7,23)( 9,33)(10,15)(11,34)(12,17)\n(14,30)(16,31)(19,36)(20,25)(22,27)(24,35)(29,32)", "weight": 1}, {"from": "( 1,32, 4,15,11,25)( 2,29, 7,10,16,20)( 3,27, 9, 8,19,17)( 5,24,12, 6,22,14)\n(13,36,23,26,31,33)(18,35,28,21,34,30)", "to": "( 1,21, 5, 3,13,10)( 2,26, 8, 6,18,15)( 4,30,12, 9,23,20)( 7,33,17,14,28,25)\n(11,35,22,19,31,29)(16,36,27,24,34,32)", "weight": 1}, {"from": "( 1,32, 4,15,11,25)( 2,29, 7,10,16,20)( 3,27, 9, 8,19,17)( 5,24,12, 6,22,14)\n(13,36,23,26,31,33)(18,35,28,21,34,30)", "to": "( 1,28,11,18, 4,34)( 2,23,16,13, 7,31)( 3,33,19,26, 9,36)( 5,17,22, 8,12,27)\n( 6,30,24,21,14,35)(10,25,29,15,20,32)", "weight": 1}, {"from": "( 1,32, 4,15,11,25)( 2,29, 7,10,16,20)( 3,27, 9, 8,19,17)( 5,24,12, 6,22,14)\n(13,36,23,26,31,33)(18,35,28,21,34,30)", "to": "( 1,34, 4,18,11,28)( 2,31, 7,13,16,23)( 3,36, 9,26,19,33)( 5,27,12, 8,22,17)\n( 6,35,14,21,24,30)(10,32,20,15,29,25)", "weight": 1}, {"from": "( 1,32, 4,15,11,25)( 2,29, 7,10,16,20)( 3,27, 9, 8,19,17)( 5,24,12, 6,22,14)\n(13,36,23,26,31,33)(18,35,28,21,34,30)", "to": "( 1,35,12, 3,31,20)( 2,36,17, 6,34,25)( 4,21,22, 9,13,29)( 5,19,23,10,11,30)\n( 7,26,27,14,18,32)( 8,24,28,15,16,33)", "weight": 1}, {"from": "( 1,33,11,26, 4,36)( 2,30,16,21, 7,35)( 3,28,19,18, 9,34)( 5,25,22,15,12,32)\n( 6,23,24,13,14,31)( 8,20,27,10,17,29)", "to": "( 1, 7,11, 2, 4,16)( 3,14,19, 6, 9,24)( 5,28,22,18,12,34)( 8,23,27,13,17,31)\n(10,33,29,26,20,36)(15,30,32,21,25,35)", "weight": 1}, {"from": "( 1,33,11,26, 4,36)( 2,30,16,21, 7,35)( 3,28,19,18, 9,34)( 5,25,22,15,12,32)\n( 6,23,24,13,14,31)( 8,20,27,10,17,29)", "to": "( 1, 8)( 2, 5)( 3,15)( 4,17)( 6,10)( 7,12)( 9,25)(11,27)(13,18)(14,20)(16,22)\n(19,32)(21,26)(23,28)(24,29)(30,33)(31,34)(35,36)", "weight": 1}, {"from": "( 1,33,11,26, 4,36)( 2,30,16,21, 7,35)( 3,28,19,18, 9,34)( 5,25,22,15,12,32)\n( 6,23,24,13,14,31)( 8,20,27,10,17,29)", "to": "( 1,10,13, 3, 5,21)( 2,15,18, 6, 8,26)( 4,20,23, 9,12,30)( 7,25,28,14,17,33)\n(11,29,31,19,22,35)(16,32,34,24,27,36)", "weight": 1}, {"from": "( 1,33,11,26, 4,36)( 2,30,16,21, 7,35)( 3,28,19,18, 9,34)( 5,25,22,15,12,32)\n( 6,23,24,13,14,31)( 8,20,27,10,17,29)", "to": "( 1,16, 4, 2,11, 7)( 3,24, 9, 6,19,14)( 5,34,12,18,22,28)( 8,31,17,13,27,23)\n(10,36,20,26,29,33)(15,35,25,21,32,30)", "weight": 1}, {"from": "( 1,33,11,26, 4,36)( 2,30,16,21, 7,35)( 3,28,19,18, 9,34)( 5,25,22,15,12,32)\n( 6,23,24,13,14,31)( 8,20,27,10,17,29)", "to": "( 1,17,11, 8, 4,27)( 2,12,16, 5, 7,22)( 3,25,19,15, 9,32)( 6,20,24,10,14,29)\n(13,28,31,18,23,34)(21,33,35,26,30,36)", "weight": 1}, {"from": "( 1,33,11,26, 4,36)( 2,30,16,21, 7,35)( 3,28,19,18, 9,34)( 5,25,22,15,12,32)\n( 6,23,24,13,14,31)( 8,20,27,10,17,29)", "to": "( 1,21, 5, 3,13,10)( 2,26, 8, 6,18,15)( 4,30,12, 9,23,20)( 7,33,17,14,28,25)\n(11,35,22,19,31,29)(16,36,27,24,34,32)", "weight": 1}, {"from": "( 1,33,11,26, 4,36)( 2,30,16,21, 7,35)( 3,28,19,18, 9,34)( 5,25,22,15,12,32)\n( 6,23,24,13,14,31)( 8,20,27,10,17,29)", "to": "( 1,27, 4, 8,11,17)( 2,22, 7, 5,16,12)( 3,32, 9,15,19,25)( 6,29,14,10,24,20)\n(13,34,23,18,31,28)(21,36,30,26,35,33)", "weight": 1}, {"from": "( 1,33,11,26, 4,36)( 2,30,16,21, 7,35)( 3,28,19,18, 9,34)( 5,25,22,15,12,32)\n( 6,23,24,13,14,31)( 8,20,27,10,17,29)", "to": "( 1,35,12, 3,31,20)( 2,36,17, 6,34,25)( 4,21,22, 9,13,29)( 5,19,23,10,11,30)\n( 7,26,27,14,18,32)( 8,24,28,15,16,33)", "weight": 1}, {"from": "( 1,35,12, 3,31,20)( 2,36,17, 6,34,25)( 4,21,22, 9,13,29)( 5,19,23,10,11,30)\n( 7,26,27,14,18,32)( 8,24,28,15,16,33)", "to": "( 1, 6)( 2, 3)( 4,14)( 5,26)( 7, 9)( 8,21)(10,18)(11,24)(12,33)(13,15)(16,19)\n(17,30)(20,28)(22,36)(23,25)(27,35)(29,34)(31,32)", "weight": 1}, {"from": "( 1,35,12, 3,31,20)( 2,36,17, 6,34,25)( 4,21,22, 9,13,29)( 5,19,23,10,11,30)\n( 7,26,27,14,18,32)( 8,24,28,15,16,33)", "to": "( 1, 7,11, 2, 4,16)( 3,14,19, 6, 9,24)( 5,28,22,18,12,34)( 8,23,27,13,17,31)\n(10,33,29,26,20,36)(15,30,32,21,25,35)", "weight": 1}, {"from": "( 1,35,12, 3,31,20)( 2,36,17, 6,34,25)( 4,21,22, 9,13,29)( 5,19,23,10,11,30)\n( 7,26,27,14,18,32)( 8,24,28,15,16,33)", "to": "( 1, 8)( 2, 5)( 3,15)( 4,17)( 6,10)( 7,12)( 9,25)(11,27)(13,18)(14,20)(16,22)\n(19,32)(21,26)(23,28)(24,29)(30,33)(31,34)(35,36)", "weight": 1}, {"from": "( 1,35,12, 3,31,20)( 2,36,17, 6,34,25)( 4,21,22, 9,13,29)( 5,19,23,10,11,30)\n( 7,26,27,14,18,32)( 8,24,28,15,16,33)", "to": "( 1,14,11, 6, 4,24)( 2, 9,16, 3, 7,19)( 5,33,22,26,12,36)( 8,30,27,21,17,35)\n(10,28,29,18,20,34)(13,25,31,15,23,32)", "weight": 1}, {"from": "( 1,35,12, 3,31,20)( 2,36,17, 6,34,25)( 4,21,22, 9,13,29)( 5,19,23,10,11,30)\n( 7,26,27,14,18,32)( 8,24,28,15,16,33)", "to": "( 1,15)( 2,10)( 3, 8)( 4,25)( 5, 6)( 7,20)( 9,17)(11,32)(12,14)(13,26)(16,29)\n(18,21)(19,27)(22,24)(23,33)(28,30)(31,36)(34,35)", "weight": 1}, {"from": "( 1,35,12, 3,31,20)( 2,36,17, 6,34,25)( 4,21,22, 9,13,29)( 5,19,23,10,11,30)\n( 7,26,27,14,18,32)( 8,24,28,15,16,33)", "to": "( 1,16, 4, 2,11, 7)( 3,24, 9, 6,19,14)( 5,34,12,18,22,28)( 8,31,17,13,27,23)\n(10,36,20,26,29,33)(15,35,25,21,32,30)", "weight": 1}, {"from": "( 1,35,12, 3,31,20)( 2,36,17, 6,34,25)( 4,21,22, 9,13,29)( 5,19,23,10,11,30)\n( 7,26,27,14,18,32)( 8,24,28,15,16,33)", "to": "( 1,17,11, 8, 4,27)( 2,12,16, 5, 7,22)( 3,25,19,15, 9,32)( 6,20,24,10,14,29)\n(13,28,31,18,23,34)(21,33,35,26,30,36)", "weight": 1}, {"from": "( 1,35,12, 3,31,20)( 2,36,17, 6,34,25)( 4,21,22, 9,13,29)( 5,19,23,10,11,30)\n( 7,26,27,14,18,32)( 8,24,28,15,16,33)", "to": "( 1,18)( 2,13)( 3,26)( 4,28)( 5, 8)( 6,21)( 7,23)( 9,33)(10,15)(11,34)(12,17)\n(14,30)(16,31)(19,36)(20,25)(22,27)(24,35)(29,32)", "weight": 1}, {"from": "( 1,35,12, 3,31,20)( 2,36,17, 6,34,25)( 4,21,22, 9,13,29)( 5,19,23,10,11,30)\n( 7,26,27,14,18,32)( 8,24,28,15,16,33)", "to": "( 1,24, 4, 6,11,14)( 2,19, 7, 3,16, 9)( 5,36,12,26,22,33)( 8,35,17,21,27,30)\n(10,34,20,18,29,28)(13,32,23,15,31,25)", "weight": 1}, {"from": "( 1,35,12, 3,31,20)( 2,36,17, 6,34,25)( 4,21,22, 9,13,29)( 5,19,23,10,11,30)\n( 7,26,27,14,18,32)( 8,24,28,15,16,33)", "to": "( 1,26)( 2,21)( 3,18)( 4,33)( 5,15)( 6,13)( 7,30)( 8,10)( 9,28)(11,36)(12,25)\n(14,23)(16,35)(17,20)(19,34)(22,32)(24,31)(27,29)", "weight": 1}, {"from": "( 1,35,12, 3,31,20)( 2,36,17, 6,34,25)( 4,21,22, 9,13,29)( 5,19,23,10,11,30)\n( 7,26,27,14,18,32)( 8,24,28,15,16,33)", "to": "( 1,27, 4, 8,11,17)( 2,22, 7, 5,16,12)( 3,32, 9,15,19,25)( 6,29,14,10,24,20)\n(13,34,23,18,31,28)(21,36,30,26,35,33)", "weight": 1}, {"from": "( 1,35,12, 3,31,20)( 2,36,17, 6,34,25)( 4,21,22, 9,13,29)( 5,19,23,10,11,30)\n( 7,26,27,14,18,32)( 8,24,28,15,16,33)", "to": "( 1,28,11,18, 4,34)( 2,23,16,13, 7,31)( 3,33,19,26, 9,36)( 5,17,22, 8,12,27)\n( 6,30,24,21,14,35)(10,25,29,15,20,32)", "weight": 1}, {"from": "( 1,35,12, 3,31,20)( 2,36,17, 6,34,25)( 4,21,22, 9,13,29)( 5,19,23,10,11,30)\n( 7,26,27,14,18,32)( 8,24,28,15,16,33)", "to": "( 1,34, 4,18,11,28)( 2,31, 7,13,16,23)( 3,36, 9,26,19,33)( 5,27,12, 8,22,17)\n( 6,35,14,21,24,30)(10,32,20,15,29,25)", "weight": 1}, {"from": "( 1,35,12, 3,31,20)( 2,36,17, 6,34,25)( 4,21,22, 9,13,29)( 5,19,23,10,11,30)\n( 7,26,27,14,18,32)( 8,24,28,15,16,33)", "to": "( 1,36, 4,26,11,33)( 2,35, 7,21,16,30)( 3,34, 9,18,19,28)( 5,32,12,15,22,25)\n( 6,31,14,13,24,23)( 8,29,17,10,27,20)", "weight": 1}, {"from": "( 1,36, 4,26,11,33)( 2,35, 7,21,16,30)( 3,34, 9,18,19,28)( 5,32,12,15,22,25)\n( 6,31,14,13,24,23)( 8,29,17,10,27,20)", "to": "( 1, 7,11, 2, 4,16)( 3,14,19, 6, 9,24)( 5,28,22,18,12,34)( 8,23,27,13,17,31)\n(10,33,29,26,20,36)(15,30,32,21,25,35)", "weight": 1}, {"from": "( 1,36, 4,26,11,33)( 2,35, 7,21,16,30)( 3,34, 9,18,19,28)( 5,32,12,15,22,25)\n( 6,31,14,13,24,23)( 8,29,17,10,27,20)", "to": "( 1, 8)( 2, 5)( 3,15)( 4,17)( 6,10)( 7,12)( 9,25)(11,27)(13,18)(14,20)(16,22)\n(19,32)(21,26)(23,28)(24,29)(30,33)(31,34)(35,36)", "weight": 1}, {"from": "( 1,36, 4,26,11,33)( 2,35, 7,21,16,30)( 3,34, 9,18,19,28)( 5,32,12,15,22,25)\n( 6,31,14,13,24,23)( 8,29,17,10,27,20)", "to": "( 1,10,13, 3, 5,21)( 2,15,18, 6, 8,26)( 4,20,23, 9,12,30)( 7,25,28,14,17,33)\n(11,29,31,19,22,35)(16,32,34,24,27,36)", "weight": 1}, {"from": "( 1,36, 4,26,11,33)( 2,35, 7,21,16,30)( 3,34, 9,18,19,28)( 5,32,12,15,22,25)\n( 6,31,14,13,24,23)( 8,29,17,10,27,20)", "to": "( 1,16, 4, 2,11, 7)( 3,24, 9, 6,19,14)( 5,34,12,18,22,28)( 8,31,17,13,27,23)\n(10,36,20,26,29,33)(15,35,25,21,32,30)", "weight": 1}, {"from": "( 1,36, 4,26,11,33)( 2,35, 7,21,16,30)( 3,34, 9,18,19,28)( 5,32,12,15,22,25)\n( 6,31,14,13,24,23)( 8,29,17,10,27,20)", "to": "( 1,17,11, 8, 4,27)( 2,12,16, 5, 7,22)( 3,25,19,15, 9,32)( 6,20,24,10,14,29)\n(13,28,31,18,23,34)(21,33,35,26,30,36)", "weight": 1}, {"from": "( 1,36, 4,26,11,33)( 2,35, 7,21,16,30)( 3,34, 9,18,19,28)( 5,32,12,15,22,25)\n( 6,31,14,13,24,23)( 8,29,17,10,27,20)", "to": "( 1,21, 5, 3,13,10)( 2,26, 8, 6,18,15)( 4,30,12, 9,23,20)( 7,33,17,14,28,25)\n(11,35,22,19,31,29)(16,36,27,24,34,32)", "weight": 1}, {"from": "( 1,36, 4,26,11,33)( 2,35, 7,21,16,30)( 3,34, 9,18,19,28)( 5,32,12,15,22,25)\n( 6,31,14,13,24,23)( 8,29,17,10,27,20)", "to": "( 1,27, 4, 8,11,17)( 2,22, 7, 5,16,12)( 3,32, 9,15,19,25)( 6,29,14,10,24,20)\n(13,34,23,18,31,28)(21,36,30,26,35,33)", "weight": 1}, {"from": "( 1, 6)( 2, 3)( 4,14)( 5,26)( 7, 9)( 8,21)(10,18)(11,24)(12,33)(13,15)(16,19)\n(17,30)(20,28)(22,36)(23,25)(27,35)(29,34)(31,32)", "to": "( 1,17,11, 8, 4,27)( 2,12,16, 5, 7,22)( 3,25,19,15, 9,32)( 6,20,24,10,14,29)\n(13,28,31,18,23,34)(21,33,35,26,30,36)", "weight": 1}, {"from": "( 1, 6)( 2, 3)( 4,14)( 5,26)( 7, 9)( 8,21)(10,18)(11,24)(12,33)(13,15)(16,19)\n(17,30)(20,28)(22,36)(23,25)(27,35)(29,34)(31,32)", "to": "( 1,27, 4, 8,11,17)( 2,22, 7, 5,16,12)( 3,32, 9,15,19,25)( 6,29,14,10,24,20)\n(13,34,23,18,31,28)(21,36,30,26,35,33)", "weight": 1}, {"from": "( 1, 6)( 2, 3)( 4,14)( 5,26)( 7, 9)( 8,21)(10,18)(11,24)(12,33)(13,15)(16,19)\n(17,30)(20,28)(22,36)(23,25)(27,35)(29,34)(31,32)", "to": "( 1,28,11,18, 4,34)( 2,23,16,13, 7,31)( 3,33,19,26, 9,36)( 5,17,22, 8,12,27)\n( 6,30,24,21,14,35)(10,25,29,15,20,32)", "weight": 1}, {"from": "( 1, 6)( 2, 3)( 4,14)( 5,26)( 7, 9)( 8,21)(10,18)(11,24)(12,33)(13,15)(16,19)\n(17,30)(20,28)(22,36)(23,25)(27,35)(29,34)(31,32)", "to": "( 1,34, 4,18,11,28)( 2,31, 7,13,16,23)( 3,36, 9,26,19,33)( 5,27,12, 8,22,17)\n( 6,35,14,21,24,30)(10,32,20,15,29,25)", "weight": 1}, {"from": "( 1,17,11, 8, 4,27)( 2,12,16, 5, 7,22)( 3,25,19,15, 9,32)( 6,20,24,10,14,29)\n(13,28,31,18,23,34)(21,33,35,26,30,36)", "to": "( 1,10,13, 3, 5,21)( 2,15,18, 6, 8,26)( 4,20,23, 9,12,30)( 7,25,28,14,17,33)\n(11,29,31,19,22,35)(16,32,34,24,27,36)", "weight": 1}, {"from": "( 1,17,11, 8, 4,27)( 2,12,16, 5, 7,22)( 3,25,19,15, 9,32)( 6,20,24,10,14,29)\n(13,28,31,18,23,34)(21,33,35,26,30,36)", "to": "( 1,14,11, 6, 4,24)( 2, 9,16, 3, 7,19)( 5,33,22,26,12,36)( 8,30,27,21,17,35)\n(10,28,29,18,20,34)(13,25,31,15,23,32)", "weight": 1}, {"from": "( 1,17,11, 8, 4,27)( 2,12,16, 5, 7,22)( 3,25,19,15, 9,32)( 6,20,24,10,14,29)\n(13,28,31,18,23,34)(21,33,35,26,30,36)", "to": "( 1,21, 5, 3,13,10)( 2,26, 8, 6,18,15)( 4,30,12, 9,23,20)( 7,33,17,14,28,25)\n(11,35,22,19,31,29)(16,36,27,24,34,32)", "weight": 1}, {"from": "( 1,17,11, 8, 4,27)( 2,12,16, 5, 7,22)( 3,25,19,15, 9,32)( 6,20,24,10,14,29)\n(13,28,31,18,23,34)(21,33,35,26,30,36)", "to": "( 1,24, 4, 6,11,14)( 2,19, 7, 3,16, 9)( 5,36,12,26,22,33)( 8,35,17,21,27,30)\n(10,34,20,18,29,28)(13,32,23,15,31,25)", "weight": 1}, {"from": "( 1,17,11, 8, 4,27)( 2,12,16, 5, 7,22)( 3,25,19,15, 9,32)( 6,20,24,10,14,29)\n(13,28,31,18,23,34)(21,33,35,26,30,36)", "to": "( 1,26)( 2,21)( 3,18)( 4,33)( 5,15)( 6,13)( 7,30)( 8,10)( 9,28)(11,36)(12,25)\n(14,23)(16,35)(17,20)(19,34)(22,32)(24,31)(27,29)", "weight": 1}, {"from": "( 1,27, 4, 8,11,17)( 2,22, 7, 5,16,12)( 3,32, 9,15,19,25)( 6,29,14,10,24,20)\n(13,34,23,18,31,28)(21,36,30,26,35,33)", "to": "( 1,10,13, 3, 5,21)( 2,15,18, 6, 8,26)( 4,20,23, 9,12,30)( 7,25,28,14,17,33)\n(11,29,31,19,22,35)(16,32,34,24,27,36)", "weight": 1}, {"from": "( 1,27, 4, 8,11,17)( 2,22, 7, 5,16,12)( 3,32, 9,15,19,25)( 6,29,14,10,24,20)\n(13,34,23,18,31,28)(21,36,30,26,35,33)", "to": "( 1,14,11, 6, 4,24)( 2, 9,16, 3, 7,19)( 5,33,22,26,12,36)( 8,30,27,21,17,35)\n(10,28,29,18,20,34)(13,25,31,15,23,32)", "weight": 1}, {"from": "( 1,27, 4, 8,11,17)( 2,22, 7, 5,16,12)( 3,32, 9,15,19,25)( 6,29,14,10,24,20)\n(13,34,23,18,31,28)(21,36,30,26,35,33)", "to": "( 1,21, 5, 3,13,10)( 2,26, 8, 6,18,15)( 4,30,12, 9,23,20)( 7,33,17,14,28,25)\n(11,35,22,19,31,