<html>
<head>
<link rel="stylesheet" href="https://cdnjs.cloudflare.com/ajax/libs/vis/4.16.1/vis.css" type="text/css" />
<script type="text/javascript" src="https://cdnjs.cloudflare.com/ajax/libs/vis/4.16.1/vis-network.min.js"> </script>
<center>
<h1></h1>
</center>

<!-- <link rel="stylesheet" href="../node_modules/vis/dist/vis.min.css" type="text/css" />
<script type="text/javascript" src="../node_modules/vis/dist/vis.js"> </script>-->

<style type="text/css">

        #mynetwork {
            width: 80%;
            height: 1000px;
            background-color: #ffffff;
            border: 1px solid lightgray;
            position: relative;
            float: left;
        }

        

        
        #config {
            float: left;
            width: 400px;
            height: 600px;
        }
        

        
</style>

</head>

<body>
<div id = "mynetwork"></div>


<div id = "config"></div>

<script type="text/javascript">

    // initialize global variables.
    var edges;
    var nodes;
    var network; 
    var container;
    var options, data;

    
    // This method is responsible for drawing the graph, returns the drawn network
    function drawGraph() {
        var container = document.getElementById('mynetwork');
        
        

        // parsing and collecting nodes and edges from the python
        nodes = new vis.DataSet([{"id": "( 1, 2, 4)( 3,11,31)( 5,13,27)( 6,20,19)( 7, 9,29)( 8,22,15)(10,18,17)\n(12,38,34)(14,39,30)(16,36,32)(21,26,37)(23,28,33)(24,35,25)", "label": "( 1, 2, 4)( 3,11,31)( 5,13,27)( 6,20,19)( 7, 9,29)( 8,22,15)(10,18,17)\n(12,38,34)(14,39,30)(16,36,32)(21,26,37)(23,28,33)(24,35,25)", "shape": "dot", "size": 10}, {"id": "( 1, 3, 6, 9,12,15,18,21,24,27,30,33,36)( 2, 5, 8,11,14,17,20,23,26,29,32,35,\n 38)( 4, 7,10,13,16,19,22,25,28,31,34,37,39)", "label": "( 1, 3, 6, 9,12,15,18,21,24,27,30,33,36)( 2, 5, 8,11,14,17,20,23,26,29,32,35,\n 38)( 4, 7,10,13,16,19,22,25,28,31,34,37,39)", "shape": "dot", "size": 10}, {"id": "( 1, 5,16)( 2, 7,12)( 3,14, 4)( 6,23,31)( 8,25,27)( 9,32,19)(10,21,29)\n(11,34,15)(13,30,17)(18,20,22)(24,38,37)(26,39,33)(28,36,35)", "label": "( 1, 5,16)( 2, 7,12)( 3,14, 4)( 6,23,31)( 8,25,27)( 9,32,19)(10,21,29)\n(11,34,15)(13,30,17)(18,20,22)(24,38,37)(26,39,33)(28,36,35)", "shape": "dot", "size": 10}, {"id": "( 1, 6,12,18,24,30,36, 3, 9,15,21,27,33)( 2, 8,14,20,26,32,38, 5,11,17,23,29,\n 35)( 4,10,16,22,28,34,39, 7,13,19,25,31,37)", "label": "( 1, 6,12,18,24,30,36, 3, 9,15,21,27,33)( 2, 8,14,20,26,32,38, 5,11,17,23,29,\n 35)( 4,10,16,22,28,34,39, 7,13,19,25,31,37)", "shape": "dot", "size": 10}, {"id": "( 1, 7,32)( 2, 3,34)( 4, 5,30)( 6,22,11)( 8,18,13)( 9,10,20)(12,37,29)\n(14,33,31)(15,25,38)(16,35,27)(17,21,39)(19,23,36)(24,28,26)", "label": "( 1, 7,32)( 2, 3,34)( 4, 5,30)( 6,22,11)( 8,18,13)( 9,10,20)(12,37,29)\n(14,33,31)(15,25,38)(16,35,27)(17,21,39)(19,23,36)(24,28,26)", "shape": "dot", "size": 10}, {"id": "( 1, 8,28)( 2,10,24)( 3,17,16)( 4, 6,26)( 5,19,12)( 7,15,14)( 9,35,31)\n(11,37,27)(13,33,29)(18,23,34)(20,25,30)(21,32,22)(36,38,39)", "label": "( 1, 8,28)( 2,10,24)( 3,17,16)( 4, 6,26)( 5,19,12)( 7,15,14)( 9,35,31)\n(11,37,27)(13,33,29)(18,23,34)(20,25,30)(21,32,22)(36,38,39)", "shape": "dot", "size": 10}, {"id": "( 1, 9,18,27,36, 6,15,24,33, 3,12,21,30)( 2,11,20,29,38, 8,17,26,35, 5,14,23,\n 32)( 4,13,22,31,39,10,19,28,37, 7,16,25,34)", "label": "( 1, 9,18,27,36, 6,15,24,33, 3,12,21,30)( 2,11,20,29,38, 8,17,26,35, 5,14,23,\n 32)( 4,13,22,31,39,10,19,28,37, 7,16,25,34)", "shape": "dot", "size": 10}, {"id": "( 1,10,23)( 2, 6,25)( 3,37,32)( 4, 8,21)( 5,33,34)( 7,35,30)( 9,13,11)\n(12,39,20)(14,36,22)(15,28,29)(16,38,18)(17,24,31)(19,26,27)", "label": "( 1,10,23)( 2, 6,25)( 3,37,32)( 4, 8,21)( 5,33,34)( 7,35,30)( 9,13,11)\n(12,39,20)(14,36,22)(15,28,29)(16,38,18)(17,24,31)(19,26,27)", "shape": "dot", "size": 10}, {"id": "( 1,11,39)( 2,13,36)( 3,20,28)( 4, 9,38)( 5,22,24)( 6,29,16)( 7,18,26)\n( 8,31,12)(10,27,14)(15,17,19)(21,35,34)(23,37,30)(25,33,32)", "label": "( 1,11,39)( 2,13,36)( 3,20,28)( 4, 9,38)( 5,22,24)( 6,29,16)( 7,18,26)\n( 8,31,12)(10,27,14)(15,17,19)(21,35,34)(23,37,30)(25,33,32)", "shape": "dot", "size": 10}, {"id": "( 1,12,24,36, 9,21,33, 6,18,30, 3,15,27)( 2,14,26,38,11,23,35, 8,20,32, 5,17,\n 29)( 4,16,28,39,13,25,37,10,22,34, 7,19,31)", "label": "( 1,12,24,36, 9,21,33, 6,18,30, 3,15,27)( 2,14,26,38,11,23,35, 8,20,32, 5,17,\n 29)( 4,16,28,39,13,25,37,10,22,34, 7,19,31)", "shape": "dot", "size": 10}, {"id": "( 1,13,14)( 2, 9,16)( 3,39,23)( 4,11,12)( 5,36,25)( 6,28,32)( 7,38,21)\n( 8,24,34)(10,26,30)(15,31,20)(17,27,22)(18,19,29)(33,37,35)", "label": "( 1,13,14)( 2, 9,16)( 3,39,23)( 4,11,12)( 5,36,25)( 6,28,32)( 7,38,21)\n( 8,24,34)(10,26,30)(15,31,20)(17,27,22)(18,19,29)(33,37,35)", "shape": "dot", "size": 10}, {"id": "( 1,14,13)( 2,16, 9)( 3,23,39)( 4,12,11)( 5,25,36)( 6,32,28)( 7,21,38)\n( 8,34,24)(10,30,26)(15,20,31)(17,22,27)(18,29,19)(33,35,37)", "label": "( 1,14,13)( 2,16, 9)( 3,23,39)( 4,12,11)( 5,25,36)( 6,32,28)( 7,21,38)\n( 8,34,24)(10,30,26)(15,20,31)(17,22,27)(18,29,19)(33,35,37)", "shape": "dot", "size": 10}, {"id": "( 1,15,30, 6,21,36,12,27, 3,18,33, 9,24)( 2,17,32, 8,23,38,14,29, 5,20,35,11,\n 26)( 4,19,34,10,25,39,16,31, 7,22,37,13,28)", "label": "( 1,15,30, 6,21,36,12,27, 3,18,33, 9,24)( 2,17,32, 8,23,38,14,29, 5,20,35,11,\n 26)( 4,19,34,10,25,39,16,31, 7,22,37,13,28)", "shape": "dot", "size": 10}, {"id": "( 1,16, 5)( 2,12, 7)( 3, 4,14)( 6,31,23)( 8,27,25)( 9,19,32)(10,29,21)\n(11,15,34)(13,17,30)(18,22,20)(24,37,38)(26,33,39)(28,35,36)", "label": "( 1,16, 5)( 2,12, 7)( 3, 4,14)( 6,31,23)( 8,27,25)( 9,19,32)(10,29,21)\n(11,15,34)(13,17,30)(18,22,20)(24,37,38)(26,33,39)(28,35,36)", "shape": "dot", "size": 10}, {"id": "( 1,17,25)( 2,19,21)( 3,26,13)( 4,15,23)( 5,28, 9)( 6,35,39)( 7,24,11)\n( 8,37,36)(10,33,38)(12,14,16)(18,32,31)(20,34,27)(22,30,29)", "label": "( 1,17,25)( 2,19,21)( 3,26,13)( 4,15,23)( 5,28, 9)( 6,35,39)( 7,24,11)\n( 8,37,36)(10,33,38)(12,14,16)(18,32,31)(20,34,27)(22,30,29)", "shape": "dot", "size": 10}, {"id": "( 1,18,36,15,33,12,30, 9,27, 6,24, 3,21)( 2,20,38,17,35,14,32,11,29, 8,26, 5,\n 23)( 4,22,39,19,37,16,34,13,31,10,28, 7,25)", "label": "( 1,18,36,15,33,12,30, 9,27, 6,24, 3,21)( 2,20,38,17,35,14,32,11,29, 8,26, 5,\n 23)( 4,22,39,19,37,16,34,13,31,10,28, 7,25)", "shape": "dot", "size": 10}, {"id": "( 1,19,35)( 2,15,37)( 3, 7, 5)( 4,17,33)( 6,34,14)( 8,30,16)( 9,22,23)\n(10,32,12)(11,18,25)(13,20,21)(24,39,29)(26,36,31)(27,28,38)", "label": "( 1,19,35)( 2,15,37)( 3, 7, 5)( 4,17,33)( 6,34,14)( 8,30,16)( 9,22,23)\n(10,32,12)(11,18,25)(13,20,21)(24,39,29)(26,36,31)(27,28,38)", "shape": "dot", "size": 10}, {"id": "( 1,20,37)( 2,22,33)( 3,29,25)( 4,18,35)( 5,31,21)( 6,38,13)( 7,27,23)\n( 8,39, 9)(10,36,11)(12,17,28)(14,19,24)(15,26,16)(30,32,34)", "label": "( 1,20,37)( 2,22,33)( 3,29,25)( 4,18,35)( 5,31,21)( 6,38,13)( 7,27,23)\n( 8,39, 9)(10,36,11)(12,17,28)(14,19,24)(15,26,16)(30,32,34)", "shape": "dot", "size": 10}, {"id": "( 1,21, 3,24, 6,27, 9,30,12,33,15,36,18)( 2,23, 5,26, 8,29,11,32,14,35,17,38,\n 20)( 4,25, 7,28,10,31,13,34,16,37,19,39,22)", "label": "( 1,21, 3,24, 6,27, 9,30,12,33,15,36,18)( 2,23, 5,26, 8,29,11,32,14,35,17,38,\n 20)( 4,25, 7,28,10,31,13,34,16,37,19,39,22)", "shape": "dot", "size": 10}, {"id": "( 1,22,26)( 2,18,28)( 3,10,35)( 4,20,24)( 5, 6,37)( 7, 8,33)( 9,25,14)\n(11,21,16)(12,13,23)(15,39,32)(17,36,34)(19,38,30)(27,31,29)", "label": "( 1,22,26)( 2,18,28)( 3,10,35)( 4,20,24)( 5, 6,37)( 7, 8,33)( 9,25,14)\n(11,21,16)(12,13,23)(15,39,32)(17,36,34)(19,38,30)(27,31,29)", "shape": "dot", "size": 10}, {"id": "( 1,23,10)( 2,25, 6)( 3,32,37)( 4,21, 8)( 5,34,33)( 7,30,35)( 9,11,13)\n(12,20,39)(14,22,36)(15,29,28)(16,18,38)(17,31,24)(19,27,26)", "label": "( 1,23,10)( 2,25, 6)( 3,32,37)( 4,21, 8)( 5,34,33)( 7,30,35)( 9,11,13)\n(12,20,39)(14,22,36)(15,29,28)(16,18,38)(17,31,24)(19,27,26)", "shape": "dot", "size": 10}, {"id": "( 1,24, 9,33,18, 3,27,12,36,21, 6,30,15)( 2,26,11,35,20, 5,29,14,38,23, 8,32,\n 17)( 4,28,13,37,22, 7,31,16,39,25,10,34,19)", "label": "( 1,24, 9,33,18, 3,27,12,36,21, 6,30,15)( 2,26,11,35,20, 5,29,14,38,23, 8,32,\n 17)( 4,28,13,37,22, 7,31,16,39,25,10,34,19)", "shape": "dot", "size": 10}, {"id": "( 1,25,17)( 2,21,19)( 3,13,26)( 4,23,15)( 5, 9,28)( 6,39,35)( 7,11,24)\n( 8,36,37)(10,38,33)(12,16,14)(18,31,32)(20,27,34)(22,29,30)", "label": "( 1,25,17)( 2,21,19)( 3,13,26)( 4,23,15)( 5, 9,28)( 6,39,35)( 7,11,24)\n( 8,36,37)(10,38,33)(12,16,14)(18,31,32)(20,27,34)(22,29,30)", "shape": "dot", "size": 10}, {"id": "( 1,26,22)( 2,28,18)( 3,35,10)( 4,24,20)( 5,37, 6)( 7,33, 8)( 9,14,25)\n(11,16,21)(12,23,13)(15,32,39)(17,34,36)(19,30,38)(27,29,31)", "label": "( 1,26,22)( 2,28,18)( 3,35,10)( 4,24,20)( 5,37, 6)( 7,33, 8)( 9,14,25)\n(11,16,21)(12,23,13)(15,32,39)(17,34,36)(19,30,38)(27,29,31)", "shape": "dot", "size": 10}, {"id": "( 1,27,15, 3,30,18, 6,33,21, 9,36,24,12)( 2,29,17, 5,32,20, 8,35,23,11,38,26,\n 14)( 4,31,19, 7,34,22,10,37,25,13,39,28,16)", "label": "( 1,27,15, 3,30,18, 6,33,21, 9,36,24,12)( 2,29,17, 5,32,20, 8,35,23,11,38,26,\n 14)( 4,31,19, 7,34,22,10,37,25,13,39,28,16)", "shape": "dot", "size": 10}, {"id": "( 1,28, 8)( 2,24,10)( 3,16,17)( 4,26, 6)( 5,12,19)( 7,14,15)( 9,31,35)\n(11,27,37)(13,29,33)(18,34,23)(20,30,25)(21,22,32)(36,39,38)", "label": "( 1,28, 8)( 2,24,10)( 3,16,17)( 4,26, 6)( 5,12,19)( 7,14,15)( 9,31,35)\n(11,27,37)(13,29,33)(18,34,23)(20,30,25)(21,22,32)(36,39,38)", "shape": "dot", "size": 10}, {"id": "( 1,29,34)( 2,31,30)( 3,38,22)( 4,27,32)( 5,39,18)( 6, 8,10)( 7,36,20)\n( 9,17,37)(11,19,33)(12,26,25)(13,15,35)(14,28,21)(16,24,23)", "label": "( 1,29,34)( 2,31,30)( 3,38,22)( 4,27,32)( 5,39,18)( 6, 8,10)( 7,36,20)\n( 9,17,37)(11,19,33)(12,26,25)(13,15,35)(14,28,21)(16,24,23)", "shape": "dot", "size": 10}, {"id": "( 1,30,21,12, 3,33,24,15, 6,36,27,18, 9)( 2,32,23,14, 5,35,26,17, 8,38,29,20,\n 11)( 4,34,25,16, 7,37,28,19,10,39,31,22,13)", "label": "( 1,30,21,12, 3,33,24,15, 6,36,27,18, 9)( 2,32,23,14, 5,35,26,17, 8,38,29,20,\n 11)( 4,34,25,16, 7,37,28,19,10,39,31,22,13)", "shape": "dot", "size": 10}, {"id": "( 1,31,38)( 2,27,39)( 3,19, 8)( 4,29,36)( 5,15,10)( 6, 7,17)( 9,34,26)\n(11,30,28)(12,22,35)(13,32,24)(14,18,37)(16,20,33)(21,25,23)", "label": "( 1,31,38)( 2,27,39)( 3,19, 8)( 4,29,36)( 5,15,10)( 6, 7,17)( 9,34,26)\n(11,30,28)(12,22,35)(13,32,24)(14,18,37)(16,20,33)(21,25,23)", "shape": "dot", "size": 10}, {"id": "( 1,32, 7)( 2,34, 3)( 4,30, 5)( 6,11,22)( 8,13,18)( 9,20,10)(12,29,37)\n(14,31,33)(15,38,25)(16,27,35)(17,39,21)(19,36,23)(24,26,28)", "label": "( 1,32, 7)( 2,34, 3)( 4,30, 5)( 6,11,22)( 8,13,18)( 9,20,10)(12,29,37)\n(14,31,33)(15,38,25)(16,27,35)(17,39,21)(19,36,23)(24,26,28)", "shape": "dot", "size": 10}, {"id": "( 1,33,27,21,15, 9, 3,36,30,24,18,12, 6)( 2,35,29,23,17,11, 5,38,32,26,20,14,\n  8)( 4,37,31,25,19,13, 7,39,34,28,22,16,10)", "label": "( 1,33,27,21,15, 9, 3,36,30,24,18,12, 6)( 2,35,29,23,17,11, 5,38,32,26,20,14,\n  8)( 4,37,31,25,19,13, 7,39,34,28,22,16,10)", "shape": "dot", "size": 10}, {"id": "( 1,34,29)( 2,30,31)( 3,22,38)( 4,32,27)( 5,18,39)( 6,10, 8)( 7,20,36)\n( 9,37,17)(11,33,19)(12,25,26)(13,35,15)(14,21,28)(16,23,24)", "label": "( 1,34,29)( 2,30,31)( 3,22,38)( 4,32,27)( 5,18,39)( 6,10, 8)( 7,20,36)\n( 9,37,17)(11,33,19)(12,25,26)(13,35,15)(14,21,28)(16,23,24)", "shape": "dot", "size": 10}, {"id": "( 1,35,19)( 2,37,15)( 3, 5, 7)( 4,33,17)( 6,14,34)( 8,16,30)( 9,23,22)\n(10,12,32)(11,25,18)(13,21,20)(24,29,39)(26,31,36)(27,38,28)", "label": "( 1,35,19)( 2,37,15)( 3, 5, 7)( 4,33,17)( 6,14,34)( 8,16,30)( 9,23,22)\n(10,12,32)(11,25,18)(13,21,20)(24,29,39)(26,31,36)(27,38,28)", "shape": "dot", "size": 10}, {"id": "( 1,36,33,30,27,24,21,18,15,12, 9, 6, 3)( 2,38,35,32,29,26,23,20,17,14,11, 8,\n  5)( 4,39,37,34,31,28,25,22,19,16,13,10, 7)", "label": "( 1,36,33,30,27,24,21,18,15,12, 9, 6, 3)( 2,38,35,32,29,26,23,20,17,14,11, 8,\n  5)( 4,39,37,34,31,28,25,22,19,16,13,10, 7)", "shape": "dot", "size": 10}, {"id": "( 1,37,20)( 2,33,22)( 3,25,29)( 4,35,18)( 5,21,31)( 6,13,38)( 7,23,27)\n( 8, 9,39)(10,11,36)(12,28,17)(14,24,19)(15,16,26)(30,34,32)", "label": "( 1,37,20)( 2,33,22)( 3,25,29)( 4,35,18)( 5,21,31)( 6,13,38)( 7,23,27)\n( 8, 9,39)(10,11,36)(12,28,17)(14,24,19)(15,16,26)(30,34,32)", "shape": "dot", "size": 10}, {"id": "( 1,38,31)( 2,39,27)( 3, 8,19)( 4,36,29)( 5,10,15)( 6,17, 7)( 9,26,34)\n(11,28,30)(12,35,22)(13,24,32)(14,37,18)(16,33,20)(21,23,25)", "label": "( 1,38,31)( 2,39,27)( 3, 8,19)( 4,36,29)( 5,10,15)( 6,17, 7)( 9,26,34)\n(11,28,30)(12,35,22)(13,24,32)(14,37,18)(16,33,20)(21,23,25)", "shape": "dot", "size": 10}, {"id": "( 1,39,11)( 2,36,13)( 3,28,20)( 4,38, 9)( 5,24,22)( 6,16,29)( 7,26,18)\n( 8,12,31)(10,14,27)(15,19,17)(21,34,35)(23,30,37)(25,32,33)", "label": "( 1,39,11)( 2,36,13)( 3,28,20)( 4,38, 9)( 5,24,22)( 6,16,29)( 7,26,18)\n( 8,12,31)(10,14,27)(15,19,17)(21,34,35)(23,30,37)(25,32,33)", "shape": "dot", "size": 10}, {"id": "( 1, 4, 2)( 3,31,11)( 5,27,13)( 6,19,20)( 7,29, 9)( 8,15,22)(10,17,18)\n(12,34,38)(14,30,39)(16,32,36)(21,37,26)(23,33,28)(24,25,35)", "label": "( 1, 4, 2)( 3,31,11)( 5,27,13)( 6,19,20)( 7,29, 9)( 8,15,22)(10,17,18)\n(12,34,38)(14,30,39)(16,32,36)(21,37,26)(23,33,28)(24,25,35)", "shape": "dot", "size": 10}]);
        edges = new vis.DataSet([{"from": "( 1, 2, 4)( 3,11,31)( 5,13,27)( 6,20,19)( 7, 9,29)( 8,22,15)(10,18,17)\n(12,38,34)(14,39,30)(16,36,32)(21,26,37)(23,28,33)(24,35,25)", "to": "( 1, 3, 6, 9,12,15,18,21,24,27,30,33,36)( 2, 5, 8,11,14,17,20,23,26,29,32,35,\n 38)( 4, 7,10,13,16,19,22,25,28,31,34,37,39)", "weight": 1}, {"from": "( 1, 2, 4)( 3,11,31)( 5,13,27)( 6,20,19)( 7, 9,29)( 8,22,15)(10,18,17)\n(12,38,34)(14,39,30)(16,36,32)(21,26,37)(23,28,33)(24,35,25)", "to": "( 1, 5,16)( 2, 7,12)( 3,14, 4)( 6,23,31)( 8,25,27)( 9,32,19)(10,21,29)\n(11,34,15)(13,30,17)(18,20,22)(24,38,37)(26,39,33)(28,36,35)", "weight": 1}, {"from": "( 1, 2, 4)( 3,11,31)( 5,13,27)( 6,20,19)( 7, 9,29)( 8,22,15)(10,18,17)\n(12,38,34)(14,39,30)(16,36,32)(21,26,37)(23,28,33)(24,35,25)", "to": "( 1, 6,12,18,24,30,36, 3, 9,15,21,27,33)( 2, 8,14,20,26,32,38, 5,11,17,23,29,\n 35)( 4,10,16,22,28,34,39, 7,13,19,25,31,37)", "weight": 1}, {"from": "( 1, 2, 4)( 3,11,31)( 5,13,27)( 6,20,19)( 7, 9,29)( 8,22,15)(10,18,17)\n(12,38,34)(14,39,30)(16,36,32)(21,26,37)(23,28,33)(24,35,25)", "to": "( 1, 7,32)( 2, 3,34)( 4, 5,30)( 6,22,11)( 8,18,13)( 9,10,20)(12,37,29)\n(14,33,31)(15,25,38)(16,35,27)(17,21,39)(19,23,36)(24,28,26)", "weight": 1}, {"from": "( 1, 2, 4)( 3,11,31)( 5,13,27)( 6,20,19)( 7, 9,29)( 8,22,15)(10,18,17)\n(12,38,34)(14,39,30)(16,36,32)(21,26,37)(23,28,33)(24,35,25)", "to": "( 1, 8,28)( 2,10,24)( 3,17,16)( 4, 6,26)( 5,19,12)( 7,15,14)( 9,35,31)\n(11,37,27)(13,33,29)(18,23,34)(20,25,30)(21,32,22)(36,38,39)", "weight": 1}, {"from": "( 1, 2, 4)( 3,11,31)( 5,13,27)( 6,20,19)( 7, 9,29)( 8,22,15)(10,18,17)\n(12,38,34)(14,39,30)(16,36,32)(21,26,37)(23,28,33)(24,35,25)", "to": "( 1, 9,18,27,36, 6,15,24,33, 3,12,21,30)( 2,11,20,29,38, 8,17,26,35, 5,14,23,\n 32)( 4,13,22,31,39,10,19,28,37, 7,16,25,34)", "weight": 1}, {"from": "( 1, 2, 4)( 3,11,31)( 5,13,27)( 6,20,19)( 7, 9,29)( 8,22,15)(10,18,17)\n(12,38,34)(14,39,30)(16,36,32)(21,26,37)(23,28,33)(24,35,25)", "to": "( 1,10,23)( 2, 6,25)( 3,37,32)( 4, 8,21)( 5,33,34)( 7,35,30)( 9,13,11)\n(12,39,20)(14,36,22)(15,28,29)(16,38,18)(17,24,31)(19,26,27)", "weight": 1}, {"from": "( 1, 2, 4)( 3,11,31)( 5,13,27)( 6,20,19)( 7, 9,29)( 8,22,15)(10,18,17)\n(12,38,34)(14,39,30)(16,36,32)(21,26,37)(23,28,33)(24,35,25)", "to": "( 1,11,39)( 2,13,36)( 3,20,28)( 4, 9,38)( 5,22,24)( 6,29,16)( 7,18,26)\n( 8,31,12)(10,27,14)(15,17,19)(21,35,34)(23,37,30)(25,33,32)", "weight": 1}, {"from": "( 1, 2, 4)( 3,11,31)( 5,13,27)( 6,20,19)( 7, 9,29)( 8,22,15)(10,18,17)\n(12,38,34)(14,39,30)(16,36,32)(21,26,37)(23,28,33)(24,35,25)", "to": "( 1,12,24,36, 9,21,33, 6,18,30, 3,15,27)( 2,14,26,38,11,23,35, 8,20,32, 5,17,\n 29)( 4,16,28,39,13,25,37,10,22,34, 7,19,31)", "weight": 1}, {"from": "( 1, 2, 4)( 3,11,31)( 5,13,27)( 6,20,19)( 7, 9,29)( 8,22,15)(10,18,17)\n(12,38,34)(14,39,30)(16,36,32)(21,26,37)(23,28,33)(24,35,25)", "to": "( 1,13,14)( 2, 9,16)( 3,39,23)( 4,11,12)( 5,36,25)( 6,28,32)( 7,38,21)\n( 8,24,34)(10,26,30)(15,31,20)(17,27,22)(18,19,29)(33,37,35)", "weight": 1}, {"from": "( 1, 2, 4)( 3,11,31)( 5,13,27)( 6,20,19)( 7, 9,29)( 8,22,15)(10,18,17)\n(12,38,34)(14,39,30)(16,36,32)(21,26,37)(23,28,33)(24,35,25)", "to": "( 1,14,13)( 2,16, 9)( 3,23,39)( 4,12,11)( 5,25,36)( 6,32,28)( 7,21,38)\n( 8,34,24)(10,30,26)(15,20,31)(17,22,27)(18,29,19)(33,35,37)", "weight": 1}, {"from": "( 1, 2, 4)( 3,11,31)( 5,13,27)( 6,20,19)( 7, 9,29)( 8,22,15)(10,18,17)\n(12,38,34)(14,39,30)(16,36,32)(21,26,37)(23,28,33)(24,35,25)", "to": "( 1,15,30, 6,21,36,12,27, 3,18,33, 9,24)( 2,17,32, 8,23,38,14,29, 5,20,35,11,\n 26)( 4,19,34,10,25,39,16,31, 7,22,37,13,28)", "weight": 1}, {"from": "( 1, 2, 4)( 3,11,31)( 5,13,27)( 6,20,19)( 7, 9,29)( 8,22,15)(10,18,17)\n(12,38,34)(14,39,30)(16,36,32)(21,26,37)(23,28,33)(24,35,25)", "to": "( 1,16, 5)( 2,12, 7)( 3, 4,14)( 6,31,23)( 8,27,25)( 9,19,32)(10,29,21)\n(11,15,34)(13,17,30)(18,22,20)(24,37,38)(26,33,39)(28,35,36)", "weight": 1}, {"from": "( 1, 2, 4)( 3,11,31)( 5,13,27)( 6,20,19)( 7, 9,29)( 8,22,15)(10,18,17)\n(12,38,34)(14,39,30)(16,36,32)(21,26,37)(23,28,33)(24,35,25)", "to": "( 1,17,25)( 2,19,21)( 3,26,13)( 4,15,23)( 5,28, 9)( 6,35,39)( 7,24,11)\n( 8,37,36)(10,33,38)(12,14,16)(18,32,31)(20,34,27)(22,30,29)", "weight": 1}, {"from": "( 1, 2, 4)( 3,11,31)( 5,13,27)( 6,20,19)( 7, 9,29)( 8,22,15)(10,18,17)\n(12,38,34)(14,39,30)(16,36,32)(21,26,37)(23,28,33)(24,35,25)", "to": "( 1,18,36,15,33,12,30, 9,27, 6,24, 3,21)( 2,20,38,17,35,14,32,11,29, 8,26, 5,\n 23)( 4,22,39,19,37,16,34,13,31,10,28, 7,25)", "weight": 1}, {"from": "( 1, 2, 4)( 3,11,31)( 5,13,27)( 6,20,19)( 7, 9,29)( 8,22,15)(10,18,17)\n(12,38,34)(14,39,30)(16,36,32)(21,26,37)(23,28,33)(24,35,25)", "to": "( 1,19,35)( 2,15,37)( 3, 7, 5)( 4,17,33)( 6,34,14)( 8,30,16)( 9,22,23)\n(10,32,12)(11,18,25)(13,20,21)(24,39,29)(26,36,31)(27,28,38)", "weight": 1}, {"from": "( 1, 2, 4)( 3,11,31)( 5,13,27)( 6,20,19)( 7, 9,29)( 8,22,15)(10,18,17)\n(12,38,34)(14,39,30)(16,36,32)(21,26,37)(23,28,33)(24,35,25)", "to": "( 1,20,37)( 2,22,33)( 3,29,25)( 4,18,35)( 5,31,21)( 6,38,13)( 7,27,23)\n( 8,39, 9)(10,36,11)(12,17,28)(14,19,24)(15,26,16)(30,32,34)", "weight": 1}, {"from": "( 1, 2, 4)( 3,11,31)( 5,13,27)( 6,20,19)( 7, 9,29)( 8,22,15)(10,18,17)\n(12,38,34)(14,39,30)(16,36,32)(21,26,37)(23,28,33)(24,35,25)", "to": "( 1,21, 3,24, 6,27, 9,30,12,33,15,36,18)( 2,23, 5,26, 8,29,11,32,14,35,17,38,\n 20)( 4,25, 7,28,10,31,13,34,16,37,19,39,22)", "weight": 1}, {"from": "( 1, 2, 4)( 3,11,31)( 5,13,27)( 6,20,19)( 7, 9,29)( 8,22,15)(10,18,17)\n(12,38,34)(14,39,30)(16,36,32)(21,26,37)(23,28,33)(24,35,25)", "to": "( 1,22,26)( 2,18,28)( 3,10,35)( 4,20,24)( 5, 6,37)( 7, 8,33)( 9,25,14)\n(11,21,16)(12,13,23)(15,39,32)(17,36,34)(19,38,30)(27,31,29)", "weight": 1}, {"from": "( 1, 2, 4)( 3,11,31)( 5,13,27)( 6,20,19)( 7, 9,29)( 8,22,15)(10,18,17)\n(12,38,34)(14,39,30)(16,36,32)(21,26,37)(23,28,33)(24,35,25)", "to": "( 1,23,10)( 2,25, 6)( 3,32,37)( 4,21, 8)( 5,34,33)( 7,30,35)( 9,11,13)\n(12,20,39)(14,22,36)(15,29,28)(16,18,38)(17,31,24)(19,27,26)", "weight": 1}, {"from": "( 1, 2, 4)( 3,11,31)( 5,13,27)( 6,20,19)( 7, 9,29)( 8,22,15)(10,18,17)\n(12,38,34)(14,39,30)(16,36,32)(21,26,37)(23,28,33)(24,35,25)", "to": "( 1,24, 9,33,18, 3,27,12,36,21, 6,30,15)( 2,26,11,35,20, 5,29,14,38,23, 8,32,\n 17)( 4,28,13,37,22, 7,31,16,39,25,10,34,19)", "weight": 1}, {"from": "( 1, 2, 4)( 3,11,31)( 5,13,27)( 6,20,19)( 7, 9,29)( 8,22,15)(10,18,17)\n(12,38,34)(14,39,30)(16,36,32)(21,26,37)(23,28,33)(24,35,25)", "to": "( 1,25,17)( 2,21,19)( 3,13,26)( 4,23,15)( 5, 9,28)( 6,39,35)( 7,11,24)\n( 8,36,37)(10,38,33)(12,16,14)(18,31,32)(20,27,34)(22,29,30)", "weight": 1}, {"from": "( 1, 2, 4)( 3,11,31)( 5,13,27)( 6,20,19)( 7, 9,29)( 8,22,15)(10,18,17)\n(12,38,34)(14,39,30)(16,36,32)(21,26,37)(23,28,33)(24,35,25)", "to": "( 1,26,22)( 2,28,18)( 3,35,10)( 4,24,20)( 5,37, 6)( 7,33, 8)( 9,14,25)\n(11,16,21)(12,23,13)(15,32,39)(17,34,36)(19,30,38)(27,29,31)", "weight": 1}, {"from": "( 1, 2, 4)( 3,11,31)( 5,13,27)( 6,20,19)( 7, 9,29)( 8,22,15)(10,18,17)\n(12,38,34)(14,39,30)(16,36,32)(21,26,37)(23,28,33)(24,35,25)", "to": "( 1,27,15, 3,30,18, 6,33,21, 9,36,24,12)( 2,29,17, 5,32,20, 8,35,23,11,38,26,\n 14)( 4,31,19, 7,34,22,10,37,25,13,39,28,16)", "weight": 1}, {"from": "( 1, 2, 4)( 3,11,31)( 5,13,27)( 6,20,19)( 7, 9,29)( 8,22,15)(10,18,17)\n(12,38,34)(14,39,30)(16,36,32)(21,26,37)(23,28,33)(24,35,25)", "to": "( 1,28, 8)( 2,24,10)( 3,16,17)( 4,26, 6)( 5,12,19)( 7,14,15)( 9,31,35)\n(11,27,37)(13,29,33)(18,34,23)(20,30,25)(21,22,32)(36,39,38)", "weight": 1}, {"from": "( 1, 2, 4)( 3,11,31)( 5,13,27)( 6,20,19)( 7, 9,29)( 8,22,15)(10,18,17)\n(12,38,34)(14,39,30)(16,36,32)(21,26,37)(23,28,33)(24,35,25)", "to": "( 1,29,34)( 2,31,30)( 3,38,22)( 4,27,32)( 5,39,18)( 6, 8,10)( 7,36,20)\n( 9,17,37)(11,19,33)(12,26,25)(13,15,35)(14,28,21)(16,24,23)", "weight": 1}, {"from": "( 1, 2, 4)( 3,11,31)( 5,13,27)( 6,20,19)( 7, 9,29)( 8,22,15)(10,18,17)\n(12,38,34)(14,39,30)(16,36,32)(21,26,37)(23,28,33)(24,35,25)", "to": "( 1,30,21,12, 3,33,24,15, 6,36,27,18, 9)( 2,32,23,14, 5,35,26,17, 8,38,29,20,\n 11)( 4,34,25,16, 7,37,28,19,10,39,31,22,13)", "weight": 1}, {"from": "( 1, 2, 4)( 3,11,31)( 5,13,27)( 6,20,19)( 7, 9,29)( 8,22,15)(10,18,17)\n(12,38,34)(14,39,30)(16,36,32)(21,26,37)(23,28,33)(24,35,25)", "to": "( 1,31,38)( 2,27,39)( 3,19, 8)( 4,29,36)( 5,15,10)( 6, 7,17)( 9,34,26)\n(11,30,28)(12,22,35)(13,32,24)(14,18,37)(16,20,33)(21,25,23)", "weight": 1}, {"from": "( 1, 2, 4)( 3,11,31)( 5,13,27)( 6,20,19)( 7, 9,29)( 8,22,15)(10,18,17)\n(12,38,34)(14,39,30)(16,36,32)(21,26,37)(23,28,33)(24,35,25)", "to": "( 1,32, 7)( 2,34, 3)( 4,30, 5)( 6,11,22)( 8,13,18)( 9,20,10)(12,29,37)\n(14,31,33)(15,38,25)(16,27,35)(17,39,21)(19,36,23)(24,26,28)", "weight": 1}, {"from": "( 1, 2, 4)( 3,11,31)( 5,13,27)( 6,20,19)( 7, 9,29)( 8,22,15)(10,18,17)\n(12,38,34)(14,39,30)(16,36,32)(21,26,37)(23,28,33)(24,35,25)", "to": "( 1,33,27,21,15, 9, 3,36,30,24,18,12, 6)( 2,35,29,23,17,11, 5,38,32,26,20,14,\n  8)( 4,37,31,25,19,13, 7,39,34,28,22,16,10)", "weight": 1}, {"from": "( 1, 2, 4)( 3,11,31)( 5,13,27)( 6,20,19)( 7, 9,29)( 8,22,15)(10,18,17)\n(12,38,34)(14,39,30)(16,36,32)(21,26,37)(23,28,33)(24,35,25)", "to": "( 1,34,29)( 2,30,31)( 3,22,38)( 4,32,27)( 5,18,39)( 6,10, 8)( 7,20,36)\n( 9,37,17)(11,33,19)(12,25,26)(13,35,15)(14,21,28)(16,23,24)", "weight": 1}, {"from": "( 1, 2, 4)( 3,11,31)( 5,13,27)( 6,20,19)( 7, 9,29)( 8,22,15)(10,18,17)\n(12,38,34)(14,39,30)(16,36,32)(21,26,37)(23,28,33)(24,35,25)", "to": "( 1,35,19)( 2,37,15)( 3, 5, 7)( 4,33,17)( 6,14,34)( 8,16,30)( 9,23,22)\n(10,12,32)(11,25,18)(13,21,20)(24,29,39)(26,31,36)(27,38,28)", "weight": 1}, {"from": "( 1, 2, 4)( 3,11,31)( 5,13,27)( 6,20,19)( 7, 9,29)( 8,22,15)(10,18,17)\n(12,38,34)(14,39,30)(16,36,32)(21,26,37)(23,28,33)(24,35,25)", "to": "( 1,36,33,30,27,24,21,18,15,12, 9, 6, 3)( 2,38,35,32,29,26,23,20,17,14,11, 8,\n  5)( 4,39,37,34,31,28,25,22,19,16,13,10, 7)", "weight": 1}, {"from": "( 1, 2, 4)( 3,11,31)( 5,13,27)( 6,20,19)( 7, 9,29)( 8,22,15)(10,18,17)\n(12,38,34)(14,39,30)(16,36,32)(21,26,37)(23,28,33)(24,35,25)", "to": "( 1,37,20)( 2,33,22)( 3,25,29)( 4,35,18)( 5,21,31)( 6,13,38)( 7,23,27)\n( 8, 9,39)(10,11,36)(12,28,17)(14,24,19)(15,16,26)(30,34,32)", "weight": 1}, {"from": "( 1, 2, 4)( 3,11,31)( 5,13,27)( 6,20,19)( 7, 9,29)( 8,22,15)(10,18,17)\n(12,38,34)(14,39,30)(16,36,32)(21,26,37)(23,28,33)(24,35,25)", "to": "( 1,38,31)( 2,39,27)( 3, 8,19)( 4,36,29)( 5,10,15)( 6,17, 7)( 9,26,34)\n(11,28,30)(12,35,22)(13,24,32)(14,37,18)(16,33,20)(21,23,25)", "weight": 1}, {"from": "( 1, 2, 4)( 3,11,31)( 5,13,27)( 6,20,19)( 7, 9,29)( 8,22,15)(10,18,17)\n(12,38,34)(14,39,30)(16,36,32)(21,26,37)(23,28,33)(24,35,25)", "to": "( 1,39,11)( 2,36,13)( 3,28,20)( 4,38, 9)( 5,24,22)( 6,16,29)( 7,26,18)\n( 8,12,31)(10,14,27)(15,19,17)(21,34,35)(23,30,37)(25,32,33)", "weight": 1}, {"from": "( 1, 3, 6, 9,12,15,18,21,24,27,30,33,36)( 2, 5, 8,11,14,17,20,23,26,29,32,35,\n 38)( 4, 7,10,13,16,19,22,25,28,31,34,37,39)", "to": "( 1, 4, 2)( 3,31,11)( 5,27,13)( 6,19,20)( 7,29, 9)( 8,15,22)(10,17,18)\n(12,34,38)(14,30,39)(16,32,36)(21,37,26)(23,33,28)(24,25,35)", "weight": 1}, {"from": "( 1, 3, 6, 9,12,15,18,21,24,27,30,33,36)( 2, 5, 8,11,14,17,20,23,26,29,32,35,\n 38)( 4, 7,10,13,16,19,22,25,28,31,34,37,39)", "to": "( 1, 5,16)( 2, 7,12)( 3,14, 4)( 6,23,31)( 8,25,27)( 9,32,19)(10,21,29)\n(11,34,15)(13,30,17)(18,20,22)(24,38,37)(26,39,33)(28,36,35)", "weight": 1}, {"from": "( 1, 3, 6, 9,12,15,18,21,24,27,30,33,36)( 2, 5, 8,11,14,17,20,23,26,29,32,35,\n 38)( 4, 7,10,13,16,19,22,25,28,31,34,37,39)", "to": "( 1, 7,32)( 2, 3,34)( 4, 5,30)( 6,22,11)( 8,18,13)( 9,10,20)(12,37,29)\n(14,33,31)(15,25,38)(16,35,27)(17,21,39)(19,23,36)(24,28,26)", "weight": 1}, {"from": "( 1, 3, 6, 9,12,15,18,21,24,27,30,33,36)( 2, 5, 8,11,14,17,20,23,26,29,32,35,\n 38)( 4, 7,10,13,16,19,22,25,28,31,34,37,39)", "to": "( 1, 8,28)( 2,10,24)( 3,17,16)( 4, 6,26)( 5,19,12)( 7,15,14)( 9,35,31)\n(11,37,27)(13,33,29)(18,23,34)(20,25,30)(21,32,22)(36,38,39)", "weight": 1}, {"from": "( 1, 3, 6, 9,12,15,18,21,24,27,30,33,36)( 2, 5, 8,11,14,17,20,23,26,29,32,35,\n 38)( 4, 7,10,13,16,19,22,25,28,31,34,37,39)", "to": "( 1,10,23)( 2, 6,25)( 3,37,32)( 4, 8,21)( 5,33,34)( 7,35,30)( 9,13,11)\n(12,39,20)(14,36,22)(15,28,29)(16,38,18)(17,24,31)(19,26,27)", "weight": 1}, {"from": "( 1, 3, 6, 9,12,15,18,21,24,27,30,33,36)( 2, 5, 8,11,14,17,20,23,26,29,32,35,\n 38)( 4, 7,10,13,16,19,22,25,28,31,34,37,39)", "to": "( 1,11,39)( 2,13,36)( 3,20,28)( 4, 9,38)( 5,22,24)( 6,29,16)( 7,18,26)\n( 8,31,12)(10,27,14)(15,17,19)(21,35,34)(23,37,30)(25,33,32)", "weight": 1}, {"from": "( 1, 3, 6, 9,12,15,18,21,24,27,30,33,36)( 2, 5, 8,11,14,17,20,23,26,29,32,35,\n 38)( 4, 7,10,13,16,19,22,25,28,31,34,37,39)", "to": "( 1,13,14)( 2, 9,16)( 3,39,23)( 4,11,12)( 5,36,25)( 6,28,32)( 7,38,21)\n( 8,24,34)(10,26,30)(15,31,20)(17,27,22)(18,19,29)(33,37,35)", "weight": 1}, {"from": "( 1, 3, 6, 9,12,15,18,21,24,27,30,33,36)( 2, 5, 8,11,14,17,20,23,26,29,32,35,\n 38)( 4, 7,10,13,16,19,22,25,28,31,34,37,39)", "to": "( 1,14,13)( 2,16, 9)( 3,23,39)( 4,12,11)( 5,25,36)( 6,32,28)( 7,21,38)\n( 8,34,24)(10,30,26)(15,20,31)(17,22,27)(18,29,19)(33,35,37)", "weight": 1}, {"from": "( 1, 3, 6, 9,12,15,18,21,24,27,30,33,36)( 2, 5, 8,11,14,17,20,23,26,29,32,35,\n 38)( 4, 7,10,13,16,19,22,25,28,31,34,37,39)", "to": "( 1,16, 5)( 2,12, 7)( 3, 4,14)( 6,31,23)( 8,27,25)( 9,19,32)(10,29,21)\n(11,15,34)(13,17,30)(18,22,20)(24,37,38)(26,33,39)(28,35,36)", "weight": 1}, {"from": "( 1, 3, 6, 9,12,15,18,21,24,27,30,33,36)( 2, 5, 8,11,14,17,20,23,26,29,32,35,\n 38)( 4, 7,10,13,16,19,22,25,28,31,34,37,39)", "to": "( 1,17,25)( 2,19,21)( 3,26,13)( 4,15,23)( 5,28, 9)( 6,35,39)( 7,24,11)\n( 8,37,36)(10,33,38)(12,14,16)(18,32,31)(20,34,27)(22,30,29)", "weight": 1}, {"from": "( 1, 3, 6, 9,12,15,18,21,24,27,30,33,36)( 2, 5, 8,11,14,17,20,23,26,29,32,35,\n 38)( 4, 7,10,13,16,19,22,25,28,31,34,37,39)", "to": "( 1,19,35)( 2,15,37)( 3, 7, 5)( 4,17,33)( 6,34,14)( 8,30,16)( 9,22,23)\n(10,32,12)(11,18,25)(13,20,21)(24,39,29)(26,36,31)(27,28,38)", "weight": 1}, {"from": "( 1, 3, 6, 9,12,15,18,21,24,27,30,33,36)( 2, 5, 8,11,14,17,20,23,26,29,32,35,\n 38)( 4, 7,10,13,16,19,22,25,28,31,34,37,39)", "to": "( 1,20,37)( 2,22,33)( 3,29,25)( 4,18,35)( 5,31,21)( 6,38,13)( 7,27,23)\n( 8,39, 9)(10,36,11)(12,17,28)(14,19,24)(15,26,16)(30,32,34)", "weight": 1}, {"from": "( 1, 3, 6, 9,12,15,18,21,24,27,30,33,36)( 2, 5, 8,11,14,17,20,23,26,29,32,35,\n 38)( 4, 7,10,13,16,19,22,25,28,31,34,37,39)", "to": "( 1,22,26)( 2,18,28)( 3,10,35)( 4,20,24)( 5, 6,37)( 7, 8,33)( 9,25,14)\n(11,21,16)(12,13,23)(15,39,32)(17,36,34)(19,38,30)(27,31,29)", "weight": 1}, {"from": "( 1, 3, 6, 9,12,15,18,21,24,27,30,33,36)( 2, 5, 8,11,14,17,20,23,26,29,32,35,\n 38)( 4, 7,10,13,16,19,22,25,28,31,34,37,39)", "to": "( 1,23,10)( 2,25, 6)( 3,32,37)( 4,21, 8)( 5,34,33)( 7,30,35)( 9,11,13)\n(12,20,39)(14,22,36)(15,29,28)(16,18,38)(17,31,24)(19,27,26)", "weight": 1}, {"from": "( 1, 3, 6, 9,12,15,18,21,24,27,30,33,36)( 2, 5, 8,11,14,17,20,23,26,29,32,35,\n 38)( 4, 7,10,13,16,19,22,25,28,31,34,37,39)", "to": "( 1,25,17)( 2,21,19)( 3,13,26)( 4,23,15)( 5, 9,28)( 6,39,35)( 7,11,24)\n( 8,36,37)(10,38,33)(12,16,14)(18,31,32)(20,27,34)(22,29,30)", "weight": 1}, {"from": "( 1, 3, 6, 9,12,15,18,21,24,27,30,33,36)( 2, 5, 8,11,14,17,20,23,26,29,32,35,\n 38)( 4, 7,10,13,16,19,22,25,28,31,34,37,39)", "to": "( 1,26,22)( 2,28,18)( 3,35,10)( 4,24,20)( 5,37, 6)( 7,33, 8)( 9,14,25)\n(11,16,21)(12,23,13)(15,32,39)(17,34,36)(19,30,38)(27,29,31)", "weight": 1}, {"from": "( 1, 3, 6, 9,12,15,18,21,24,27,30,33,36)( 2, 5, 8,11,14,17,20,23,26,29,32,35,\n 38)( 4, 7,10,13,16,19,22,25,28,31,34,37,39)", "to": "( 1,28, 8)( 2,24,10)( 3,16,17)( 4,26, 6)( 5,12,19)( 7,14,15)( 9,31,35)\n(11,27,37)(13,29,33)(18,34,23)(20,30,25)(21,22,32)(36,39,38)", "weight": 1}, {"from": "( 1, 3, 6, 9,12,15,18,21,24,27,30,33,36)( 2, 5, 8,11,14,17,20,23,26,29,32,35,\n 38)( 4, 7,10,13,16,19,22,25,28,31,34,37,39)", "to": "( 1,29,34)( 2,31,30)( 3,38,22)( 4,27,32)( 5,39,18)( 6, 8,10)( 7,36,20)\n( 9,17,37)(11,19,33)(12,26,25)(13,15,35)(14,28,21)(16,24,23)", "weight": 1}, {"from": "( 1, 3, 6, 9,12,15,18,21,24,27,30,33,36)( 2, 5, 8,11,14,17,20,23,26,29,32,35,\n 38)( 4, 7,10,13,16,19,22,25,28,31,34,37,39)", "to": "( 1,31,38)( 2,27,39)( 3,19, 8)( 4,29,36)( 5,15,10)( 6, 7,17)( 9,34,26)\n(11,30,28)(12,22,35)(13,32,24)(14,18,37)(16,20,33)(21,25,23)", "weight": 1}, {"from": "( 1, 3, 6, 9,12,15,18,21,24,27,30,33,36)( 2, 5, 8,11,14,17,20,23,26,29,32,35,\n 38)( 4, 7,10,13,16,19,22,25,28,31,34,37,39)", "to": "( 1,32, 7)( 2,34, 3)( 4,30, 5)( 6,11,22)( 8,13,18)( 9,20,10)(12,29,37)\n(14,31,33)(15,38,25)(16,27,35)(17,39,21)(19,36,23)(24,26,28)", "weight": 1}, {"from": "( 1, 3, 6, 9,12,15,18,21,24,27,30,33,36)( 2, 5, 8,11,14,17,20,23,26,29,32,35,\n 38)( 4, 7,10,13,16,19,22,25,28,31,34,37,39)", "to": "( 1,34,29)( 2,30,31)( 3,22,38)( 4,32,27)( 5,18,39)( 6,10, 8)( 7,20,36)\n( 9,37,17)(11,33,19)(12,25,26)(13,35,15)(14,21,28)(16,23,24)", "weight": 1}, {"from": "( 1, 3, 6, 9,12,15,18,21,24,27,30,33,36)( 2, 5, 8,11,14,17,20,23,26,29,32,35,\n 38)( 4, 7,10,13,16,19,22,25,28,31,34,37,39)", "to": "( 1,35,19)( 2,37,15)( 3, 5, 7)( 4,33,17)( 6,14,34)( 8,16,30)( 9,23,22)\n(10,12,32)(11,25,18)(13,21,20)(24,29,39)(26,31,36)(27,38,28)", "weight": 1}, {"from": "( 1, 3, 6, 9,12,15,18,21,24,27,30,33,36)( 2, 5, 8,11,14,17,20,23,26,29,32,35,\n 38)( 4, 7,10,13,16,19,22,25,28,31,34,37,39)", "to": "( 1,37,20)( 2,33,22)( 3,25,29)( 4,35,18)( 5,21,31)( 6,13,38)( 7,23,27)\n( 8, 9,39)(10,11,36)(12,28,17)(14,24,19)(15,16,26)(30,34,32)", "weight": 1}, {"from": "( 1, 3, 6, 9,12,15,18,21,24,27,30,33,36)( 2, 5, 8,11,14,17,20,23,26,29,32,35,\n 38)( 4, 7,10,13,16,19,22,25,28,31,34,37,39)", "to": "( 1,38,31)( 2,39,27)( 3, 8,19)( 4,36,29)( 5,10,15)( 6,17, 7)( 9,26,34)\n(11,28,30)(12,35,22)(13,24,32)(14,37,18)(16,33,20)(21,23,25)", "weight": 1}, {"from": "( 1, 3, 6, 9,12,15,18,21,24,27,30,33,36)( 2, 5, 8,11,14,17,20,23,26,29,32,35,\n 38)( 4, 7,10,13,16,19,22,25,28,31,34,37,39)", "to": "( 1,39,11)( 2,36,13)( 3,28,20)( 4,38, 9)( 5,24,22)( 6,16,29)( 7,26,18)\n( 8,12,31)(10,14,27)(15,19,17)(21,34,35)(23,30,37)(25,32,33)", "weight": 1}, {"from": "( 1, 5,16)( 2, 7,12)( 3,14, 4)( 6,23,31)( 8,25,27)( 9,32,19)(10,21,29)\n(11,34,15)(13,30,17)(18,20,22)(24,38,37)(26,39,33)(28,36,35)", "to": "( 1, 4, 2)( 3,31,11)( 5,27,13)( 6,19,20)( 7,29, 9)( 8,15,22)(10,17,18)\n(12,34,38)(14,30,39)(16,32,36)(21,37,26)(23,33,28)(24,25,35)", "weight": 1}, {"from": "( 1, 5,16)( 2, 7,12)( 3,14, 4)( 6,23,31)( 8,25,27)( 9,32,19)(10,21,29)\n(11,34,15)(13,30,17)(18,20,22)(24,38,37)(26,39,33)(28,36,35)", "to": "( 1, 6,12,18,24,30,36, 3, 9,15,21,27,33)( 2, 8,14,20,26,32,38, 5,11,17,23,29,\n 35)( 4,10,16,22,28,34,39, 7,13,19,25,31,37)", "weight": 1}, {"from": "( 1, 5,16)( 2, 7,12)( 3,14, 4)( 6,23,31)( 8,25,27)( 9,32,19)(10,21,29)\n(11,34,15)(13,30,17)(18,20,22)(24,38,37)(26,39,33)(28,36,35)", "to": "( 1, 7,32)( 2, 3,34)( 4, 5,30)( 6,22,11)( 8,18,13)( 9,10,20)(12,37,29)\n(14,33,31)(15,25,38)(16,35,27)(17,21,39)(19,23,36)(24,28,26)", "weight": 1}, {"from": "( 1, 5,16)( 2, 7,12)( 3,14, 4)( 6,23,31)( 8,25,27)( 9,32,19)(10,21,29)\n(11,34,15)(13,30,17)(18,20,22)(24,38,37)(26,39,33)(28,36,35)", "to": "( 1, 8,28)( 2,10,24)( 3,17,16)( 4, 6,26)( 5,19,12)( 7,15,14)( 9,35,31)\n(11,37,27)(13,33,29)(18,23,34)(20,25,30)(21,32,22)(36,38,39)", "weight": 1}, {"from": "( 1, 5,16)( 2, 7,12)( 3,14, 4)( 6,23,31)( 8,25,27)( 9,32,19)(10,21,29)\n(11,34,15)(13,30,17)(18,20,22)(24,38,37)(26,39,33)(28,36,35)", "to": "( 1, 9,18,27,36, 6,15,24,33, 3,12,21,30)( 2,11,20,29,38, 8,17,26,35, 5,14,23,\n 32)( 4,13,22,31,39,10,19,28,37, 7,16,25,34)", "weight": 1}, {"from": "( 1, 5,16)( 2, 7,12)( 3,14, 4)( 6,23,31)( 8,25,27)( 9,32,19)(10,21,29)\n(11,34,15)(13,30,17)(18,20,22)(24,38,37)(26,39,33)(28,36,35)", "to": "( 1,10,23)( 2, 6,25)( 3,37,32)( 4, 8,21)( 5,33,34)( 7,35,30)( 9,13,11)\n(12,39,20)(14,36,22)(15,28,29)(16,38,18)(17,24,31)(19,26,27)", "weight": 1}, {"from": "( 1, 5,16)( 2, 7,12)( 3,14, 4)( 6,23,31)( 8,25,27)( 9,32,19)(10,21,29)\n(11,34,15)(13,30,17)(18,20,22)(24,38,37)(26,39,33)(28,36,35)", "to": "( 1,11,39)( 2,13,36)( 3,20,28)( 4, 9,38)( 5,22,24)( 6,29,16)( 7,18,26)\n( 8,31,12)(10,27,14)(15,17,19)(21,35,34)(23,37,30)(25,33,32)", "weight": 1}, {"from": "( 1, 5,16)( 2, 7,12)( 3,14, 4)( 6,23,31)( 8,25,27)( 9,32,19)(10,21,29)\n(11,34,15)(13,30,17)(18,20,22)(24,38,37)(26,39,33)(28,36,35)", "to": "( 1,12,24,36, 9,21,33, 6,18,30, 3,15,27)( 2,14,26,38,11,23,35, 8,20,32, 5,17,\n 29)( 4,16,28,39,13,25,37,10,22,34, 7,19,31)", "weight": 1}, {"from": "( 1, 5,16)( 2, 7,12)( 3,14, 4)( 6,23,31)( 8,25,27)( 9,32,19)(10,21,29)\n(11,34,15)(13,30,17)(18,20,22)(24,38,37)(26,39,33)(28,36,35)", "to": "( 1,13,14)( 2, 9,16)( 3,39,23)( 4,11,12)( 5,36,25)( 6,28,32)( 7,38,21)\n( 8,24,34)(10,26,30)(15,31,20)(17,27,22)(18,19,29)(33,37,35)", "weight": 1}, {"from": "( 1, 5,16)( 2, 7,12)( 3,14, 4)( 6,23,31)( 8,25,27)( 9,32,19)(10,21,29)\n(11,34,15)(13,30,17)(18,20,22)(24,38,37)(26,39,33)(28,36,35)", "to": "( 1,14,13)( 2,16, 9)( 3,23,39)( 4,12,11)( 5,25,36)( 6,32,28)( 7,21,38)\n( 8,34,24)(10,30,26)(15,20,31)(17,22,27)(18,29,19)(33,35,37)", "weight": 1}, {"from": "( 1, 5,16)( 2, 7,12)( 3,14, 4)( 6,23,31)( 8,25,27)( 9,32,19)(10,21,29)\n(11,34,15)(13,30,17)(18,20,22)(24,38,37)(26,39,33)(28,36,35)", "to": "( 1,15,30, 6,21,36,12,27, 3,18,33, 9,24)( 2,17,32, 8,23,38,14,29, 5,20,35,11,\n 26)( 4,19,34,10,25,39,16,31, 7,22,37,13,28)", "weight": 1}, {"from": "( 1, 5,16)( 2, 7,12)( 3,14, 4)( 6,23,31)( 8,25,27)( 9,32,19)(10,21,29)\n(11,34,15)(13,30,17)(18,20,22)(24,38,37)(26,39,33)(28,36,35)", "to": "( 1,17,25)( 2,19,21)( 3,26,13)( 4,15,23)( 5,28, 9)( 6,35,39)( 7,24,11)\n( 8,37,36)(10,33,38)(12,14,16)(18,32,31)(20,34,27)(22,30,29)", "weight": 1}, {"from": "( 1, 5,16)( 2, 7,12)( 3,14, 4)( 6,23,31)( 8,25,27)( 9,32,19)(10,21,29)\n(11,34,15)(13,30,17)(18,20,22)(24,38,37)(26,39,33)(28,36,35)", "to": "( 1,18,36,15,33,12,30, 9,27, 6,24, 3,21)( 2,20,38,17,35,14,32,11,29, 8,26, 5,\n 23)( 4,22,39,19,37,16,34,13,31,10,28, 7,25)", "weight": 1}, {"from": "( 1, 5,16)( 2, 7,12)( 3,14, 4)( 6,23,31)( 8,25,27)( 9,32,19)(10,21,29)\n(11,34,15)(13,30,17)(18,20,22)(24,38,37)(26,39,33)(28,36,35)", "to": "( 1,19,35)( 2,15,37)( 3, 7, 5)( 4,17,33)( 6,34,14)( 8,30,16)( 9,22,23)\n(10,32,12)(11,18,25)(13,20,21)(24,39,29)(26,36,31)(27,28,38)", "weight": 1}, {"from": "( 1, 5,16)( 2, 7,12)( 3,14, 4)( 6,23,31)( 8,25,27)( 9,32,19)(10,21,29)\n(11,34,15)(13,30,17)(18,20,22)(24,38,37)(26,39,33)(28,36,35)", "to": "( 1,20,37)( 2,22,33)( 3,29,25)( 4,18,35)( 5,31,21)( 6,38,13)( 7,27,23)\n( 8,39, 9)(10,36,11)(12,17,28)(14,19,24)(15,26,16)(30,32,34)", "weight": 1}, {"from": "( 1, 5,16)( 2, 7,12)( 3,14, 4)( 6,23,31)( 8,25,27)( 9,32,19)(10,21,29)\n(11,34,15)(13,30,17)(18,20,22)(24,38,37)(26,39,33)(28,36,35)", "to": "( 1,21, 3,24, 6,27, 9,30,12,33,15,36,18)( 2,23, 5,26, 8,29,11,32,14,35,17,38,\n 20)( 4,25, 7,28,10,31,13,34,16,37,19,39,22)", "weight": 1}, {"from": "( 1, 5,16)( 2, 7,12)( 3,14, 4)( 6,23,31)( 8,25,27)( 9,32,19)(10,21,29)\n(11,34,15)(13,30,17)(18,20,22)(24,38,37)(26,39,33)(28,36,35)", "to": "( 1,22,26)( 2,18,28)( 3,10,35)( 4,20,24)( 5, 6,37)( 7, 8,33)( 9,25,14)\n(11,21,16)(12,13,23)(15,39,32)(17,36,34)(19,38,30)(27,31,29)", "weight": 1}, {"from": "( 1, 5,16)( 2, 7,12)( 3,14, 4)( 6,23,31)( 8,25,27)( 9,32,19)(10,21,29)\n(11,34,15)(13,30,17)(18,20,22)(24,38,37)(26,39,33)(28,36,35)", "to": "( 1,23,10)( 2,25, 6)( 3,32,37)( 4,21, 8)( 5,34,33)( 7,30,35)( 9,11,13)\n(12,20,39)(14,22,36)(15,29,28)(16,18,38)(17,31,24)(19,27,26)", "weight": 1}, {"from": "( 1, 5,16)( 2, 7,12)( 3,14, 4)( 6,23,31)( 8,25,27)( 9,32,19)(10,21,29)\n(11,34,15)(13,30,17)(18,20,22)(24,38,37)(26,39,33)(28,36,35)", "to": "( 1,24, 9,33,18, 3,27,12,36,21, 6,30,15)( 2,26,11,35,20, 5,29,14,38,23, 8,32,\n 17)( 4,28,13,37,22, 7,31,16,39,25,10,34,19)", "weight": 1}, {"from": "( 1, 5,16)( 2, 7,12)( 3,14, 4)( 6,23,31)( 8,25,27)( 9,32,19)(10,21,29)\n(11,34,15)(13,30,17)(18,20,22)(24,38,37)(26,39,33)(28,36,35)", "to": "( 1,25,17)( 2,21,19)( 3,13,26)( 4,23,15)( 5, 9,28)( 6,39,35)( 7,11,24)\n( 8,36,37)(10,38,33)(12,16,14)(18,31,32)(20,27,34)(22,29,30)", "weight": 1}, {"from": "( 1, 5,16)( 2, 7,12)( 3,14, 4)( 6,23,31)( 8,25,27)( 9,32,19)(10,21,29)\n(11,34,15)(13,30,17)(18,20,22)(24,38,37)(26,39,33)(28,36,35)", "to": "( 1,26,22)( 2,28,18)( 3,35,10)( 4,24,20)( 5,37, 6)( 7,33, 8)( 9,14,25)\n(11,16,21)(12,23,13)(15,32,39)(17,34,36)(19,30,38)(27,29,31)", "weight": 1}, {"from": "( 1, 5,16)( 2, 7,12)( 3,14, 4)( 6,23,31)( 8,25,27)( 9,32,19)(10,21,29)\n(11,34,15)(13,30,17)(18,20,22)(24,38,37)(26,39,33)(28,36,35)", "to": "( 1,27,15, 3,30,18, 6,33,21, 9,36,24,12)( 2,29,17, 5,32,20, 8,35,23,11,38,26,\n 14)( 4,31,19, 7,34,22,10,37,25,13,39,28,16)", "weight": 1}, {"from": "( 1, 5,16)( 2, 7,12)( 3,14, 4)( 6,23,31)( 8,25,27)( 9,32,19)(10,21,29)\n(11,34,15)(13,30,17)(18,20,22)(24,38,37)(26,39,33)(28,36,35)", "to": "( 1,28, 8)( 2,24,10)( 3,16,17)( 4,26, 6)( 5,12,19)( 7,14,15)( 9,31,35)\n(11,27,37)(13,29,33)(18,34,23)(20,30,25)(21,22,32)(36,39,38)", "weight": 1}, {"from": "( 1, 5,16)( 2, 7,12)( 3,14, 4)( 6,23,31)( 8,25,27)( 9,32,19)(10,21,29)\n(11,34,15)(13,30,17)(18,20,22)(24,38,37)(26,39,33)(28,36,35)", "to": "( 1,29,34)( 2,31,30)( 3,38,22)( 4,27,32)( 5,39,18)( 6, 8,10)( 7,36,20)\n( 9,17,37)(11,19,33)(12,26,25)(13,15,35)(14,28,21)(16,24,23)", "weight": 1}, {"from": "( 1, 5,16)( 2, 7,12)( 3,14, 4)( 6,23,31)( 8,25,27)( 9,32,19)(10,21,29)\n(11,34,15)(13,30,17)(18,20,22)(24,38,37)(26,39,33)(28,36,35)", "to": "( 1,30,21,12, 3,33,24,15, 6,36,27,18, 9)( 2,32,23,14, 5,35,26,17, 8,38,29,20,\n 11)( 4,34,25,16, 7,37,28,19,10,39,31,22,13)", "weight": 1}, {"from": "( 1, 5,16)( 2, 7,12)( 3,14, 4)( 6,23,31)( 8,25,27)( 9,32,19)(10,21,29)\n(11,34,15)(13,30,17)(18,20,22)(24,38,37)(26,39,33)(28,36,35)", "to": "( 1,31,38)( 2,27,39)( 3,19, 8)( 4,29,36)( 5,15,10)( 6, 7,17)( 9,34,26)\n(11,30,28)(12,22,35)(13,32,24)(14,18,37)(16,20,33)(21,25,23)", "weight": 1}, {"from": "( 1, 5,16)( 2, 7,12)( 3,14, 4)( 6,23,31)( 8,25,27)( 9,32,19)(10,21,29)\n(11,34,15)(13,30,17)(18,20,22)(24,38,37)(26,39,33)(28,36,35)", "to": "( 1,32, 7)( 2,34, 3)( 4,30, 5)( 6,11,22)( 8,13,18)( 9,20,10)(12,29,37)\n(14,31,33)(15,38,25)(16,27,35)(17,39,21)(19,36,23)(24,26,28)", "weight": 1}, {"from": "( 1, 5,16)( 2, 7,12)( 3,14, 4)( 6,23,31)( 8,25,27)( 9,32,19)(10,21,29)\n(11,34,15)(13,30,17)(18,20,22)(24,38,37)(26,39,33)(28,36,35)", "to": "( 1,33,27,21,15, 9, 3,36,30,24,18,12, 6)( 2,35,29,23,17,11, 5,38,32,26,20,14,\n  8)( 4,37,31,25,19,13, 7,39,34,28,22,16,10)", "weight": 1}, {"from": "( 1, 5,16)( 2, 7,12)( 3,14, 4)( 6,23,31)( 8,25,27)( 9,32,19)(10,21,29)\n(11,34,15)(13,30,17)(18,20,22)(24,38,37)(26,39,33)(28,36,35)", "to": "( 1,34,29)( 2,30,31)( 3,22,38)( 4,32,27)( 5,18,39)( 6,10, 8)( 7,20,36)\n( 9,37,17)(11,33,19)(12,25,26)(13,35,15)(14,21,28)(16,23,24)", "weight": 1}, {"from": "( 1, 5,16)( 2, 7,12)( 3,14, 4)( 6,23,31)( 8,25,27)( 9,32,19)(10,21,29)\n(11,34,15)(13,