<html>
<head>
<link rel="stylesheet" href="https://cdnjs.cloudflare.com/ajax/libs/vis/4.16.1/vis.css" type="text/css" />
<script type="text/javascript" src="https://cdnjs.cloudflare.com/ajax/libs/vis/4.16.1/vis-network.min.js"> </script>
<center>
<h1></h1>
</center>

<!-- <link rel="stylesheet" href="../node_modules/vis/dist/vis.min.css" type="text/css" />
<script type="text/javascript" src="../node_modules/vis/dist/vis.js"> </script>-->

<style type="text/css">

        #mynetwork {
            width: 80%;
            height: 1000px;
            background-color: #ffffff;
            border: 1px solid lightgray;
            position: relative;
            float: left;
        }

        

        
        #config {
            float: left;
            width: 400px;
            height: 600px;
        }
        

        
</style>

</head>

<body>
<div id = "mynetwork"></div>


<div id = "config"></div>

<script type="text/javascript">

    // initialize global variables.
    var edges;
    var nodes;
    var network; 
    var container;
    var options, data;

    
    // This method is responsible for drawing the graph, returns the drawn network
    function drawGraph() {
        var container = document.getElementById('mynetwork');
        
        

        // parsing and collecting nodes and edges from the python
        nodes = new vis.DataSet([{"id": "( 1, 2, 4, 7)( 3,13, 9, 6)( 5,32,11,38)( 8,35,15,28)(10,40,17,37)(12,24,19,31)\n(14,34,21,39)(16,27,23,20)(18,36,25,30)(22,26,29,33)", "label": "( 1, 2, 4, 7)( 3,13, 9, 6)( 5,32,11,38)( 8,35,15,28)(10,40,17,37)(12,24,19,31)\n(14,34,21,39)(16,27,23,20)(18,36,25,30)(22,26,29,33)", "shape": "dot", "size": 10}, {"id": "( 1,10,19,33,28, 3,11,25,20,34, 4,17,12,26,35, 9, 5,18,27,39)( 2,14,23,36,32,\n  6,15,29,24,37, 7,21,16,30,38,13, 8,22,31,40)", "label": "( 1,10,19,33,28, 3,11,25,20,34, 4,17,12,26,35, 9, 5,18,27,39)( 2,14,23,36,32,\n  6,15,29,24,37, 7,21,16,30,38,13, 8,22,31,40)", "shape": "dot", "size": 10}, {"id": "( 1,14, 4,21)( 2,17, 7,10)( 3, 8, 9,15)( 5, 6,11,13)(12,37,19,40)(16,39,23,34)\n(18,32,25,38)(20,30,27,36)(22,35,29,28)(24,33,31,26)", "label": "( 1,14, 4,21)( 2,17, 7,10)( 3, 8, 9,15)( 5, 6,11,13)(12,37,19,40)(16,39,23,34)\n(18,32,25,38)(20,30,27,36)(22,35,29,28)(24,33,31,26)", "shape": "dot", "size": 10}, {"id": "( 1,17,19,26,28, 9,11,18,20,39, 4,10,12,33,35, 3, 5,25,27,34)( 2,21,23,30,32,\n 13,15,22,24,40, 7,14,16,36,38, 6, 8,29,31,37)", "label": "( 1,17,19,26,28, 9,11,18,20,39, 4,10,12,33,35, 3, 5,25,27,34)( 2,21,23,30,32,\n 13,15,22,24,40, 7,14,16,36,38, 6, 8,29,31,37)", "shape": "dot", "size": 10}, {"id": "( 1,18,35,17,20, 3,19,39, 5,26, 4,25,28,10,27, 9,12,34,11,33)( 2,22,38,21,24,\n  6,23,40, 8,30, 7,29,32,14,31,13,16,37,15,36)", "label": "( 1,18,35,17,20, 3,19,39, 5,26, 4,25,28,10,27, 9,12,34,11,33)( 2,22,38,21,24,\n  6,23,40, 8,30, 7,29,32,14,31,13,16,37,15,36)", "shape": "dot", "size": 10}, {"id": "( 1,21, 4,14)( 2,10, 7,17)( 3,15, 9, 8)( 5,13,11, 6)(12,40,19,37)(16,34,23,39)\n(18,38,25,32)(20,36,27,30)(22,28,29,35)(24,26,31,33)", "label": "( 1,21, 4,14)( 2,10, 7,17)( 3,15, 9, 8)( 5,13,11, 6)(12,40,19,37)(16,34,23,39)\n(18,38,25,32)(20,36,27,30)(22,28,29,35)(24,26,31,33)", "shape": "dot", "size": 10}, {"id": "( 1,22, 4,29)( 2,25, 7,18)( 3,16, 9,23)( 5,14,11,21)( 6,19,13,12)( 8,17,15,10)\n(20,37,27,40)(24,39,31,34)(26,32,33,38)(28,30,35,36)", "label": "( 1,22, 4,29)( 2,25, 7,18)( 3,16, 9,23)( 5,14,11,21)( 6,19,13,12)( 8,17,15,10)\n(20,37,27,40)(24,39,31,34)(26,32,33,38)(28,30,35,36)", "shape": "dot", "size": 10}, {"id": "( 1,25,35,10,20, 9,19,34, 5,33, 4,18,28,17,27, 3,12,39,11,26)( 2,29,38,14,24,\n 13,23,37, 8,36, 7,22,32,21,31, 6,16,40,15,30)", "label": "( 1,25,35,10,20, 9,19,34, 5,33, 4,18,28,17,27, 3,12,39,11,26)( 2,29,38,14,24,\n 13,23,37, 8,36, 7,22,32,21,31, 6,16,40,15,30)", "shape": "dot", "size": 10}, {"id": "( 1,26,11,39,12, 3,27,17,28,18, 4,33, 5,34,19, 9,20,10,35,25)( 2,30,15,40,16,\n  6,31,21,32,22, 7,36, 8,37,23,13,24,14,38,29)", "label": "( 1,26,11,39,12, 3,27,17,28,18, 4,33, 5,34,19, 9,20,10,35,25)( 2,30,15,40,16,\n  6,31,21,32,22, 7,36, 8,37,23,13,24,14,38,29)", "shape": "dot", "size": 10}, {"id": "( 1,29, 4,22)( 2,18, 7,25)( 3,23, 9,16)( 5,21,11,14)( 6,12,13,19)( 8,10,15,17)\n(20,40,27,37)(24,34,31,39)(26,38,33,32)(28,36,35,30)", "label": "( 1,29, 4,22)( 2,18, 7,25)( 3,23, 9,16)( 5,21,11,14)( 6,12,13,19)( 8,10,15,17)\n(20,40,27,37)(24,34,31,39)(26,38,33,32)(28,36,35,30)", "shape": "dot", "size": 10}, {"id": "( 1,30, 4,36)( 2,33, 7,26)( 3,24, 9,31)( 5,22,11,29)( 6,27,13,20)( 8,25,15,18)\n(10,16,17,23)(12,14,19,21)(28,37,35,40)(32,39,38,34)", "label": "( 1,30, 4,36)( 2,33, 7,26)( 3,24, 9,31)( 5,22,11,29)( 6,27,13,20)( 8,25,15,18)\n(10,16,17,23)(12,14,19,21)(28,37,35,40)(32,39,38,34)", "shape": "dot", "size": 10}, {"id": "( 1,33,11,34,12, 9,27,10,28,25, 4,26, 5,39,19, 3,20,17,35,18)( 2,36,15,37,16,\n 13,31,14,32,29, 7,30, 8,40,23, 6,24,21,38,22)", "label": "( 1,33,11,34,12, 9,27,10,28,25, 4,26, 5,39,19, 3,20,17,35,18)( 2,36,15,37,16,\n 13,31,14,32,29, 7,30, 8,40,23, 6,24,21,38,22)", "shape": "dot", "size": 10}, {"id": "( 1,34,27,25, 5, 3,35,33,12,10, 4,39,20,18,11, 9,28,26,19,17)( 2,37,31,29, 8,\n  6,38,36,16,14, 7,40,24,22,15,13,32,30,23,21)", "label": "( 1,34,27,25, 5, 3,35,33,12,10, 4,39,20,18,11, 9,28,26,19,17)( 2,37,31,29, 8,\n  6,38,36,16,14, 7,40,24,22,15,13,32,30,23,21)", "shape": "dot", "size": 10}, {"id": "( 1,36, 4,30)( 2,26, 7,33)( 3,31, 9,24)( 5,29,11,22)( 6,20,13,27)( 8,18,15,25)\n(10,23,17,16)(12,21,19,14)(28,40,35,37)(32,34,38,39)", "label": "( 1,36, 4,30)( 2,26, 7,33)( 3,31, 9,24)( 5,29,11,22)( 6,20,13,27)( 8,18,15,25)\n(10,23,17,16)(12,21,19,14)(28,40,35,37)(32,34,38,39)", "shape": "dot", "size": 10}, {"id": "( 1,37, 4,40)( 2,39, 7,34)( 3,32, 9,38)( 5,30,11,36)( 6,35,13,28)( 8,33,15,26)\n(10,24,17,31)(12,22,19,29)(14,27,21,20)(16,25,23,18)", "label": "( 1,37, 4,40)( 2,39, 7,34)( 3,32, 9,38)( 5,30,11,36)( 6,35,13,28)( 8,33,15,26)\n(10,24,17,31)(12,22,19,29)(14,27,21,20)(16,25,23,18)", "shape": "dot", "size": 10}, {"id": "( 1,39,27,18, 5, 9,35,26,12,17, 4,34,20,25,11, 3,28,33,19,10)( 2,40,31,22, 8,\n 13,38,30,16,21, 7,37,24,29,15, 6,32,36,23,14)", "label": "( 1,39,27,18, 5, 9,35,26,12,17, 4,34,20,25,11, 3,28,33,19,10)( 2,40,31,22, 8,\n 13,38,30,16,21, 7,37,24,29,15, 6,32,36,23,14)", "shape": "dot", "size": 10}, {"id": "( 1,40, 4,37)( 2,34, 7,39)( 3,38, 9,32)( 5,36,11,30)( 6,28,13,35)( 8,26,15,33)\n(10,31,17,24)(12,29,19,22)(14,20,21,27)(16,18,23,25)", "label": "( 1,40, 4,37)( 2,34, 7,39)( 3,38, 9,32)( 5,36,11,30)( 6,28,13,35)( 8,26,15,33)\n(10,31,17,24)(12,29,19,22)(14,20,21,27)(16,18,23,25)", "shape": "dot", "size": 10}, {"id": "( 1, 6, 4,13)( 2, 9, 7, 3)( 5,37,11,40)( 8,39,15,34)(10,32,17,38)(12,30,19,36)\n(14,35,21,28)(16,33,23,26)(18,24,25,31)(20,22,27,29)", "label": "( 1, 6, 4,13)( 2, 9, 7, 3)( 5,37,11,40)( 8,39,15,34)(10,32,17,38)(12,30,19,36)\n(14,35,21,28)(16,33,23,26)(18,24,25,31)(20,22,27,29)", "shape": "dot", "size": 10}, {"id": "( 1, 7, 4, 2)( 3, 6, 9,13)( 5,38,11,32)( 8,28,15,35)(10,37,17,40)(12,31,19,24)\n(14,39,21,34)(16,20,23,27)(18,30,25,36)(22,33,29,26)", "label": "( 1, 7, 4, 2)( 3, 6, 9,13)( 5,38,11,32)( 8,28,15,35)(10,37,17,40)(12,31,19,24)\n(14,39,21,34)(16,20,23,27)(18,30,25,36)(22,33,29,26)", "shape": "dot", "size": 10}, {"id": "( 1, 8, 4,15)( 2,11, 7, 5)( 3,21, 9,14)( 6,10,13,17)(12,32,19,38)(16,35,23,28)\n(18,40,25,37)(20,24,27,31)(22,34,29,39)(26,36,33,30)", "label": "( 1, 8, 4,15)( 2,11, 7, 5)( 3,21, 9,14)( 6,10,13,17)(12,32,19,38)(16,35,23,28)\n(18,40,25,37)(20,24,27,31)(22,34,29,39)(26,36,33,30)", "shape": "dot", "size": 10}, {"id": "( 1,13, 4, 6)( 2, 3, 7, 9)( 5,40,11,37)( 8,34,15,39)(10,38,17,32)(12,36,19,30)\n(14,28,21,35)(16,26,23,33)(18,31,25,24)(20,29,27,22)", "label": "( 1,13, 4, 6)( 2, 3, 7, 9)( 5,40,11,37)( 8,34,15,39)(10,38,17,32)(12,36,19,30)\n(14,28,21,35)(16,26,23,33)(18,31,25,24)(20,29,27,22)", "shape": "dot", "size": 10}, {"id": "( 1,15, 4, 8)( 2, 5, 7,11)( 3,14, 9,21)( 6,17,13,10)(12,38,19,32)(16,28,23,35)\n(18,37,25,40)(20,31,27,24)(22,39,29,34)(26,30,33,36)", "label": "( 1,15, 4, 8)( 2, 5, 7,11)( 3,14, 9,21)( 6,17,13,10)(12,38,19,32)(16,28,23,35)\n(18,37,25,40)(20,31,27,24)(22,39,29,34)(26,30,33,36)", "shape": "dot", "size": 10}, {"id": "( 1,16, 4,23)( 2,19, 7,12)( 3,29, 9,22)( 5, 8,11,15)( 6,18,13,25)(10,21,17,14)\n(20,32,27,38)(24,35,31,28)(26,40,33,37)(30,34,36,39)", "label": "( 1,16, 4,23)( 2,19, 7,12)( 3,29, 9,22)( 5, 8,11,15)( 6,18,13,25)(10,21,17,14)\n(20,32,27,38)(24,35,31,28)(26,40,33,37)(30,34,36,39)", "shape": "dot", "size": 10}, {"id": "( 1,23, 4,16)( 2,12, 7,19)( 3,22, 9,29)( 5,15,11, 8)( 6,25,13,18)(10,14,17,21)\n(20,38,27,32)(24,28,31,35)(26,37,33,40)(30,39,36,34)", "label": "( 1,23, 4,16)( 2,12, 7,19)( 3,22, 9,29)( 5,15,11, 8)( 6,25,13,18)(10,14,17,21)\n(20,38,27,32)(24,28,31,35)(26,37,33,40)(30,39,36,34)", "shape": "dot", "size": 10}, {"id": "( 1,24, 4,31)( 2,27, 7,20)( 3,36, 9,30)( 5,16,11,23)( 6,26,13,33)( 8,19,15,12)\n(10,29,17,22)(14,18,21,25)(28,32,35,38)(34,40,39,37)", "label": "( 1,24, 4,31)( 2,27, 7,20)( 3,36, 9,30)( 5,16,11,23)( 6,26,13,33)( 8,19,15,12)\n(10,29,17,22)(14,18,21,25)(28,32,35,38)(34,40,39,37)", "shape": "dot", "size": 10}, {"id": "( 1,31, 4,24)( 2,20, 7,27)( 3,30, 9,36)( 5,23,11,16)( 6,33,13,26)( 8,12,15,19)\n(10,22,17,29)(14,25,21,18)(28,38,35,32)(34,37,39,40)", "label": "( 1,31, 4,24)( 2,20, 7,27)( 3,30, 9,36)( 5,23,11,16)( 6,33,13,26)( 8,12,15,19)\n(10,22,17,29)(14,25,21,18)(28,38,35,32)(34,37,39,40)", "shape": "dot", "size": 10}, {"id": "( 1,32, 4,38)( 2,35, 7,28)( 3,40, 9,37)( 5,24,11,31)( 6,34,13,39)( 8,27,15,20)\n(10,36,17,30)(12,16,19,23)(14,26,21,33)(18,29,25,22)", "label": "( 1,32, 4,38)( 2,35, 7,28)( 3,40, 9,37)( 5,24,11,31)( 6,34,13,39)( 8,27,15,20)\n(10,36,17,30)(12,16,19,23)(14,26,21,33)(18,29,25,22)", "shape": "dot", "size": 10}, {"id": "( 1,38, 4,32)( 2,28, 7,35)( 3,37, 9,40)( 5,31,11,24)( 6,39,13,34)( 8,20,15,27)\n(10,30,17,36)(12,23,19,16)(14,33,21,26)(18,22,25,29)", "label": "( 1,38, 4,32)( 2,28, 7,35)( 3,37, 9,40)( 5,31,11,24)( 6,39,13,34)( 8,20,15,27)\n(10,30,17,36)(12,23,19,16)(14,33,21,26)(18,22,25,29)", "shape": "dot", "size": 10}]);
        edges = new vis.DataSet([{"from": "( 1, 2, 4, 7)( 3,13, 9, 6)( 5,32,11,38)( 8,35,15,28)(10,40,17,37)(12,24,19,31)\n(14,34,21,39)(16,27,23,20)(18,36,25,30)(22,26,29,33)", "to": "( 1,10,19,33,28, 3,11,25,20,34, 4,17,12,26,35, 9, 5,18,27,39)( 2,14,23,36,32,\n  6,15,29,24,37, 7,21,16,30,38,13, 8,22,31,40)", "weight": 1}, {"from": "( 1, 2, 4, 7)( 3,13, 9, 6)( 5,32,11,38)( 8,35,15,28)(10,40,17,37)(12,24,19,31)\n(14,34,21,39)(16,27,23,20)(18,36,25,30)(22,26,29,33)", "to": "( 1,14, 4,21)( 2,17, 7,10)( 3, 8, 9,15)( 5, 6,11,13)(12,37,19,40)(16,39,23,34)\n(18,32,25,38)(20,30,27,36)(22,35,29,28)(24,33,31,26)", "weight": 1}, {"from": "( 1, 2, 4, 7)( 3,13, 9, 6)( 5,32,11,38)( 8,35,15,28)(10,40,17,37)(12,24,19,31)\n(14,34,21,39)(16,27,23,20)(18,36,25,30)(22,26,29,33)", "to": "( 1,17,19,26,28, 9,11,18,20,39, 4,10,12,33,35, 3, 5,25,27,34)( 2,21,23,30,32,\n 13,15,22,24,40, 7,14,16,36,38, 6, 8,29,31,37)", "weight": 1}, {"from": "( 1, 2, 4, 7)( 3,13, 9, 6)( 5,32,11,38)( 8,35,15,28)(10,40,17,37)(12,24,19,31)\n(14,34,21,39)(16,27,23,20)(18,36,25,30)(22,26,29,33)", "to": "( 1,18,35,17,20, 3,19,39, 5,26, 4,25,28,10,27, 9,12,34,11,33)( 2,22,38,21,24,\n  6,23,40, 8,30, 7,29,32,14,31,13,16,37,15,36)", "weight": 1}, {"from": "( 1, 2, 4, 7)( 3,13, 9, 6)( 5,32,11,38)( 8,35,15,28)(10,40,17,37)(12,24,19,31)\n(14,34,21,39)(16,27,23,20)(18,36,25,30)(22,26,29,33)", "to": "( 1,21, 4,14)( 2,10, 7,17)( 3,15, 9, 8)( 5,13,11, 6)(12,40,19,37)(16,34,23,39)\n(18,38,25,32)(20,36,27,30)(22,28,29,35)(24,26,31,33)", "weight": 1}, {"from": "( 1, 2, 4, 7)( 3,13, 9, 6)( 5,32,11,38)( 8,35,15,28)(10,40,17,37)(12,24,19,31)\n(14,34,21,39)(16,27,23,20)(18,36,25,30)(22,26,29,33)", "to": "( 1,22, 4,29)( 2,25, 7,18)( 3,16, 9,23)( 5,14,11,21)( 6,19,13,12)( 8,17,15,10)\n(20,37,27,40)(24,39,31,34)(26,32,33,38)(28,30,35,36)", "weight": 1}, {"from": "( 1, 2, 4, 7)( 3,13, 9, 6)( 5,32,11,38)( 8,35,15,28)(10,40,17,37)(12,24,19,31)\n(14,34,21,39)(16,27,23,20)(18,36,25,30)(22,26,29,33)", "to": "( 1,25,35,10,20, 9,19,34, 5,33, 4,18,28,17,27, 3,12,39,11,26)( 2,29,38,14,24,\n 13,23,37, 8,36, 7,22,32,21,31, 6,16,40,15,30)", "weight": 1}, {"from": "( 1, 2, 4, 7)( 3,13, 9, 6)( 5,32,11,38)( 8,35,15,28)(10,40,17,37)(12,24,19,31)\n(14,34,21,39)(16,27,23,20)(18,36,25,30)(22,26,29,33)", "to": "( 1,26,11,39,12, 3,27,17,28,18, 4,33, 5,34,19, 9,20,10,35,25)( 2,30,15,40,16,\n  6,31,21,32,22, 7,36, 8,37,23,13,24,14,38,29)", "weight": 1}, {"from": "( 1, 2, 4, 7)( 3,13, 9, 6)( 5,32,11,38)( 8,35,15,28)(10,40,17,37)(12,24,19,31)\n(14,34,21,39)(16,27,23,20)(18,36,25,30)(22,26,29,33)", "to": "( 1,29, 4,22)( 2,18, 7,25)( 3,23, 9,16)( 5,21,11,14)( 6,12,13,19)( 8,10,15,17)\n(20,40,27,37)(24,34,31,39)(26,38,33,32)(28,36,35,30)", "weight": 1}, {"from": "( 1, 2, 4, 7)( 3,13, 9, 6)( 5,32,11,38)( 8,35,15,28)(10,40,17,37)(12,24,19,31)\n(14,34,21,39)(16,27,23,20)(18,36,25,30)(22,26,29,33)", "to": "( 1,30, 4,36)( 2,33, 7,26)( 3,24, 9,31)( 5,22,11,29)( 6,27,13,20)( 8,25,15,18)\n(10,16,17,23)(12,14,19,21)(28,37,35,40)(32,39,38,34)", "weight": 1}, {"from": "( 1, 2, 4, 7)( 3,13, 9, 6)( 5,32,11,38)( 8,35,15,28)(10,40,17,37)(12,24,19,31)\n(14,34,21,39)(16,27,23,20)(18,36,25,30)(22,26,29,33)", "to": "( 1,33,11,34,12, 9,27,10,28,25, 4,26, 5,39,19, 3,20,17,35,18)( 2,36,15,37,16,\n 13,31,14,32,29, 7,30, 8,40,23, 6,24,21,38,22)", "weight": 1}, {"from": "( 1, 2, 4, 7)( 3,13, 9, 6)( 5,32,11,38)( 8,35,15,28)(10,40,17,37)(12,24,19,31)\n(14,34,21,39)(16,27,23,20)(18,36,25,30)(22,26,29,33)", "to": "( 1,34,27,25, 5, 3,35,33,12,10, 4,39,20,18,11, 9,28,26,19,17)( 2,37,31,29, 8,\n  6,38,36,16,14, 7,40,24,22,15,13,32,30,23,21)", "weight": 1}, {"from": "( 1, 2, 4, 7)( 3,13, 9, 6)( 5,32,11,38)( 8,35,15,28)(10,40,17,37)(12,24,19,31)\n(14,34,21,39)(16,27,23,20)(18,36,25,30)(22,26,29,33)", "to": "( 1,36, 4,30)( 2,26, 7,33)( 3,31, 9,24)( 5,29,11,22)( 6,20,13,27)( 8,18,15,25)\n(10,23,17,16)(12,21,19,14)(28,40,35,37)(32,34,38,39)", "weight": 1}, {"from": "( 1, 2, 4, 7)( 3,13, 9, 6)( 5,32,11,38)( 8,35,15,28)(10,40,17,37)(12,24,19,31)\n(14,34,21,39)(16,27,23,20)(18,36,25,30)(22,26,29,33)", "to": "( 1,37, 4,40)( 2,39, 7,34)( 3,32, 9,38)( 5,30,11,36)( 6,35,13,28)( 8,33,15,26)\n(10,24,17,31)(12,22,19,29)(14,27,21,20)(16,25,23,18)", "weight": 1}, {"from": "( 1, 2, 4, 7)( 3,13, 9, 6)( 5,32,11,38)( 8,35,15,28)(10,40,17,37)(12,24,19,31)\n(14,34,21,39)(16,27,23,20)(18,36,25,30)(22,26,29,33)", "to": "( 1,39,27,18, 5, 9,35,26,12,17, 4,34,20,25,11, 3,28,33,19,10)( 2,40,31,22, 8,\n 13,38,30,16,21, 7,37,24,29,15, 6,32,36,23,14)", "weight": 1}, {"from": "( 1, 2, 4, 7)( 3,13, 9, 6)( 5,32,11,38)( 8,35,15,28)(10,40,17,37)(12,24,19,31)\n(14,34,21,39)(16,27,23,20)(18,36,25,30)(22,26,29,33)", "to": "( 1,40, 4,37)( 2,34, 7,39)( 3,38, 9,32)( 5,36,11,30)( 6,28,13,35)( 8,26,15,33)\n(10,31,17,24)(12,29,19,22)(14,20,21,27)(16,18,23,25)", "weight": 1}, {"from": "( 1,10,19,33,28, 3,11,25,20,34, 4,17,12,26,35, 9, 5,18,27,39)( 2,14,23,36,32,\n  6,15,29,24,37, 7,21,16,30,38,13, 8,22,31,40)", "to": "( 1, 6, 4,13)( 2, 9, 7, 3)( 5,37,11,40)( 8,39,15,34)(10,32,17,38)(12,30,19,36)\n(14,35,21,28)(16,33,23,26)(18,24,25,31)(20,22,27,29)", "weight": 1}, {"from": "( 1,10,19,33,28, 3,11,25,20,34, 4,17,12,26,35, 9, 5,18,27,39)( 2,14,23,36,32,\n  6,15,29,24,37, 7,21,16,30,38,13, 8,22,31,40)", "to": "( 1, 7, 4, 2)( 3, 6, 9,13)( 5,38,11,32)( 8,28,15,35)(10,37,17,40)(12,31,19,24)\n(14,39,21,34)(16,20,23,27)(18,30,25,36)(22,33,29,26)", "weight": 1}, {"from": "( 1,10,19,33,28, 3,11,25,20,34, 4,17,12,26,35, 9, 5,18,27,39)( 2,14,23,36,32,\n  6,15,29,24,37, 7,21,16,30,38,13, 8,22,31,40)", "to": "( 1, 8, 4,15)( 2,11, 7, 5)( 3,21, 9,14)( 6,10,13,17)(12,32,19,38)(16,35,23,28)\n(18,40,25,37)(20,24,27,31)(22,34,29,39)(26,36,33,30)", "weight": 1}, {"from": "( 1,10,19,33,28, 3,11,25,20,34, 4,17,12,26,35, 9, 5,18,27,39)( 2,14,23,36,32,\n  6,15,29,24,37, 7,21,16,30,38,13, 8,22,31,40)", "to": "( 1,13, 4, 6)( 2, 3, 7, 9)( 5,40,11,37)( 8,34,15,39)(10,38,17,32)(12,36,19,30)\n(14,28,21,35)(16,26,23,33)(18,31,25,24)(20,29,27,22)", "weight": 1}, {"from": "( 1,10,19,33,28, 3,11,25,20,34, 4,17,12,26,35, 9, 5,18,27,39)( 2,14,23,36,32,\n  6,15,29,24,37, 7,21,16,30,38,13, 8,22,31,40)", "to": "( 1,14, 4,21)( 2,17, 7,10)( 3, 8, 9,15)( 5, 6,11,13)(12,37,19,40)(16,39,23,34)\n(18,32,25,38)(20,30,27,36)(22,35,29,28)(24,33,31,26)", "weight": 1}, {"from": "( 1,10,19,33,28, 3,11,25,20,34, 4,17,12,26,35, 9, 5,18,27,39)( 2,14,23,36,32,\n  6,15,29,24,37, 7,21,16,30,38,13, 8,22,31,40)", "to": "( 1,15, 4, 8)( 2, 5, 7,11)( 3,14, 9,21)( 6,17,13,10)(12,38,19,32)(16,28,23,35)\n(18,37,25,40)(20,31,27,24)(22,39,29,34)(26,30,33,36)", "weight": 1}, {"from": "( 1,10,19,33,28, 3,11,25,20,34, 4,17,12,26,35, 9, 5,18,27,39)( 2,14,23,36,32,\n  6,15,29,24,37, 7,21,16,30,38,13, 8,22,31,40)", "to": "( 1,16, 4,23)( 2,19, 7,12)( 3,29, 9,22)( 5, 8,11,15)( 6,18,13,25)(10,21,17,14)\n(20,32,27,38)(24,35,31,28)(26,40,33,37)(30,34,36,39)", "weight": 1}, {"from": "( 1,10,19,33,28, 3,11,25,20,34, 4,17,12,26,35, 9, 5,18,27,39)( 2,14,23,36,32,\n  6,15,29,24,37, 7,21,16,30,38,13, 8,22,31,40)", "to": "( 1,21, 4,14)( 2,10, 7,17)( 3,15, 9, 8)( 5,13,11, 6)(12,40,19,37)(16,34,23,39)\n(18,38,25,32)(20,36,27,30)(22,28,29,35)(24,26,31,33)", "weight": 1}, {"from": "( 1,10,19,33,28, 3,11,25,20,34, 4,17,12,26,35, 9, 5,18,27,39)( 2,14,23,36,32,\n  6,15,29,24,37, 7,21,16,30,38,13, 8,22,31,40)", "to": "( 1,22, 4,29)( 2,25, 7,18)( 3,16, 9,23)( 5,14,11,21)( 6,19,13,12)( 8,17,15,10)\n(20,37,27,40)(24,39,31,34)(26,32,33,38)(28,30,35,36)", "weight": 1}, {"from": "( 1,10,19,33,28, 3,11,25,20,34, 4,17,12,26,35, 9, 5,18,27,39)( 2,14,23,36,32,\n  6,15,29,24,37, 7,21,16,30,38,13, 8,22,31,40)", "to": "( 1,23, 4,16)( 2,12, 7,19)( 3,22, 9,29)( 5,15,11, 8)( 6,25,13,18)(10,14,17,21)\n(20,38,27,32)(24,28,31,35)(26,37,33,40)(30,39,36,34)", "weight": 1}, {"from": "( 1,10,19,33,28, 3,11,25,20,34, 4,17,12,26,35, 9, 5,18,27,39)( 2,14,23,36,32,\n  6,15,29,24,37, 7,21,16,30,38,13, 8,22,31,40)", "to": "( 1,24, 4,31)( 2,27, 7,20)( 3,36, 9,30)( 5,16,11,23)( 6,26,13,33)( 8,19,15,12)\n(10,29,17,22)(14,18,21,25)(28,32,35,38)(34,40,39,37)", "weight": 1}, {"from": "( 1,10,19,33,28, 3,11,25,20,34, 4,17,12,26,35, 9, 5,18,27,39)( 2,14,23,36,32,\n  6,15,29,24,37, 7,21,16,30,38,13, 8,22,31,40)", "to": "( 1,29, 4,22)( 2,18, 7,25)( 3,23, 9,16)( 5,21,11,14)( 6,12,13,19)( 8,10,15,17)\n(20,40,27,37)(24,34,31,39)(26,38,33,32)(28,36,35,30)", "weight": 1}, {"from": "( 1,10,19,33,28, 3,11,25,20,34, 4,17,12,26,35, 9, 5,18,27,39)( 2,14,23,36,32,\n  6,15,29,24,37, 7,21,16,30,38,13, 8,22,31,40)", "to": "( 1,30, 4,36)( 2,33, 7,26)( 3,24, 9,31)( 5,22,11,29)( 6,27,13,20)( 8,25,15,18)\n(10,16,17,23)(12,14,19,21)(28,37,35,40)(32,39,38,34)", "weight": 1}, {"from": "( 1,10,19,33,28, 3,11,25,20,34, 4,17,12,26,35, 9, 5,18,27,39)( 2,14,23,36,32,\n  6,15,29,24,37, 7,21,16,30,38,13, 8,22,31,40)", "to": "( 1,31, 4,24)( 2,20, 7,27)( 3,30, 9,36)( 5,23,11,16)( 6,33,13,26)( 8,12,15,19)\n(10,22,17,29)(14,25,21,18)(28,38,35,32)(34,37,39,40)", "weight": 1}, {"from": "( 1,10,19,33,28, 3,11,25,20,34, 4,17,12,26,35, 9, 5,18,27,39)( 2,14,23,36,32,\n  6,15,29,24,37, 7,21,16,30,38,13, 8,22,31,40)", "to": "( 1,32, 4,38)( 2,35, 7,28)( 3,40, 9,37)( 5,24,11,31)( 6,34,13,39)( 8,27,15,20)\n(10,36,17,30)(12,16,19,23)(14,26,21,33)(18,29,25,22)", "weight": 1}, {"from": "( 1,10,19,33,28, 3,11,25,20,34, 4,17,12,26,35, 9, 5,18,27,39)( 2,14,23,36,32,\n  6,15,29,24,37, 7,21,16,30,38,13, 8,22,31,40)", "to": "( 1,36, 4,30)( 2,26, 7,33)( 3,31, 9,24)( 5,29,11,22)( 6,20,13,27)( 8,18,15,25)\n(10,23,17,16)(12,21,19,14)(28,40,35,37)(32,34,38,39)", "weight": 1}, {"from": "( 1,10,19,33,28, 3,11,25,20,34, 4,17,12,26,35, 9, 5,18,27,39)( 2,14,23,36,32,\n  6,15,29,24,37, 7,21,16,30,38,13, 8,22,31,40)", "to": "( 1,37, 4,40)( 2,39, 7,34)( 3,32, 9,38)( 5,30,11,36)( 6,35,13,28)( 8,33,15,26)\n(10,24,17,31)(12,22,19,29)(14,27,21,20)(16,25,23,18)", "weight": 1}, {"from": "( 1,10,19,33,28, 3,11,25,20,34, 4,17,12,26,35, 9, 5,18,27,39)( 2,14,23,36,32,\n  6,15,29,24,37, 7,21,16,30,38,13, 8,22,31,40)", "to": "( 1,38, 4,32)( 2,28, 7,35)( 3,37, 9,40)( 5,31,11,24)( 6,39,13,34)( 8,20,15,27)\n(10,30,17,36)(12,23,19,16)(14,33,21,26)(18,22,25,29)", "weight": 1}, {"from": "( 1,10,19,33,28, 3,11,25,20,34, 4,17,12,26,35, 9, 5,18,27,39)( 2,14,23,36,32,\n  6,15,29,24,37, 7,21,16,30,38,13, 8,22,31,40)", "to": "( 1,40, 4,37)( 2,34, 7,39)( 3,38, 9,32)( 5,36,11,30)( 6,28,13,35)( 8,26,15,33)\n(10,31,17,24)(12,29,19,22)(14,20,21,27)(16,18,23,25)", "weight": 1}, {"from": "( 1,14, 4,21)( 2,17, 7,10)( 3, 8, 9,15)( 5, 6,11,13)(12,37,19,40)(16,39,23,34)\n(18,32,25,38)(20,30,27,36)(22,35,29,28)(24,33,31,26)", "to": "( 1, 7, 4, 2)( 3, 6, 9,13)( 5,38,11,32)( 8,28,15,35)(10,37,17,40)(12,31,19,24)\n(14,39,21,34)(16,20,23,27)(18,30,25,36)(22,33,29,26)", "weight": 1}, {"from": "( 1,14, 4,21)( 2,17, 7,10)( 3, 8, 9,15)( 5, 6,11,13)(12,37,19,40)(16,39,23,34)\n(18,32,25,38)(20,30,27,36)(22,35,29,28)(24,33,31,26)", "to": "( 1,16, 4,23)( 2,19, 7,12)( 3,29, 9,22)( 5, 8,11,15)( 6,18,13,25)(10,21,17,14)\n(20,32,27,38)(24,35,31,28)(26,40,33,37)(30,34,36,39)", "weight": 1}, {"from": "( 1,14, 4,21)( 2,17, 7,10)( 3, 8, 9,15)( 5, 6,11,13)(12,37,19,40)(16,39,23,34)\n(18,32,25,38)(20,30,27,36)(22,35,29,28)(24,33,31,26)", "to": "( 1,17,19,26,28, 9,11,18,20,39, 4,10,12,33,35, 3, 5,25,27,34)( 2,21,23,30,32,\n 13,15,22,24,40, 7,14,16,36,38, 6, 8,29,31,37)", "weight": 1}, {"from": "( 1,14, 4,21)( 2,17, 7,10)( 3, 8, 9,15)( 5, 6,11,13)(12,37,19,40)(16,39,23,34)\n(18,32,25,38)(20,30,27,36)(22,35,29,28)(24,33,31,26)", "to": "( 1,18,35,17,20, 3,19,39, 5,26, 4,25,28,10,27, 9,12,34,11,33)( 2,22,38,21,24,\n  6,23,40, 8,30, 7,29,32,14,31,13,16,37,15,36)", "weight": 1}, {"from": "( 1,14, 4,21)( 2,17, 7,10)( 3, 8, 9,15)( 5, 6,11,13)(12,37,19,40)(16,39,23,34)\n(18,32,25,38)(20,30,27,36)(22,35,29,28)(24,33,31,26)", "to": "( 1,23, 4,16)( 2,12, 7,19)( 3,22, 9,29)( 5,15,11, 8)( 6,25,13,18)(10,14,17,21)\n(20,38,27,32)(24,28,31,35)(26,37,33,40)(30,39,36,34)", "weight": 1}, {"from": "( 1,14, 4,21)( 2,17, 7,10)( 3, 8, 9,15)( 5, 6,11,13)(12,37,19,40)(16,39,23,34)\n(18,32,25,38)(20,30,27,36)(22,35,29,28)(24,33,31,26)", "to": "( 1,24, 4,31)( 2,27, 7,20)( 3,36, 9,30)( 5,16,11,23)( 6,26,13,33)( 8,19,15,12)\n(10,29,17,22)(14,18,21,25)(28,32,35,38)(34,40,39,37)", "weight": 1}, {"from": "( 1,14, 4,21)( 2,17, 7,10)( 3, 8, 9,15)( 5, 6,11,13)(12,37,19,40)(16,39,23,34)\n(18,32,25,38)(20,30,27,36)(22,35,29,28)(24,33,31,26)", "to": "( 1,25,35,10,20, 9,19,34, 5,33, 4,18,28,17,27, 3,12,39,11,26)( 2,29,38,14,24,\n 13,23,37, 8,36, 7,22,32,21,31, 6,16,40,15,30)", "weight": 1}, {"from": "( 1,14, 4,21)( 2,17, 7,10)( 3, 8, 9,15)( 5, 6,11,13)(12,37,19,40)(16,39,23,34)\n(18,32,25,38)(20,30,27,36)(22,35,29,28)(24,33,31,26)", "to": "( 1,26,11,39,12, 3,27,17,28,18, 4,33, 5,34,19, 9,20,10,35,25)( 2,30,15,40,16,\n  6,31,21,32,22, 7,36, 8,37,23,13,24,14,38,29)", "weight": 1}, {"from": "( 1,14, 4,21)( 2,17, 7,10)( 3, 8, 9,15)( 5, 6,11,13)(12,37,19,40)(16,39,23,34)\n(18,32,25,38)(20,30,27,36)(22,35,29,28)(24,33,31,26)", "to": "( 1,31, 4,24)( 2,20, 7,27)( 3,30, 9,36)( 5,23,11,16)( 6,33,13,26)( 8,12,15,19)\n(10,22,17,29)(14,25,21,18)(28,38,35,32)(34,37,39,40)", "weight": 1}, {"from": "( 1,14, 4,21)( 2,17, 7,10)( 3, 8, 9,15)( 5, 6,11,13)(12,37,19,40)(16,39,23,34)\n(18,32,25,38)(20,30,27,36)(22,35,29,28)(24,33,31,26)", "to": "( 1,32, 4,38)( 2,35, 7,28)( 3,40, 9,37)( 5,24,11,31)( 6,34,13,39)( 8,27,15,20)\n(10,36,17,30)(12,16,19,23)(14,26,21,33)(18,29,25,22)", "weight": 1}, {"from": "( 1,14, 4,21)( 2,17, 7,10)( 3, 8, 9,15)( 5, 6,11,13)(12,37,19,40)(16,39,23,34)\n(18,32,25,38)(20,30,27,36)(22,35,29,28)(24,33,31,26)", "to": "( 1,33,11,34,12, 9,27,10,28,25, 4,26, 5,39,19, 3,20,17,35,18)( 2,36,15,37,16,\n 13,31,14,32,29, 7,30, 8,40,23, 6,24,21,38,22)", "weight": 1}, {"from": "( 1,14, 4,21)( 2,17, 7,10)( 3, 8, 9,15)( 5, 6,11,13)(12,37,19,40)(16,39,23,34)\n(18,32,25,38)(20,30,27,36)(22,35,29,28)(24,33,31,26)", "to": "( 1,34,27,25, 5, 3,35,33,12,10, 4,39,20,18,11, 9,28,26,19,17)( 2,37,31,29, 8,\n  6,38,36,16,14, 7,40,24,22,15,13,32,30,23,21)", "weight": 1}, {"from": "( 1,14, 4,21)( 2,17, 7,10)( 3, 8, 9,15)( 5, 6,11,13)(12,37,19,40)(16,39,23,34)\n(18,32,25,38)(20,30,27,36)(22,35,29,28)(24,33,31,26)", "to": "( 1,38, 4,32)( 2,28, 7,35)( 3,37, 9,40)( 5,31,11,24)( 6,39,13,34)( 8,20,15,27)\n(10,30,17,36)(12,23,19,16)(14,33,21,26)(18,22,25,29)", "weight": 1}, {"from": "( 1,14, 4,21)( 2,17, 7,10)( 3, 8, 9,15)( 5, 6,11,13)(12,37,19,40)(16,39,23,34)\n(18,32,25,38)(20,30,27,36)(22,35,29,28)(24,33,31,26)", "to": "( 1,39,27,18, 5, 9,35,26,12,17, 4,34,20,25,11, 3,28,33,19,10)( 2,40,31,22, 8,\n 13,38,30,16,21, 7,37,24,29,15, 6,32,36,23,14)", "weight": 1}, {"from": "( 1,17,19,26,28, 9,11,18,20,39, 4,10,12,33,35, 3, 5,25,27,34)( 2,21,23,30,32,\n 13,15,22,24,40, 7,14,16,36,38, 6, 8,29,31,37)", "to": "( 1, 6, 4,13)( 2, 9, 7, 3)( 5,37,11,40)( 8,39,15,34)(10,32,17,38)(12,30,19,36)\n(14,35,21,28)(16,33,23,26)(18,24,25,31)(20,22,27,29)", "weight": 1}, {"from": "( 1,17,19,26,28, 9,11,18,20,39, 4,10,12,33,35, 3, 5,25,27,34)( 2,21,23,30,32,\n 13,15,22,24,40, 7,14,16,36,38, 6, 8,29,31,37)", "to": "( 1, 7, 4, 2)( 3, 6, 9,13)( 5,38,11,32)( 8,28,15,35)(10,37,17,40)(12,31,19,24)\n(14,39,21,34)(16,20,23,27)(18,30,25,36)(22,33,29,26)", "weight": 1}, {"from": "( 1,17,19,26,28, 9,11,18,20,39, 4,10,12,33,35, 3, 5,25,27,34)( 2,21,23,30,32,\n 13,15,22,24,40, 7,14,16,36,38, 6, 8,29,31,37)", "to": "( 1, 8, 4,15)( 2,11, 7, 5)( 3,21, 9,14)( 6,10,13,17)(12,32,19,38)(16,35,23,28)\n(18,40,25,37)(20,24,27,31)(22,34,29,39)(26,36,33,30)", "weight": 1}, {"from": "( 1,17,19,26,28, 9,11,18,20,39, 4,10,12,33,35, 3, 5,25,27,34)( 2,21,23,30,32,\n 13,15,22,24,40, 7,14,16,36,38, 6, 8,29,31,37)", "to": "( 1,13, 4, 6)( 2, 3, 7, 9)( 5,40,11,37)( 8,34,15,39)(10,38,17,32)(12,36,19,30)\n(14,28,21,35)(16,26,23,33)(18,31,25,24)(20,29,27,22)", "weight": 1}, {"from": "( 1,17,19,26,28, 9,11,18,20,39, 4,10,12,33,35, 3, 5,25,27,34)( 2,21,23,30,32,\n 13,15,22,24,40, 7,14,16,36,38, 6, 8,29,31,37)", "to": "( 1,15, 4, 8)( 2, 5, 7,11)( 3,14, 9,21)( 6,17,13,10)(12,38,19,32)(16,28,23,35)\n(18,37,25,40)(20,31,27,24)(22,39,29,34)(26,30,33,36)", "weight": 1}, {"from": "( 1,17,19,26,28, 9,11,18,20,39, 4,10,12,33,35, 3, 5,25,27,34)( 2,21,23,30,32,\n 13,15,22,24,40, 7,14,16,36,38, 6, 8,29,31,37)", "to": "( 1,16, 4,23)( 2,19, 7,12)( 3,29, 9,22)( 5, 8,11,15)( 6,18,13,25)(10,21,17,14)\n(20,32,27,38)(24,35,31,28)(26,40,33,37)(30,34,36,39)", "weight": 1}, {"from": "( 1,17,19,26,28, 9,11,18,20,39, 4,10,12,33,35, 3, 5,25,27,34)( 2,21,23,30,32,\n 13,15,22,24,40, 7,14,16,36,38, 6, 8,29,31,37)", "to": "( 1,21, 4,14)( 2,10, 7,17)( 3,15, 9, 8)( 5,13,11, 6)(12,40,19,37)(16,34,23,39)\n(18,38,25,32)(20,36,27,30)(22,28,29,35)(24,26,31,33)", "weight": 1}, {"from": "( 1,17,19,26,28, 9,11,18,20,39, 4,10,12,33,35, 3, 5,25,27,34)( 2,21,23,30,32,\n 13,15,22,24,40, 7,14,16,36,38, 6, 8,29,31,37)", "to": "( 1,22, 4,29)( 2,25, 7,18)( 3,16, 9,23)( 5,14,11,21)( 6,19,13,12)( 8,17,15,10)\n(20,37,27,40)(24,39,31,34)(26,32,33,38)(28,30,35,36)", "weight": 1}, {"from": "( 1,17,19,26,28, 9,11,18,20,39, 4,10,12,33,35, 3, 5,25,27,34)( 2,21,23,30,32,\n 13,15,22,24,40, 7,14,16,36,38, 6, 8,29,31,37)", "to": "( 1,23, 4,16)( 2,12, 7,19)( 3,22, 9,29)( 5,15,11, 8)( 6,25,13,18)(10,14,17,21)\n(20,38,27,32)(24,28,31,35)(26,37,33,40)(30,39,36,34)", "weight": 1}, {"from": "( 1,17,19,26,28, 9,11,18,20,39, 4,10,12,33,35, 3, 5,25,27,34)( 2,21,23,30,32,\n 13,15,22,24,40, 7,14,16,36,38, 6, 8,29,31,37)", "to": "( 1,24, 4,31)( 2,27, 7,20)( 3,36, 9,30)( 5,16,11,23)( 6,26,13,33)( 8,19,15,12)\n(10,29,17,22)(14,18,21,25)(28,32,35,38)(34,40,39,37)", "weight": 1}, {"from": "( 1,17,19,26,28, 9,11,18,20,39, 4,10,12,33,35, 3, 5,25,27,34)( 2,21,23,30,32,\n 13,15,22,24,40, 7,14,16,36,38, 6, 8,29,31,37)", "to": "( 1,29, 4,22)( 2,18, 7,25)( 3,23, 9,16)( 5,21,11,14)( 6,12,13,19)( 8,10,15,17)\n(20,40,27,37)(24,34,31,39)(26,38,33,32)(28,36,35,30)", "weight": 1}, {"from": "( 1,17,19,26,28, 9,11,18,20,39, 4,10,12,33,35, 3, 5,25,27,34)( 2,21,23,30,32,\n 13,15,22,24,40, 7,14,16,36,38, 6, 8,29,31,37)", "to": "( 1,30, 4,36)( 2,33, 7,26)( 3,24, 9,31)( 5,22,11,29)( 6,27,13,20)( 8,25,15,18)\n(10,16,17,23)(12,14,19,21)(28,37,35,40)(32,39,38,34)", "weight": 1}, {"from": "( 1,17,19,26,28, 9,11,18,20,39, 4,10,12,33,35, 3, 5,25,27,34)( 2,21,23,30,32,\n 13,15,22,24,40, 7,14,16,36,38, 6, 8,29,31,37)", "to": "( 1,31, 4,24)( 2,20, 7,27)( 3,30, 9,36)( 5,23,11,16)( 6,33,13,26)( 8,12,15,19)\n(10,22,17,29)(14,25,21,18)(28,38,35,32)(34,37,39,40)", "weight": 1}, {"from": "( 1,17,19,26,28, 9,11,18,20,39, 4,10,12,33,35, 3, 5,25,27,34)( 2,21,23,30,32,\n 13,15,22,24,40, 7,14,16,36,38, 6, 8,29,31,37)", "to": "( 1,32, 4,38)( 2,35, 7,28)( 3,40, 9,37)( 5,24,11,31)( 6,34,13,39)( 8,27,15,20)\n(10,36,17,30)(12,16,19,23)(14,26,21,33)(18,29,25,22)", "weight": 1}, {"from": "( 1,17,19,26,28, 9,11,18,20,39, 4,10,12,33,35, 3, 5,25,27,34)( 2,21,23,30,32,\n 13,15,22,24,40, 7,14,16,36,38, 6, 8,29,31,37)", "to": "( 1,36, 4,30)( 2,26, 7,33)( 3,31, 9,24)( 5,29,11,22)( 6,20,13,27)( 8,18,15,25)\n(10,23,17,16)(12,21,19,14)(28,40,35,37)(32,34,38,39)", "weight": 1}, {"from": "( 1,17,19,26,28, 9,11,18,20,39, 4,10,12,33,35, 3, 5,25,27,34)( 2,21,23,30,32,\n 13,15,22,24,40, 7,14,16,36,38, 6, 8,29,31,37)", "to": "( 1,37, 4,40)( 2,39, 7,34)( 3,32, 9,38)( 5,30,11,36)( 6,35,13,28)( 8,33,15,26)\n(10,24,17,31)(12,22,19,29)(14,27,21,20)(16,25,23,18)", "weight": 1}, {"from": "( 1,17,19,26,28, 9,11,18,20,39, 4,10,12,33,35, 3, 5,25,27,34)( 2,21,23,30,32,\n 13,15,22,24,40, 7,14,16,36,38, 6, 8,29,31,37)", "to": "( 1,38, 4,32)( 2,28, 7,35)( 3,37, 9,40)( 5,31,11,24)( 6,39,13,34)( 8,20,15,27)\n(10,30,17,36)(12,23,19,16)(14,33,21,26)(18,22,25,29)", "weight": 1}, {"from": "( 1,17,19,26,28, 9,11,18,20,39, 4,10,12,33,35, 3, 5,25,27,34)( 2,21,23,30,32,\n 13,15,22,24,40, 7,14,16,36,38, 6, 8,29,31,37)", "to": "( 1,40, 4,37)( 2,34, 7,39)( 3,38, 9,32)( 5,36,11,30)( 6,28,13,35)( 8,26,15,33)\n(10,31,17,24)(12,29,19,22)(14,20,21,27)(16,18,23,25)", "weight": 1}, {"from": "( 1,18,35,17,20, 3,19,39, 5,26, 4,25,28,10,27, 9,12,34,11,33)( 2,22,38,21,24,\n  6,23,40, 8,30, 7,29,32,14,31,13,16,37,15,36)", "to": "( 1, 6, 4,13)( 2, 9, 7, 3)( 5,37,11,40)( 8,39,15,34)(10,32,17,38)(12,30,19,36)\n(14,35,21,28)(16,33,23,26)(18,24,25,31)(20,22,27,29)", "weight": 1}, {"from": "( 1,18,35,17,20, 3,19,39, 5,26, 4,25,28,10,27, 9,12,34,11,33)( 2,22,38,21,24,\n  6,23,40, 8,30, 7,29,32,14,31,13,16,37,15,36)", "to": "( 1, 7, 4, 2)( 3, 6, 9,13)( 5,38,11,32)( 8,28,15,35)(10,37,17,40)(12,31,19,24)\n(14,39,21,34)(16,20,23,27)(18,30,25,36)(22,33,29,26)", "weight": 1}, {"from": "( 1,18,35,17,20, 3,19,39, 5,26, 4,25,28,10,27, 9,12,34,11,33)( 2,22,38,21,24,\n  6,23,40, 8,30, 7,29,32,14,31,13,16,37,15,36)", "to": "( 1, 8, 4,15)( 2,11, 7, 5)( 3,21, 9,14)( 6,10,13,17)(12,32,19,38)(16,35,23,28)\n(18,40,25,37)(20,24,27,31)(22,34,29,39)(26,36,33,30)", "weight": 1}, {"from": "( 1,18,35,17,20, 3,19,39, 5,26, 4,25,28,10,27, 9,12,34,11,33)( 2,22,38,21,24,\n  6,23,40, 8,30, 7,29,32,14,31,13,16,37,15,36)", "to": "( 1,13, 4, 6)( 2, 3, 7, 9)( 5,40,11,37)( 8,34,15,39)(10,38,17,32)(12,36,19,30)\n(14,28,21,35)(16,26,23,33)(18,31,25,24)(20,29,27,22)", "weight": 1}, {"from": "( 1,18,35,17,20, 3,19,39, 5,26, 4,25,28,10,27, 9,12,34,11,33)( 2,22,38,21,24,\n  6,23,40, 8,30, 7,29,32,14,31,13,16,37,15,36)", "to": "( 1,15, 4, 8)( 2, 5, 7,11)( 3,14, 9,21)( 6,17,13,10)(12,38,19,32)(16,28,23,35)\n(18,37,25,40)(20,31,27,24)(22,39,29,34)(26,30,33,36)", "weight": 1}, {"from": "( 1,18,35,17,20, 3,19,39, 5,26, 4,25,28,10,27, 9,12,34,11,33)( 2,22,38,21,24,\n  6,23,40, 8,30, 7,29,32,14,31,13,16,37,15,36)", "to": "( 1,16, 4,23)( 2,19, 7,12)( 3,29, 9,22)( 5, 8,11,15)( 6,18,13,25)(10,21,17,14)\n(20,32,27,38)(24,35,31,28)(26,40,33,37)(30,34,36,39)", "weight": 1}, {"from": "( 1,18,35,17,20, 3,19,39, 5,26, 4,25,28,10,27, 9,12,34,11,33)( 2,22,38,21,24,\n  6,23,40, 8,30, 7,29,32,14,31,13,16,37,15,36)", "to": "( 1,21, 4,14)( 2,10, 7,17)( 3,15, 9, 8)( 5,13,11, 6)(12,40,19,37)(16,34,23,39)\n(18,38,25,32)(20,36,27,30)(22,28,29,35)(24,26,31,33)", "weight": 1}, {"from": "( 1,18,35,17,20, 3,19,39, 5,26, 4,25,28,10,27, 9,12,34,11,33)( 2,22,38,21,24,\n  6,23,40, 8,30, 7,29,32,14,31,13,16,37,15,36)", "to": "( 1,22, 4,29)( 2,25, 7,18)( 3,16, 9,23)( 5,14,11,21)( 6,19,13,12)( 8,17,15,10)\n(20,37,27,40)(24,39,31,34)(26,32,33,38)(28,30,35,36)", "weight": 1}, {"from": "( 1,18,35,17,20, 3,19,39, 5,26, 4,25,28,10,27, 9,12,34,11,33)( 2,22,38,21,24,\n  6,23,40, 8,30, 7,29,32,14,31,13,16,37,15,36)", "to": "( 1,23, 4,16)( 2,12, 7,19)( 3,22, 9,29)( 5,15,11, 8)( 6,25,13,18)(10,14,17,21)\n(20,38,27,32)(24,28,31,35)(26,37,33,40)(30,39,36,34)", "weight": 1}, {"from": "( 1,18,35,17,20, 3,19,39, 5,26, 4,25,28,10,27, 9,12,34,11,33)( 2,22,38,21,24,\n  6,23,40, 8,30, 7,29,32,14,31,13,16,37,15,36)", "to": "( 1,24, 4,31)( 2,27, 7,20)( 3,36, 9,30)( 5,16,11,23)( 6,26,13,33)( 8,19,15,12)\n(10,29,17,22)(14,18,21,25)(28,32,35,38)(34,40,39,37)", "weight": 1}, {"from": "( 1,18,35,17,20, 3,19,39, 5,26, 4,25,28,10,27, 9,12,34,11,33)( 2,22,38,21,24,\n  6,23,40, 8,30, 7,29,32,14,31,13,16,37,15,36)", "to": "( 1,29, 4,22)( 2,18, 7,25)( 3,23, 9,16)( 5,21,11,14)( 6,12,13,19)( 8,10,15,17)\n(20,40,27,37)(24,34,31,39)(26,38,33,32)(28,36,35,30)", "weight": 1}, {"from": "( 1,18,35,17,20, 3,19,39, 5,26, 4,25,28,10,27, 9,12,34,11,33)( 2,22,38,21,24,\n  6,23,40, 8,30, 7,29,32,14,31,13,16,37,15,36)", "to": "( 1,30, 4,36)( 2,33, 7,26)( 3,24, 9,31)( 5,22,11,29)( 6,27,13,20)( 8,25,15,18)\n(10,16,17,23)(12,14,19,21)(28,37,35,40)(32,39,38,34)", "weight": 1}, {"from": "( 1,18,35,17,20, 3,19,39, 5,26, 4,25,28,10,27, 9,12,34,11,33)( 2,22,38,21,24,\n  6,23,40, 8,30, 7,29,32,14,31,13,16,37,15,36)", "to": "( 1,31, 4,24)( 2,20, 7,27)( 3,30, 9,36)( 5,23,11,16)( 6,33,13,26)( 8,12,15,19)\n(10,22,17,29)(14,25,21,18)(28,38,35,32)(34,37,39,40)", "weight": 1}, {"from": "( 1,18,35,17,20, 3,19,39, 5,26, 4,25,28,10,27, 9,12,34,11,33)( 2,22,38,21,24,\n  6,23,40, 8,30, 7,29,32,14,31,13,16,37,15,36)", "to": "( 1,32, 4,38)( 2,35, 7,28)( 3,40, 9,37)( 5,24,11,31)( 6,34,13,39)( 8,27,15,20)\n(10,36,17,30)(12,16,19,23)(14,26,21,33)(18,29,25,22)", "weight": 1}, {"from": "( 1,18,35,17,20, 3,19,39, 5,26, 4,25,28,10,27, 9,12,34,11,33)( 2,22,38,21,24,\n  6,23,40, 8,30, 7,29,32,14,31,13,16,37,15,36)", "to": "( 1,36, 4,30)( 2,26, 7,33)( 3,31, 9,24)( 5,29,11,22)( 6,20,13,27)( 8,18,15,25)\n(10,23,17,16)(12,21,19,14)(28,40,35,37)(32,34,38,39)", "weight": 1}, {"from": "( 1,18,35,17,20, 3,19,39, 5,26, 4,25,28,10,27, 9,12,34,11,33)( 2,22,38,21,24,\n  6,23,40, 8,30, 7,29,32,14,31,13,16,37,15,36)", "to": "( 1,37, 4,40)( 2,39, 7,34)( 3,32, 9,38)( 5,30,11,36)( 6,35,13,28)( 8,33,15,26)\n(10,24,17,31)(12,22,19,29)(14,27,21,20)(16,25,23,18)", "weight": 1}, {"from": "( 1,18,35,17,20, 3,19,39, 5,26, 4,25,28,10,27, 9,12,34,11,33)( 2,22,38,21,24,\n  6,23,40, 8,30, 7,29,32,14,31,13,16,37,15,36)", "to": "( 1,38, 4,32)( 2,28, 7,35)( 3,37, 9,40)( 5,31,11,24)( 6,39,13,34)( 8,20,15,27)\n(10,30,17,36)(12,23,19,16)(14,33,21,26)(18,22,25,29)", "weight": 1}, {"from": "( 1,18,35,17,20, 3,19,39, 5,26, 4,25,28,10,27, 9,12,34,11,33)( 2,22,38,21,24,\n  6,23,40, 8,30, 7,29,32,14,31,13,16,37,15,36)", "to": "( 1,40, 4,37)( 2,34, 7,39)( 3,38, 9,32)( 5,36,11,30)( 6,28,13,35)( 8,26,15,33)\n(10,31,17,24)(12,29,19,22)(14,20,21,27)(16,18,23,25)", "weight": 1}, {"from": "( 1,21, 4,14)( 2,10, 7,17)( 3,15, 9, 8)( 5,13,11, 6)(12,40,19,37)(16,34,23,39)\n(18,38,25,32)(20,36,27,30)(22,28,29,35)(24,26,31,33)", "to": "( 1, 7, 4, 2)( 3, 6, 9,13)( 5,38,11,32)( 8,28,15,35)(10,37,17,40)(12,31,19,24)\n(14,39,21,34)(16,20,23,27)(18,30,25,36)(22,33,29,26)", "weight": 1}, {"from": "( 1,21, 4,14)( 2,10, 7,17)( 3,15, 9, 8)( 5,13,11, 6)(12,40,19,37)(16,34,23,39)\n(18,38,25,32)(20,36,27,30)(22,28,29,35)(24,26,31,33)", "to": "( 1,16, 4,23)( 2,19, 7,12)( 3,29, 9,22)( 5, 8,11,15)( 6,18,13,25)(10,21,17,14)\n(20,32,27,38)(24,35,31,28)(26,40,33,37)(30,34,36,39)", "weight": 1}, {"from": "( 1,21, 4,14)( 2,10, 7,17)( 3,15, 9, 8)( 5,13,11, 6)(12,40,19,37)(16,34,23,39)\n(18,38,25,32)(20,36,27,30)(22,28,29,35)(24,26,31,33)", "to": "( 1,23, 4,16)( 2,12, 7,19)( 3,22, 9,29)( 5,15,11, 8)( 6,25,13,18)(10,14,17,21)\n(20,38,27,32)(24,28,31,35)(26,37,33,40)(30,39,36,34)", "weight": 1}, {"from": "( 1,21, 4,14)( 2,10, 7,17)( 3,15, 9, 8)( 5,13,11, 6)(12,40,19,37)(16,34,23,39)\n(18,38,25,32)(20,36,27,30)(22,28,29,35)(24,26,31,33)", "to": "( 1,24, 4,31)( 2,27, 7,20)( 3,36, 9,30)( 5,16,11,23)( 6,26,13,33)( 8,19,15,12)\n(10,29,17,22)(14,18,21,25)(28,32,35,38)(34,40,39,37)", "weight": 1}, {"from": "( 1,21, 4,14)( 2,10, 7,17)( 3,15, 9, 8)( 5,13,11, 6)(12,40,19,37)(16,34,23,39)\n(18,38,25,32)(20,36,27,30)(22,28,29,35)(24,26,31,33)", "to": "( 1,25,35,10,20, 9,19,34, 5,33, 4,18,28,17,27, 3,12,39,11,26)( 2,29,38,14,24,\n 13,23,37, 8,36, 7,22,32,21,31, 6,16,40,15,30)", "weight": 1}, {"from": "( 1,21, 4,14)( 2,10, 7,17)( 3,15, 9, 8)( 5,13,11, 6)(12,40,19,37)(16,34,23,39)\n(18,38,25,32)(20,36,27,30)(22,28,29,35)(24,26,31,33)", "to": "( 1,26,11,39,12, 3,27,17,28,18, 4,33, 5,34,19, 9,20,10,35,25)( 2,30,15,40,16,\n  6,31,21,32,22, 7,36, 8,37,23,13,24,14,38,29)", "weight": 1}, {"from": "( 1,21, 4,14)( 2,10, 7,17)( 3,15, 9, 8)( 5,13,11, 6)(12,40,19,37)(16,34,23,39)\n(18,38,25,32)(20,36,27,30)(22,28,29,35)(24,26,31,33)", "to": "( 1,31, 4,24)( 2,20, 7,27)( 3,30, 9,36)( 5,23,11,16)( 6,33,13,26)( 8,12,15,19)\n(10,22,17,29)(14,25,21,18)(28,38,35,32)(34,37,39,40)", "weight": 1}, {"from": "( 1,21, 4,14)( 2,10, 7,17)( 3,15, 9, 8)( 5,13,11, 6)(12,40,19,37)(16,34,23,39)\n(18,38,25,32)(20,36,27,30)(22,28,29,35)(24,26,31,33)", "to": "( 1,32, 4,38)( 2,35, 7,28)( 3,40, 9,37)( 5,24,11,31)( 6,34,13,39)( 8,27,15,20)\n(10,36,17,30)(12,16,19,23)(14,26,21,33)(18,29,25,22)", "weight": 1}, {"from": "( 1,21, 4,14)( 2,10, 7,17)( 3,15, 9, 8)( 5,13,11, 6)(12,40,19,37)(16,34,23,39)\n(18,38,25,32)(20,36,27,30)(22,28,29,35)(24,26,31,33)", "to": "( 1,33,11,34,12, 9,27,10,28,25, 4,26, 5,39,19, 3,20,17,35,18)( 2,36,15,37,16,\n 13,31,14,32,29, 7,30, 8,40,23, 6,24,21,38,22)", "weight": 1}, {"from": "( 1,21, 4,14)( 2,10, 7,17)( 3,15, 9, 8)( 5,13,11, 6)(12,40,19,37)(16,34,23,39)\n(18,38,25,32)(20,36,27,30)(22,28,29,35)(24,26,31,33)", "to": "( 1,34,27,25, 5, 3,35,33,12,10, 4,39,20,18,11, 9,28,26,19,17)( 2,37,31,29, 8,\n  6,38,36,16,14, 7,40,24,22,15,13,32,30,23,21)", "weight": 1}, {"from": "( 1,21, 4,14)( 2,10, 7,17)( 3,15, 9, 8)( 5,13,11, 6)(12,40,19,37)(16,34,23,39)\n(18,38,25,32)(20,36,27,30)(22,28,29,35)(24,26,31,33)", "to": "( 1,38, 4,32)( 2,28, 7,35)( 3,37, 9,40)( 5,31,11,24)( 6,39,13,34)( 8,20,15,27)\n(10,30,17,36)(12,23,19,16)(14,33,21,26)(18,22,25,29)", "weight": 1}, {"from": "( 1,21, 4,14)( 2,10, 7,17)( 3,15, 9, 8)( 5,13,11, 6)(12,40,19,37)(16,34,23,39)\n(18,38,25,32)(20,36,27,30)(22,28,29,35)(24,26,31,33)", "to": "( 1,39,27,18, 5, 9,35,26,12,17, 4,34,20,25,11, 3,28,33,19,10)( 2,40,31,22, 8,\n 13,38,30,16,21, 7,37,24,29,15, 6,32,36,23,14)", "weight": 1}, {"from": "( 1,22, 4,29)( 2,25, 7,18)( 3,16, 9,23)( 5,14,11,21)( 6,19,13,12)( 8,17,15,10)\n(20,37,27,40)(24,39,31,34)(26,32,33,38)(28,30,35,36)", "to": "( 1, 7, 4, 2)( 3, 6, 9,13)( 5,38,11,32)( 8,28,15,35)(10,37,17,40)(12,31,19,24)\n(14,39,21,34)(16,20,23,27)(18,30,25,36)(22,33,29,26)", "weight": 1}, {"from": "( 1,22, 4,29)( 2,25, 7,18)( 3,16, 9,23)( 5,14,11,21)( 6,19,13,12)( 8,17,15,10)\n(20,37,27,40)(24,39,31,34)(26,32,33,38)(28,30,35,36)", "to": "( 1, 8, 4,15)( 2,11, 7, 5)( 3,21, 9,14)( 6,10,13,17)(12,32,19,38)(16,35,23,28)\n(18,40,25,37)(20,24,27,31)(22,34,29,39)(26,36,33,30)", "weight": 1}, {"from": "( 1,22, 4,29)( 2,25, 7,18)( 3,16, 9,23)( 5,14,11,21)( 6,19,13,12)( 8,17,15,10)\n(20,37,27,40)(24,39,31,34)(26,32,33,38)(28,30,35,36)", "to": "( 1,15, 4, 8)( 2, 5, 7,11)( 3,14, 9,21)( 6,17,13,10)(12,38,19,32)(16,28,23,35)\n(18,37,25,40)(20,31,27,24)(22,39,29,34)(26,30,33,36)", "weight": 1}, {"from": "( 1,22, 4,29)( 2,25, 7,18)( 3,16, 9,23)( 5,14,11,21)( 6,19,13,12)( 8,17,15,10)\n(20,37,27,40)(24,39,31,34)(26,32,33,38)(28,30,35,36)", "to": "( 1,24, 4,31)( 2,27, 7,20)( 3,36, 9,30)( 5,16,11,23)( 6,26,13,33)( 8,19,15,12)\n(10,29,17,22)(14,18,21