<html>
<head>
<link rel="stylesheet" href="https://cdnjs.cloudflare.com/ajax/libs/vis/4.16.1/vis.css" type="text/css" />
<script type="text/javascript" src="https://cdnjs.cloudflare.com/ajax/libs/vis/4.16.1/vis-network.min.js"> </script>
<center>
<h1></h1>
</center>

<!-- <link rel="stylesheet" href="../node_modules/vis/dist/vis.min.css" type="text/css" />
<script type="text/javascript" src="../node_modules/vis/dist/vis.js"> </script>-->

<style type="text/css">

        #mynetwork {
            width: 80%;
            height: 1000px;
            background-color: #ffffff;
            border: 1px solid lightgray;
            position: relative;
            float: left;
        }

        

        
        #config {
            float: left;
            width: 400px;
            height: 600px;
        }
        

        
</style>

</head>

<body>
<div id = "mynetwork"></div>


<div id = "config"></div>

<script type="text/javascript">

    // initialize global variables.
    var edges;
    var nodes;
    var network; 
    var container;
    var options, data;

    
    // This method is responsible for drawing the graph, returns the drawn network
    function drawGraph() {
        var container = document.getElementById('mynetwork');
        
        

        // parsing and collecting nodes and edges from the python
        nodes = new vis.DataSet([{"id": "( 1, 2)( 3, 5)( 4,12)( 6, 9)( 7,10)( 8,18)(11,15)(13,16)(14,24)(17,21)(19,22)\n(20,30)(23,27)(25,28)(26,36)(29,33)(31,34)(32,40)(35,38)(37,42)(39,41)", "label": "( 1, 2)( 3, 5)( 4,12)( 6, 9)( 7,10)( 8,18)(11,15)(13,16)(14,24)(17,21)(19,22)\n(20,30)(23,27)(25,28)(26,36)(29,33)(31,34)(32,40)(35,38)(37,42)(39,41)", "shape": "dot", "size": 10}, {"id": "( 1, 8,21,13,26,38,31, 4,15, 7,20,33,25,37, 9, 3,14,27,19,32,41)\n( 2,11,24,16,29,40,34, 6,18,10,23,36,28,39,12, 5,17,30,22,35,42)", "label": "( 1, 8,21,13,26,38,31, 4,15, 7,20,33,25,37, 9, 3,14,27,19,32,41)\n( 2,11,24,16,29,40,34, 6,18,10,23,36,28,39,12, 5,17,30,22,35,42)", "shape": "dot", "size": 10}, {"id": "( 1,11, 7,23,19,35,31, 6, 3,17,13,29,25,39)( 2, 8,10,20,22,32,34, 4, 5,14,16,\n 26,28,37)( 9,18,21,30,33,40,41,12,15,24,27,36,38,42)", "label": "( 1,11, 7,23,19,35,31, 6, 3,17,13,29,25,39)( 2, 8,10,20,22,32,34, 4, 5,14,16,\n 26,28,37)( 9,18,21,30,33,40,41,12,15,24,27,36,38,42)", "shape": "dot", "size": 10}, {"id": "( 1,14,33,31, 8,27,25, 4,21,19,37,15,13,32, 9, 7,26,41, 3,20,38)\n( 2,17,36,34,11,30,28, 6,24,22,39,18,16,35,12,10,29,42, 5,23,40)", "label": "( 1,14,33,31, 8,27,25, 4,21,19,37,15,13,32, 9, 7,26,41, 3,20,38)\n( 2,17,36,34,11,30,28, 6,24,22,39,18,16,35,12,10,29,42, 5,23,40)", "shape": "dot", "size": 10}, {"id": "( 1,15,14,13,33,32,31, 9, 8, 7,27,26,25,41, 4, 3,21,20,19,38,37)\n( 2,18,17,16,36,35,34,12,11,10,30,29,28,42, 6, 5,24,23,22,40,39)", "label": "( 1,15,14,13,33,32,31, 9, 8, 7,27,26,25,41, 4, 3,21,20,19,38,37)\n( 2,18,17,16,36,35,34,12,11,10,30,29,28,42, 6, 5,24,23,22,40,39)", "shape": "dot", "size": 10}, {"id": "( 1,17,19,39, 3,23,25, 6, 7,29,31,11,13,35)( 2,14,22,37, 5,20,28, 4,10,26,34,\n  8,16,32)( 9,24,33,42,15,30,38,12,21,36,41,18,27,40)", "label": "( 1,17,19,39, 3,23,25, 6, 7,29,31,11,13,35)( 2,14,22,37, 5,20,28, 4,10,26,34,\n  8,16,32)( 9,24,33,42,15,30,38,12,21,36,41,18,27,40)", "shape": "dot", "size": 10}, {"id": "( 1,18, 7,30,19,40,31,12, 3,24,13,36,25,42)( 2,15,10,27,22,38,34, 9, 5,21,16,\n 33,28,41)( 4,11,14,23,26,35,37, 6, 8,17,20,29,32,39)", "label": "( 1,18, 7,30,19,40,31,12, 3,24,13,36,25,42)( 2,15,10,27,22,38,34, 9, 5,21,16,\n 33,28,41)( 4,11,14,23,26,35,37, 6, 8,17,20,29,32,39)", "shape": "dot", "size": 10}, {"id": "( 1,20,41, 7,32,15,19, 4,27,31,14,38, 3,26, 9,13,37,21,25, 8,33)\n( 2,23,42,10,35,18,22, 6,30,34,17,40, 5,29,12,16,39,24,28,11,36)", "label": "( 1,20,41, 7,32,15,19, 4,27,31,14,38, 3,26, 9,13,37,21,25, 8,33)\n( 2,23,42,10,35,18,22, 6,30,34,17,40, 5,29,12,16,39,24,28,11,36)", "shape": "dot", "size": 10}, {"id": "( 1,21,26,31,15,20,25, 9,14,19,41, 8,13,38, 4, 7,33,37, 3,27,32)\n( 2,24,29,34,18,23,28,12,17,22,42,11,16,40, 6,10,36,39, 5,30,35)", "label": "( 1,21,26,31,15,20,25, 9,14,19,41, 8,13,38, 4, 7,33,37, 3,27,32)\n( 2,24,29,34,18,23,28,12,17,22,42,11,16,40, 6,10,36,39, 5,30,35)", "shape": "dot", "size": 10}, {"id": "( 1,23,31,17,25,11,19, 6,13,39, 7,35, 3,29)( 2,20,34,14,28, 8,22, 4,16,37,10,\n 32, 5,26)( 9,30,41,24,38,18,33,12,27,42,21,40,15,36)", "label": "( 1,23,31,17,25,11,19, 6,13,39, 7,35, 3,29)( 2,20,34,14,28, 8,22, 4,16,37,10,\n 32, 5,26)( 9,30,41,24,38,18,33,12,27,42,21,40,15,36)", "shape": "dot", "size": 10}, {"id": "( 1,24,19,42, 3,30,25,12, 7,36,31,18,13,40)( 2,21,22,41, 5,27,28, 9,10,33,34,\n 15,16,38)( 4,17,26,39, 8,23,32, 6,14,29,37,11,20,35)", "label": "( 1,24,19,42, 3,30,25,12, 7,36,31,18,13,40)( 2,21,22,41, 5,27,28, 9,10,33,34,\n 15,16,38)( 4,17,26,39, 8,23,32, 6,14,29,37,11,20,35)", "shape": "dot", "size": 10}, {"id": "( 1,26,15,25,14,41,13, 4,33, 3,32,21,31,20, 9,19, 8,38, 7,37,27)\n( 2,29,18,28,17,42,16, 6,36, 5,35,24,34,23,12,22,11,40,10,39,30)", "label": "( 1,26,15,25,14,41,13, 4,33, 3,32,21,31,20, 9,19, 8,38, 7,37,27)\n( 2,29,18,28,17,42,16, 6,36, 5,35,24,34,23,12,22,11,40,10,39,30)", "shape": "dot", "size": 10}, {"id": "( 1,27,37, 7,38, 8,19, 9,20,31,21,32, 3,33, 4,13,41,14,25,15,26)\n( 2,30,39,10,40,11,22,12,23,34,24,35, 5,36, 6,16,42,17,28,18,29)", "label": "( 1,27,37, 7,38, 8,19, 9,20,31,21,32, 3,33, 4,13,41,14,25,15,26)\n( 2,30,39,10,40,11,22,12,23,34,24,35, 5,36, 6,16,42,17,28,18,29)", "shape": "dot", "size": 10}, {"id": "( 1,29, 3,35, 7,39,13, 6,19,11,25,17,31,23)( 2,26, 5,32,10,37,16, 4,22, 8,28,\n 14,34,20)( 9,36,15,40,21,42,27,12,33,18,38,24,41,30)", "label": "( 1,29, 3,35, 7,39,13, 6,19,11,25,17,31,23)( 2,26, 5,32,10,37,16, 4,22, 8,28,\n 14,34,20)( 9,36,15,40,21,42,27,12,33,18,38,24,41,30)", "shape": "dot", "size": 10}, {"id": "( 1,30,31,24,25,18,19,12,13,42, 7,40, 3,36)( 2,27,34,21,28,15,22, 9,16,41,10,\n 38, 5,33)( 4,23,37,17,32,11,26, 6,20,39,14,35, 8,29)", "label": "( 1,30,31,24,25,18,19,12,13,42, 7,40, 3,36)( 2,27,34,21,28,15,22, 9,16,41,10,\n 38, 5,33)( 4,23,37,17,32,11,26, 6,20,39,14,35, 8,29)", "shape": "dot", "size": 10}, {"id": "( 1,32,27, 3,37,33, 7, 4,38,13, 8,41,19,14, 9,25,20,15,31,26,21)\n( 2,35,30, 5,39,36,10, 6,40,16,11,42,22,17,12,28,23,18,34,29,24)", "label": "( 1,32,27, 3,37,33, 7, 4,38,13, 8,41,19,14, 9,25,20,15,31,26,21)\n( 2,35,30, 5,39,36,10, 6,40,16,11,42,22,17,12,28,23,18,34,29,24)", "shape": "dot", "size": 10}, {"id": "( 1,33, 8,25,21,37,13, 9,26, 3,38,14,31,27, 4,19,15,32, 7,41,20)\n( 2,36,11,28,24,39,16,12,29, 5,40,17,34,30, 6,22,18,35,10,42,23)", "label": "( 1,33, 8,25,21,37,13, 9,26, 3,38,14,31,27, 4,19,15,32, 7,41,20)\n( 2,36,11,28,24,39,16,12,29, 5,40,17,34,30, 6,22,18,35,10,42,23)", "shape": "dot", "size": 10}, {"id": "( 1,35,13,11,31,29, 7, 6,25,23, 3,39,19,17)( 2,32,16, 8,34,26,10, 4,28,20, 5,\n 37,22,14)( 9,40,27,18,41,36,21,12,38,30,15,42,33,24)", "label": "( 1,35,13,11,31,29, 7, 6,25,23, 3,39,19,17)( 2,32,16, 8,34,26,10, 4,28,20, 5,\n 37,22,14)( 9,40,27,18,41,36,21,12,38,30,15,42,33,24)", "shape": "dot", "size": 10}, {"id": "( 1,36, 3,40, 7,42,13,12,19,18,25,24,31,30)( 2,33, 5,38,10,41,16, 9,22,15,28,\n 21,34,27)( 4,29, 8,35,14,39,20, 6,26,11,32,17,37,23)", "label": "( 1,36, 3,40, 7,42,13,12,19,18,25,24,31,30)( 2,33, 5,38,10,41,16, 9,22,15,28,\n 21,34,27)( 4,29, 8,35,14,39,20, 6,26,11,32,17,37,23)", "shape": "dot", "size": 10}, {"id": "( 1,37,38,19,20,21, 3, 4,41,25,26,27, 7, 8, 9,31,32,33,13,14,15)\n( 2,39,40,22,23,24, 5, 6,42,28,29,30,10,11,12,34,35,36,16,17,18)", "label": "( 1,37,38,19,20,21, 3, 4,41,25,26,27, 7, 8, 9,31,32,33,13,14,15)\n( 2,39,40,22,23,24, 5, 6,42,28,29,30,10,11,12,34,35,36,16,17,18)", "shape": "dot", "size": 10}, {"id": "( 1,38,20, 3,41,26, 7, 9,32,13,15,37,19,21, 4,25,27, 8,31,33,14)\n( 2,40,23, 5,42,29,10,12,35,16,18,39,22,24, 6,28,30,11,34,36,17)", "label": "( 1,38,20, 3,41,26, 7, 9,32,13,15,37,19,21, 4,25,27, 8,31,33,14)\n( 2,40,23, 5,42,29,10,12,35,16,18,39,22,24, 6,28,30,11,34,36,17)", "shape": "dot", "size": 10}, {"id": "( 1,39,25,29,13,17, 3, 6,31,35,19,23, 7,11)( 2,37,28,26,16,14, 5, 4,34,32,22,\n 20,10, 8)( 9,42,38,36,27,24,15,12,41,40,33,30,21,18)", "label": "( 1,39,25,29,13,17, 3, 6,31,35,19,23, 7,11)( 2,37,28,26,16,14, 5, 4,34,32,22,\n 20,10, 8)( 9,42,38,36,27,24,15,12,41,40,33,30,21,18)", "shape": "dot", "size": 10}, {"id": "( 1,40,13,18,31,36, 7,12,25,30, 3,42,19,24)( 2,38,16,15,34,33,10, 9,28,27, 5,\n 41,22,21)( 4,35,20,11,37,29,14, 6,32,23, 8,39,26,17)", "label": "( 1,40,13,18,31,36, 7,12,25,30, 3,42,19,24)( 2,38,16,15,34,33,10, 9,28,27, 5,\n 41,22,21)( 4,35,20,11,37,29,14, 6,32,23, 8,39,26,17)", "shape": "dot", "size": 10}, {"id": "( 1,41,32,19,27,14, 3, 9,37,25,33,20, 7,15, 4,31,38,26,13,21, 8)\n( 2,42,35,22,30,17, 5,12,39,28,36,23,10,18, 6,34,40,29,16,24,11)", "label": "( 1,41,32,19,27,14, 3, 9,37,25,33,20, 7,15, 4,31,38,26,13,21, 8)\n( 2,42,35,22,30,17, 5,12,39,28,36,23,10,18, 6,34,40,29,16,24,11)", "shape": "dot", "size": 10}, {"id": "( 1,42,25,36,13,24, 3,12,31,40,19,30, 7,18)( 2,41,28,33,16,21, 5, 9,34,38,22,\n 27,10,15)( 4,39,32,29,20,17, 8, 6,37,35,26,23,14,11)", "label": "( 1,42,25,36,13,24, 3,12,31,40,19,30, 7,18)( 2,41,28,33,16,21, 5, 9,34,38,22,\n 27,10,15)( 4,39,32,29,20,17, 8, 6,37,35,26,23,14,11)", "shape": "dot", "size": 10}, {"id": "( 1, 5, 7,16,19,28,31, 2, 3,10,13,22,25,34)( 4,18,14,30,26,40,37,12, 8,24,20,\n 36,32,42)( 6,15,17,27,29,38,39, 9,11,21,23,33,35,41)", "label": "( 1, 5, 7,16,19,28,31, 2, 3,10,13,22,25,34)( 4,18,14,30,26,40,37,12, 8,24,20,\n 36,32,42)( 6,15,17,27,29,38,39, 9,11,21,23,33,35,41)", "shape": "dot", "size": 10}, {"id": "( 1, 6)( 2, 4)( 3,11)( 5, 8)( 7,17)( 9,12)(10,14)(13,23)(15,18)(16,20)(19,29)\n(21,24)(22,26)(25,35)(27,30)(28,32)(31,39)(33,36)(34,37)(38,40)(41,42)", "label": "( 1, 6)( 2, 4)( 3,11)( 5, 8)( 7,17)( 9,12)(10,14)(13,23)(15,18)(16,20)(19,29)\n(21,24)(22,26)(25,35)(27,30)(28,32)(31,39)(33,36)(34,37)(38,40)(41,42)", "shape": "dot", "size": 10}, {"id": "( 1,10,19,34, 3,16,25, 2, 7,22,31, 5,13,28)( 4,24,26,42, 8,30,32,12,14,36,37,\n 18,20,40)( 6,21,29,41,11,27,35, 9,17,33,39,15,23,38)", "label": "( 1,10,19,34, 3,16,25, 2, 7,22,31, 5,13,28)( 4,24,26,42, 8,30,32,12,14,36,37,\n 18,20,40)( 6,21,29,41,11,27,35, 9,17,33,39,15,23,38)", "shape": "dot", "size": 10}, {"id": "( 1,12)( 2, 9)( 3,18)( 4, 6)( 5,15)( 7,24)( 8,11)(10,21)(13,30)(14,17)(16,27)\n(19,36)(20,23)(22,33)(25,40)(26,29)(28,38)(31,42)(32,35)(34,41)(37,39)", "label": "( 1,12)( 2, 9)( 3,18)( 4, 6)( 5,15)( 7,24)( 8,11)(10,21)(13,30)(14,17)(16,27)\n(19,36)(20,23)(22,33)(25,40)(26,29)(28,38)(31,42)(32,35)(34,41)(37,39)", "shape": "dot", "size": 10}, {"id": "( 1,16,31,10,25, 5,19, 2,13,34, 7,28, 3,22)( 4,30,37,24,32,18,26,12,20,42,14,\n 40, 8,36)( 6,27,39,21,35,15,29, 9,23,41,17,38,11,33)", "label": "( 1,16,31,10,25, 5,19, 2,13,34, 7,28, 3,22)( 4,30,37,24,32,18,26,12,20,42,14,\n 40, 8,36)( 6,27,39,21,35,15,29, 9,23,41,17,38,11,33)", "shape": "dot", "size": 10}, {"id": "( 1,22, 3,28, 7,34,13, 2,19, 5,25,10,31,16)( 4,36, 8,40,14,42,20,12,26,18,32,\n 24,37,30)( 6,33,11,38,17,41,23, 9,29,15,35,21,39,27)", "label": "( 1,22, 3,28, 7,34,13, 2,19, 5,25,10,31,16)( 4,36, 8,40,14,42,20,12,26,18,32,\n 24,37,30)( 6,33,11,38,17,41,23, 9,29,15,35,21,39,27)", "shape": "dot", "size": 10}, {"id": "( 1,28,13, 5,31,22, 7, 2,25,16, 3,34,19,10)( 4,40,20,18,37,36,14,12,32,30, 8,\n 42,26,24)( 6,38,23,15,39,33,17, 9,35,27,11,41,29,21)", "label": "( 1,28,13, 5,31,22, 7, 2,25,16, 3,34,19,10)( 4,40,20,18,37,36,14,12,32,30, 8,\n 42,26,24)( 6,38,23,15,39,33,17, 9,35,27,11,41,29,21)", "shape": "dot", "size": 10}, {"id": "( 1,34,25,22,13,10, 3, 2,31,28,19,16, 7, 5)( 4,42,32,36,20,24, 8,12,37,40,26,\n 30,14,18)( 6,41,35,33,23,21,11, 9,39,38,29,27,17,15)", "label": "( 1,34,25,22,13,10, 3, 2,31,28,19,16, 7, 5)( 4,42,32,36,20,24, 8,12,37,40,26,\n 30,14,18)( 6,41,35,33,23,21,11, 9,39,38,29,27,17,15)", "shape": "dot", "size": 10}, {"id": "( 1, 4, 9)( 2, 6,12)( 3, 8,15)( 5,11,18)( 7,14,21)(10,17,24)(13,20,27)\n(16,23,30)(19,26,33)(22,29,36)(25,32,38)(28,35,40)(31,37,41)(34,39,42)", "label": "( 1, 4, 9)( 2, 6,12)( 3, 8,15)( 5,11,18)( 7,14,21)(10,17,24)(13,20,27)\n(16,23,30)(19,26,33)(22,29,36)(25,32,38)(28,35,40)(31,37,41)(34,39,42)", "shape": "dot", "size": 10}, {"id": "( 1, 9, 4)( 2,12, 6)( 3,15, 8)( 5,18,11)( 7,21,14)(10,24,17)(13,27,20)\n(16,30,23)(19,33,26)(22,36,29)(25,38,32)(28,40,35)(31,41,37)(34,42,39)", "label": "( 1, 9, 4)( 2,12, 6)( 3,15, 8)( 5,18,11)( 7,21,14)(10,24,17)(13,27,20)\n(16,30,23)(19,33,26)(22,36,29)(25,38,32)(28,40,35)(31,41,37)(34,42,39)", "shape": "dot", "size": 10}]);
        edges = new vis.DataSet([{"from": "( 1, 2)( 3, 5)( 4,12)( 6, 9)( 7,10)( 8,18)(11,15)(13,16)(14,24)(17,21)(19,22)\n(20,30)(23,27)(25,28)(26,36)(29,33)(31,34)(32,40)(35,38)(37,42)(39,41)", "to": "( 1, 8,21,13,26,38,31, 4,15, 7,20,33,25,37, 9, 3,14,27,19,32,41)\n( 2,11,24,16,29,40,34, 6,18,10,23,36,28,39,12, 5,17,30,22,35,42)", "weight": 1}, {"from": "( 1, 2)( 3, 5)( 4,12)( 6, 9)( 7,10)( 8,18)(11,15)(13,16)(14,24)(17,21)(19,22)\n(20,30)(23,27)(25,28)(26,36)(29,33)(31,34)(32,40)(35,38)(37,42)(39,41)", "to": "( 1,11, 7,23,19,35,31, 6, 3,17,13,29,25,39)( 2, 8,10,20,22,32,34, 4, 5,14,16,\n 26,28,37)( 9,18,21,30,33,40,41,12,15,24,27,36,38,42)", "weight": 1}, {"from": "( 1, 2)( 3, 5)( 4,12)( 6, 9)( 7,10)( 8,18)(11,15)(13,16)(14,24)(17,21)(19,22)\n(20,30)(23,27)(25,28)(26,36)(29,33)(31,34)(32,40)(35,38)(37,42)(39,41)", "to": "( 1,14,33,31, 8,27,25, 4,21,19,37,15,13,32, 9, 7,26,41, 3,20,38)\n( 2,17,36,34,11,30,28, 6,24,22,39,18,16,35,12,10,29,42, 5,23,40)", "weight": 1}, {"from": "( 1, 2)( 3, 5)( 4,12)( 6, 9)( 7,10)( 8,18)(11,15)(13,16)(14,24)(17,21)(19,22)\n(20,30)(23,27)(25,28)(26,36)(29,33)(31,34)(32,40)(35,38)(37,42)(39,41)", "to": "( 1,15,14,13,33,32,31, 9, 8, 7,27,26,25,41, 4, 3,21,20,19,38,37)\n( 2,18,17,16,36,35,34,12,11,10,30,29,28,42, 6, 5,24,23,22,40,39)", "weight": 1}, {"from": "( 1, 2)( 3, 5)( 4,12)( 6, 9)( 7,10)( 8,18)(11,15)(13,16)(14,24)(17,21)(19,22)\n(20,30)(23,27)(25,28)(26,36)(29,33)(31,34)(32,40)(35,38)(37,42)(39,41)", "to": "( 1,17,19,39, 3,23,25, 6, 7,29,31,11,13,35)( 2,14,22,37, 5,20,28, 4,10,26,34,\n  8,16,32)( 9,24,33,42,15,30,38,12,21,36,41,18,27,40)", "weight": 1}, {"from": "( 1, 2)( 3, 5)( 4,12)( 6, 9)( 7,10)( 8,18)(11,15)(13,16)(14,24)(17,21)(19,22)\n(20,30)(23,27)(25,28)(26,36)(29,33)(31,34)(32,40)(35,38)(37,42)(39,41)", "to": "( 1,18, 7,30,19,40,31,12, 3,24,13,36,25,42)( 2,15,10,27,22,38,34, 9, 5,21,16,\n 33,28,41)( 4,11,14,23,26,35,37, 6, 8,17,20,29,32,39)", "weight": 1}, {"from": "( 1, 2)( 3, 5)( 4,12)( 6, 9)( 7,10)( 8,18)(11,15)(13,16)(14,24)(17,21)(19,22)\n(20,30)(23,27)(25,28)(26,36)(29,33)(31,34)(32,40)(35,38)(37,42)(39,41)", "to": "( 1,20,41, 7,32,15,19, 4,27,31,14,38, 3,26, 9,13,37,21,25, 8,33)\n( 2,23,42,10,35,18,22, 6,30,34,17,40, 5,29,12,16,39,24,28,11,36)", "weight": 1}, {"from": "( 1, 2)( 3, 5)( 4,12)( 6, 9)( 7,10)( 8,18)(11,15)(13,16)(14,24)(17,21)(19,22)\n(20,30)(23,27)(25,28)(26,36)(29,33)(31,34)(32,40)(35,38)(37,42)(39,41)", "to": "( 1,21,26,31,15,20,25, 9,14,19,41, 8,13,38, 4, 7,33,37, 3,27,32)\n( 2,24,29,34,18,23,28,12,17,22,42,11,16,40, 6,10,36,39, 5,30,35)", "weight": 1}, {"from": "( 1, 2)( 3, 5)( 4,12)( 6, 9)( 7,10)( 8,18)(11,15)(13,16)(14,24)(17,21)(19,22)\n(20,30)(23,27)(25,28)(26,36)(29,33)(31,34)(32,40)(35,38)(37,42)(39,41)", "to": "( 1,23,31,17,25,11,19, 6,13,39, 7,35, 3,29)( 2,20,34,14,28, 8,22, 4,16,37,10,\n 32, 5,26)( 9,30,41,24,38,18,33,12,27,42,21,40,15,36)", "weight": 1}, {"from": "( 1, 2)( 3, 5)( 4,12)( 6, 9)( 7,10)( 8,18)(11,15)(13,16)(14,24)(17,21)(19,22)\n(20,30)(23,27)(25,28)(26,36)(29,33)(31,34)(32,40)(35,38)(37,42)(39,41)", "to": "( 1,24,19,42, 3,30,25,12, 7,36,31,18,13,40)( 2,21,22,41, 5,27,28, 9,10,33,34,\n 15,16,38)( 4,17,26,39, 8,23,32, 6,14,29,37,11,20,35)", "weight": 1}, {"from": "( 1, 2)( 3, 5)( 4,12)( 6, 9)( 7,10)( 8,18)(11,15)(13,16)(14,24)(17,21)(19,22)\n(20,30)(23,27)(25,28)(26,36)(29,33)(31,34)(32,40)(35,38)(37,42)(39,41)", "to": "( 1,26,15,25,14,41,13, 4,33, 3,32,21,31,20, 9,19, 8,38, 7,37,27)\n( 2,29,18,28,17,42,16, 6,36, 5,35,24,34,23,12,22,11,40,10,39,30)", "weight": 1}, {"from": "( 1, 2)( 3, 5)( 4,12)( 6, 9)( 7,10)( 8,18)(11,15)(13,16)(14,24)(17,21)(19,22)\n(20,30)(23,27)(25,28)(26,36)(29,33)(31,34)(32,40)(35,38)(37,42)(39,41)", "to": "( 1,27,37, 7,38, 8,19, 9,20,31,21,32, 3,33, 4,13,41,14,25,15,26)\n( 2,30,39,10,40,11,22,12,23,34,24,35, 5,36, 6,16,42,17,28,18,29)", "weight": 1}, {"from": "( 1, 2)( 3, 5)( 4,12)( 6, 9)( 7,10)( 8,18)(11,15)(13,16)(14,24)(17,21)(19,22)\n(20,30)(23,27)(25,28)(26,36)(29,33)(31,34)(32,40)(35,38)(37,42)(39,41)", "to": "( 1,29, 3,35, 7,39,13, 6,19,11,25,17,31,23)( 2,26, 5,32,10,37,16, 4,22, 8,28,\n 14,34,20)( 9,36,15,40,21,42,27,12,33,18,38,24,41,30)", "weight": 1}, {"from": "( 1, 2)( 3, 5)( 4,12)( 6, 9)( 7,10)( 8,18)(11,15)(13,16)(14,24)(17,21)(19,22)\n(20,30)(23,27)(25,28)(26,36)(29,33)(31,34)(32,40)(35,38)(37,42)(39,41)", "to": "( 1,30,31,24,25,18,19,12,13,42, 7,40, 3,36)( 2,27,34,21,28,15,22, 9,16,41,10,\n 38, 5,33)( 4,23,37,17,32,11,26, 6,20,39,14,35, 8,29)", "weight": 1}, {"from": "( 1, 2)( 3, 5)( 4,12)( 6, 9)( 7,10)( 8,18)(11,15)(13,16)(14,24)(17,21)(19,22)\n(20,30)(23,27)(25,28)(26,36)(29,33)(31,34)(32,40)(35,38)(37,42)(39,41)", "to": "( 1,32,27, 3,37,33, 7, 4,38,13, 8,41,19,14, 9,25,20,15,31,26,21)\n( 2,35,30, 5,39,36,10, 6,40,16,11,42,22,17,12,28,23,18,34,29,24)", "weight": 1}, {"from": "( 1, 2)( 3, 5)( 4,12)( 6, 9)( 7,10)( 8,18)(11,15)(13,16)(14,24)(17,21)(19,22)\n(20,30)(23,27)(25,28)(26,36)(29,33)(31,34)(32,40)(35,38)(37,42)(39,41)", "to": "( 1,33, 8,25,21,37,13, 9,26, 3,38,14,31,27, 4,19,15,32, 7,41,20)\n( 2,36,11,28,24,39,16,12,29, 5,40,17,34,30, 6,22,18,35,10,42,23)", "weight": 1}, {"from": "( 1, 2)( 3, 5)( 4,12)( 6, 9)( 7,10)( 8,18)(11,15)(13,16)(14,24)(17,21)(19,22)\n(20,30)(23,27)(25,28)(26,36)(29,33)(31,34)(32,40)(35,38)(37,42)(39,41)", "to": "( 1,35,13,11,31,29, 7, 6,25,23, 3,39,19,17)( 2,32,16, 8,34,26,10, 4,28,20, 5,\n 37,22,14)( 9,40,27,18,41,36,21,12,38,30,15,42,33,24)", "weight": 1}, {"from": "( 1, 2)( 3, 5)( 4,12)( 6, 9)( 7,10)( 8,18)(11,15)(13,16)(14,24)(17,21)(19,22)\n(20,30)(23,27)(25,28)(26,36)(29,33)(31,34)(32,40)(35,38)(37,42)(39,41)", "to": "( 1,36, 3,40, 7,42,13,12,19,18,25,24,31,30)( 2,33, 5,38,10,41,16, 9,22,15,28,\n 21,34,27)( 4,29, 8,35,14,39,20, 6,26,11,32,17,37,23)", "weight": 1}, {"from": "( 1, 2)( 3, 5)( 4,12)( 6, 9)( 7,10)( 8,18)(11,15)(13,16)(14,24)(17,21)(19,22)\n(20,30)(23,27)(25,28)(26,36)(29,33)(31,34)(32,40)(35,38)(37,42)(39,41)", "to": "( 1,37,38,19,20,21, 3, 4,41,25,26,27, 7, 8, 9,31,32,33,13,14,15)\n( 2,39,40,22,23,24, 5, 6,42,28,29,30,10,11,12,34,35,36,16,17,18)", "weight": 1}, {"from": "( 1, 2)( 3, 5)( 4,12)( 6, 9)( 7,10)( 8,18)(11,15)(13,16)(14,24)(17,21)(19,22)\n(20,30)(23,27)(25,28)(26,36)(29,33)(31,34)(32,40)(35,38)(37,42)(39,41)", "to": "( 1,38,20, 3,41,26, 7, 9,32,13,15,37,19,21, 4,25,27, 8,31,33,14)\n( 2,40,23, 5,42,29,10,12,35,16,18,39,22,24, 6,28,30,11,34,36,17)", "weight": 1}, {"from": "( 1, 2)( 3, 5)( 4,12)( 6, 9)( 7,10)( 8,18)(11,15)(13,16)(14,24)(17,21)(19,22)\n(20,30)(23,27)(25,28)(26,36)(29,33)(31,34)(32,40)(35,38)(37,42)(39,41)", "to": "( 1,39,25,29,13,17, 3, 6,31,35,19,23, 7,11)( 2,37,28,26,16,14, 5, 4,34,32,22,\n 20,10, 8)( 9,42,38,36,27,24,15,12,41,40,33,30,21,18)", "weight": 1}, {"from": "( 1, 2)( 3, 5)( 4,12)( 6, 9)( 7,10)( 8,18)(11,15)(13,16)(14,24)(17,21)(19,22)\n(20,30)(23,27)(25,28)(26,36)(29,33)(31,34)(32,40)(35,38)(37,42)(39,41)", "to": "( 1,40,13,18,31,36, 7,12,25,30, 3,42,19,24)( 2,38,16,15,34,33,10, 9,28,27, 5,\n 41,22,21)( 4,35,20,11,37,29,14, 6,32,23, 8,39,26,17)", "weight": 1}, {"from": "( 1, 2)( 3, 5)( 4,12)( 6, 9)( 7,10)( 8,18)(11,15)(13,16)(14,24)(17,21)(19,22)\n(20,30)(23,27)(25,28)(26,36)(29,33)(31,34)(32,40)(35,38)(37,42)(39,41)", "to": "( 1,41,32,19,27,14, 3, 9,37,25,33,20, 7,15, 4,31,38,26,13,21, 8)\n( 2,42,35,22,30,17, 5,12,39,28,36,23,10,18, 6,34,40,29,16,24,11)", "weight": 1}, {"from": "( 1, 2)( 3, 5)( 4,12)( 6, 9)( 7,10)( 8,18)(11,15)(13,16)(14,24)(17,21)(19,22)\n(20,30)(23,27)(25,28)(26,36)(29,33)(31,34)(32,40)(35,38)(37,42)(39,41)", "to": "( 1,42,25,36,13,24, 3,12,31,40,19,30, 7,18)( 2,41,28,33,16,21, 5, 9,34,38,22,\n 27,10,15)( 4,39,32,29,20,17, 8, 6,37,35,26,23,14,11)", "weight": 1}, {"from": "( 1, 8,21,13,26,38,31, 4,15, 7,20,33,25,37, 9, 3,14,27,19,32,41)\n( 2,11,24,16,29,40,34, 6,18,10,23,36,28,39,12, 5,17,30,22,35,42)", "to": "( 1, 5, 7,16,19,28,31, 2, 3,10,13,22,25,34)( 4,18,14,30,26,40,37,12, 8,24,20,\n 36,32,42)( 6,15,17,27,29,38,39, 9,11,21,23,33,35,41)", "weight": 1}, {"from": "( 1, 8,21,13,26,38,31, 4,15, 7,20,33,25,37, 9, 3,14,27,19,32,41)\n( 2,11,24,16,29,40,34, 6,18,10,23,36,28,39,12, 5,17,30,22,35,42)", "to": "( 1, 6)( 2, 4)( 3,11)( 5, 8)( 7,17)( 9,12)(10,14)(13,23)(15,18)(16,20)(19,29)\n(21,24)(22,26)(25,35)(27,30)(28,32)(31,39)(33,36)(34,37)(38,40)(41,42)", "weight": 1}, {"from": "( 1, 8,21,13,26,38,31, 4,15, 7,20,33,25,37, 9, 3,14,27,19,32,41)\n( 2,11,24,16,29,40,34, 6,18,10,23,36,28,39,12, 5,17,30,22,35,42)", "to": "( 1,10,19,34, 3,16,25, 2, 7,22,31, 5,13,28)( 4,24,26,42, 8,30,32,12,14,36,37,\n 18,20,40)( 6,21,29,41,11,27,35, 9,17,33,39,15,23,38)", "weight": 1}, {"from": "( 1, 8,21,13,26,38,31, 4,15, 7,20,33,25,37, 9, 3,14,27,19,32,41)\n( 2,11,24,16,29,40,34, 6,18,10,23,36,28,39,12, 5,17,30,22,35,42)", "to": "( 1,11, 7,23,19,35,31, 6, 3,17,13,29,25,39)( 2, 8,10,20,22,32,34, 4, 5,14,16,\n 26,28,37)( 9,18,21,30,33,40,41,12,15,24,27,36,38,42)", "weight": 1}, {"from": "( 1, 8,21,13,26,38,31, 4,15, 7,20,33,25,37, 9, 3,14,27,19,32,41)\n( 2,11,24,16,29,40,34, 6,18,10,23,36,28,39,12, 5,17,30,22,35,42)", "to": "( 1,12)( 2, 9)( 3,18)( 4, 6)( 5,15)( 7,24)( 8,11)(10,21)(13,30)(14,17)(16,27)\n(19,36)(20,23)(22,33)(25,40)(26,29)(28,38)(31,42)(32,35)(34,41)(37,39)", "weight": 1}, {"from": "( 1, 8,21,13,26,38,31, 4,15, 7,20,33,25,37, 9, 3,14,27,19,32,41)\n( 2,11,24,16,29,40,34, 6,18,10,23,36,28,39,12, 5,17,30,22,35,42)", "to": "( 1,16,31,10,25, 5,19, 2,13,34, 7,28, 3,22)( 4,30,37,24,32,18,26,12,20,42,14,\n 40, 8,36)( 6,27,39,21,35,15,29, 9,23,41,17,38,11,33)", "weight": 1}, {"from": "( 1, 8,21,13,26,38,31, 4,15, 7,20,33,25,37, 9, 3,14,27,19,32,41)\n( 2,11,24,16,29,40,34, 6,18,10,23,36,28,39,12, 5,17,30,22,35,42)", "to": "( 1,17,19,39, 3,23,25, 6, 7,29,31,11,13,35)( 2,14,22,37, 5,20,28, 4,10,26,34,\n  8,16,32)( 9,24,33,42,15,30,38,12,21,36,41,18,27,40)", "weight": 1}, {"from": "( 1, 8,21,13,26,38,31, 4,15, 7,20,33,25,37, 9, 3,14,27,19,32,41)\n( 2,11,24,16,29,40,34, 6,18,10,23,36,28,39,12, 5,17,30,22,35,42)", "to": "( 1,18, 7,30,19,40,31,12, 3,24,13,36,25,42)( 2,15,10,27,22,38,34, 9, 5,21,16,\n 33,28,41)( 4,11,14,23,26,35,37, 6, 8,17,20,29,32,39)", "weight": 1}, {"from": "( 1, 8,21,13,26,38,31, 4,15, 7,20,33,25,37, 9, 3,14,27,19,32,41)\n( 2,11,24,16,29,40,34, 6,18,10,23,36,28,39,12, 5,17,30,22,35,42)", "to": "( 1,22, 3,28, 7,34,13, 2,19, 5,25,10,31,16)( 4,36, 8,40,14,42,20,12,26,18,32,\n 24,37,30)( 6,33,11,38,17,41,23, 9,29,15,35,21,39,27)", "weight": 1}, {"from": "( 1, 8,21,13,26,38,31, 4,15, 7,20,33,25,37, 9, 3,14,27,19,32,41)\n( 2,11,24,16,29,40,34, 6,18,10,23,36,28,39,12, 5,17,30,22,35,42)", "to": "( 1,23,31,17,25,11,19, 6,13,39, 7,35, 3,29)( 2,20,34,14,28, 8,22, 4,16,37,10,\n 32, 5,26)( 9,30,41,24,38,18,33,12,27,42,21,40,15,36)", "weight": 1}, {"from": "( 1, 8,21,13,26,38,31, 4,15, 7,20,33,25,37, 9, 3,14,27,19,32,41)\n( 2,11,24,16,29,40,34, 6,18,10,23,36,28,39,12, 5,17,30,22,35,42)", "to": "( 1,24,19,42, 3,30,25,12, 7,36,31,18,13,40)( 2,21,22,41, 5,27,28, 9,10,33,34,\n 15,16,38)( 4,17,26,39, 8,23,32, 6,14,29,37,11,20,35)", "weight": 1}, {"from": "( 1, 8,21,13,26,38,31, 4,15, 7,20,33,25,37, 9, 3,14,27,19,32,41)\n( 2,11,24,16,29,40,34, 6,18,10,23,36,28,39,12, 5,17,30,22,35,42)", "to": "( 1,28,13, 5,31,22, 7, 2,25,16, 3,34,19,10)( 4,40,20,18,37,36,14,12,32,30, 8,\n 42,26,24)( 6,38,23,15,39,33,17, 9,35,27,11,41,29,21)", "weight": 1}, {"from": "( 1, 8,21,13,26,38,31, 4,15, 7,20,33,25,37, 9, 3,14,27,19,32,41)\n( 2,11,24,16,29,40,34, 6,18,10,23,36,28,39,12, 5,17,30,22,35,42)", "to": "( 1,29, 3,35, 7,39,13, 6,19,11,25,17,31,23)( 2,26, 5,32,10,37,16, 4,22, 8,28,\n 14,34,20)( 9,36,15,40,21,42,27,12,33,18,38,24,41,30)", "weight": 1}, {"from": "( 1, 8,21,13,26,38,31, 4,15, 7,20,33,25,37, 9, 3,14,27,19,32,41)\n( 2,11,24,16,29,40,34, 6,18,10,23,36,28,39,12, 5,17,30,22,35,42)", "to": "( 1,30,31,24,25,18,19,12,13,42, 7,40, 3,36)( 2,27,34,21,28,15,22, 9,16,41,10,\n 38, 5,33)( 4,23,37,17,32,11,26, 6,20,39,14,35, 8,29)", "weight": 1}, {"from": "( 1, 8,21,13,26,38,31, 4,15, 7,20,33,25,37, 9, 3,14,27,19,32,41)\n( 2,11,24,16,29,40,34, 6,18,10,23,36,28,39,12, 5,17,30,22,35,42)", "to": "( 1,34,25,22,13,10, 3, 2,31,28,19,16, 7, 5)( 4,42,32,36,20,24, 8,12,37,40,26,\n 30,14,18)( 6,41,35,33,23,21,11, 9,39,38,29,27,17,15)", "weight": 1}, {"from": "( 1, 8,21,13,26,38,31, 4,15, 7,20,33,25,37, 9, 3,14,27,19,32,41)\n( 2,11,24,16,29,40,34, 6,18,10,23,36,28,39,12, 5,17,30,22,35,42)", "to": "( 1,35,13,11,31,29, 7, 6,25,23, 3,39,19,17)( 2,32,16, 8,34,26,10, 4,28,20, 5,\n 37,22,14)( 9,40,27,18,41,36,21,12,38,30,15,42,33,24)", "weight": 1}, {"from": "( 1, 8,21,13,26,38,31, 4,15, 7,20,33,25,37, 9, 3,14,27,19,32,41)\n( 2,11,24,16,29,40,34, 6,18,10,23,36,28,39,12, 5,17,30,22,35,42)", "to": "( 1,36, 3,40, 7,42,13,12,19,18,25,24,31,30)( 2,33, 5,38,10,41,16, 9,22,15,28,\n 21,34,27)( 4,29, 8,35,14,39,20, 6,26,11,32,17,37,23)", "weight": 1}, {"from": "( 1, 8,21,13,26,38,31, 4,15, 7,20,33,25,37, 9, 3,14,27,19,32,41)\n( 2,11,24,16,29,40,34, 6,18,10,23,36,28,39,12, 5,17,30,22,35,42)", "to": "( 1,39,25,29,13,17, 3, 6,31,35,19,23, 7,11)( 2,37,28,26,16,14, 5, 4,34,32,22,\n 20,10, 8)( 9,42,38,36,27,24,15,12,41,40,33,30,21,18)", "weight": 1}, {"from": "( 1, 8,21,13,26,38,31, 4,15, 7,20,33,25,37, 9, 3,14,27,19,32,41)\n( 2,11,24,16,29,40,34, 6,18,10,23,36,28,39,12, 5,17,30,22,35,42)", "to": "( 1,40,13,18,31,36, 7,12,25,30, 3,42,19,24)( 2,38,16,15,34,33,10, 9,28,27, 5,\n 41,22,21)( 4,35,20,11,37,29,14, 6,32,23, 8,39,26,17)", "weight": 1}, {"from": "( 1, 8,21,13,26,38,31, 4,15, 7,20,33,25,37, 9, 3,14,27,19,32,41)\n( 2,11,24,16,29,40,34, 6,18,10,23,36,28,39,12, 5,17,30,22,35,42)", "to": "( 1,42,25,36,13,24, 3,12,31,40,19,30, 7,18)( 2,41,28,33,16,21, 5, 9,34,38,22,\n 27,10,15)( 4,39,32,29,20,17, 8, 6,37,35,26,23,14,11)", "weight": 1}, {"from": "( 1,11, 7,23,19,35,31, 6, 3,17,13,29,25,39)( 2, 8,10,20,22,32,34, 4, 5,14,16,\n 26,28,37)( 9,18,21,30,33,40,41,12,15,24,27,36,38,42)", "to": "( 1, 4, 9)( 2, 6,12)( 3, 8,15)( 5,11,18)( 7,14,21)(10,17,24)(13,20,27)\n(16,23,30)(19,26,33)(22,29,36)(25,32,38)(28,35,40)(31,37,41)(34,39,42)", "weight": 1}, {"from": "( 1,11, 7,23,19,35,31, 6, 3,17,13,29,25,39)( 2, 8,10,20,22,32,34, 4, 5,14,16,\n 26,28,37)( 9,18,21,30,33,40,41,12,15,24,27,36,38,42)", "to": "( 1, 5, 7,16,19,28,31, 2, 3,10,13,22,25,34)( 4,18,14,30,26,40,37,12, 8,24,20,\n 36,32,42)( 6,15,17,27,29,38,39, 9,11,21,23,33,35,41)", "weight": 1}, {"from": "( 1,11, 7,23,19,35,31, 6, 3,17,13,29,25,39)( 2, 8,10,20,22,32,34, 4, 5,14,16,\n 26,28,37)( 9,18,21,30,33,40,41,12,15,24,27,36,38,42)", "to": "( 1, 9, 4)( 2,12, 6)( 3,15, 8)( 5,18,11)( 7,21,14)(10,24,17)(13,27,20)\n(16,30,23)(19,33,26)(22,36,29)(25,38,32)(28,40,35)(31,41,37)(34,42,39)", "weight": 1}, {"from": "( 1,11, 7,23,19,35,31, 6, 3,17,13,29,25,39)( 2, 8,10,20,22,32,34, 4, 5,14,16,\n 26,28,37)( 9,18,21,30,33,40,41,12,15,24,27,36,38,42)", "to": "( 1,10,19,34, 3,16,25, 2, 7,22,31, 5,13,28)( 4,24,26,42, 8,30,32,12,14,36,37,\n 18,20,40)( 6,21,29,41,11,27,35, 9,17,33,39,15,23,38)", "weight": 1}, {"from": "( 1,11, 7,23,19,35,31, 6, 3,17,13,29,25,39)( 2, 8,10,20,22,32,34, 4, 5,14,16,\n 26,28,37)( 9,18,21,30,33,40,41,12,15,24,27,36,38,42)", "to": "( 1,12)( 2, 9)( 3,18)( 4, 6)( 5,15)( 7,24)( 8,11)(10,21)(13,30)(14,17)(16,27)\n(19,36)(20,23)(22,33)(25,40)(26,29)(28,38)(31,42)(32,35)(34,41)(37,39)", "weight": 1}, {"from": "( 1,11, 7,23,19,35,31, 6, 3,17,13,29,25,39)( 2, 8,10,20,22,32,34, 4, 5,14,16,\n 26,28,37)( 9,18,21,30,33,40,41,12,15,24,27,36,38,42)", "to": "( 1,14,33,31, 8,27,25, 4,21,19,37,15,13,32, 9, 7,26,41, 3,20,38)\n( 2,17,36,34,11,30,28, 6,24,22,39,18,16,35,12,10,29,42, 5,23,40)", "weight": 1}, {"from": "( 1,11, 7,23,19,35,31, 6, 3,17,13,29,25,39)( 2, 8,10,20,22,32,34, 4, 5,14,16,\n 26,28,37)( 9,18,21,30,33,40,41,12,15,24,27,36,38,42)", "to": "( 1,15,14,13,33,32,31, 9, 8, 7,27,26,25,41, 4, 3,21,20,19,38,37)\n( 2,18,17,16,36,35,34,12,11,10,30,29,28,42, 6, 5,24,23,22,40,39)", "weight": 1}, {"from": "( 1,11, 7,23,19,35,31, 6, 3,17,13,29,25,39)( 2, 8,10,20,22,32,34, 4, 5,14,16,\n 26,28,37)( 9,18,21,30,33,40,41,12,15,24,27,36,38,42)", "to": "( 1,16,31,10,25, 5,19, 2,13,34, 7,28, 3,22)( 4,30,37,24,32,18,26,12,20,42,14,\n 40, 8,36)( 6,27,39,21,35,15,29, 9,23,41,17,38,11,33)", "weight": 1}, {"from": "( 1,11, 7,23,19,35,31, 6, 3,17,13,29,25,39)( 2, 8,10,20,22,32,34, 4, 5,14,16,\n 26,28,37)( 9,18,21,30,33,40,41,12,15,24,27,36,38,42)", "to": "( 1,18, 7,30,19,40,31,12, 3,24,13,36,25,42)( 2,15,10,27,22,38,34, 9, 5,21,16,\n 33,28,41)( 4,11,14,23,26,35,37, 6, 8,17,20,29,32,39)", "weight": 1}, {"from": "( 1,11, 7,23,19,35,31, 6, 3,17,13,29,25,39)( 2, 8,10,20,22,32,34, 4, 5,14,16,\n 26,28,37)( 9,18,21,30,33,40,41,12,15,24,27,36,38,42)", "to": "( 1,20,41, 7,32,15,19, 4,27,31,14,38, 3,26, 9,13,37,21,25, 8,33)\n( 2,23,42,10,35,18,22, 6,30,34,17,40, 5,29,12,16,39,24,28,11,36)", "weight": 1}, {"from": "( 1,11, 7,23,19,35,31, 6, 3,17,13,29,25,39)( 2, 8,10,20,22,32,34, 4, 5,14,16,\n 26,28,37)( 9,18,21,30,33,40,41,12,15,24,27,36,38,42)", "to": "( 1,21,26,31,15,20,25, 9,14,19,41, 8,13,38, 4, 7,33,37, 3,27,32)\n( 2,24,29,34,18,23,28,12,17,22,42,11,16,40, 6,10,36,39, 5,30,35)", "weight": 1}, {"from": "( 1,11, 7,23,19,35,31, 6, 3,17,13,29,25,39)( 2, 8,10,20,22,32,34, 4, 5,14,16,\n 26,28,37)( 9,18,21,30,33,40,41,12,15,24,27,36,38,42)", "to": "( 1,22, 3,28, 7,34,13, 2,19, 5,25,10,31,16)( 4,36, 8,40,14,42,20,12,26,18,32,\n 24,37,30)( 6,33,11,38,17,41,23, 9,29,15,35,21,39,27)", "weight": 1}, {"from": "( 1,11, 7,23,19,35,31, 6, 3,17,13,29,25,39)( 2, 8,10,20,22,32,34, 4, 5,14,16,\n 26,28,37)( 9,18,21,30,33,40,41,12,15,24,27,36,38,42)", "to": "( 1,24,19,42, 3,30,25,12, 7,36,31,18,13,40)( 2,21,22,41, 5,27,28, 9,10,33,34,\n 15,16,38)( 4,17,26,39, 8,23,32, 6,14,29,37,11,20,35)", "weight": 1}, {"from": "( 1,11, 7,23,19,35,31, 6, 3,17,13,29,25,39)( 2, 8,10,20,22,32,34, 4, 5,14,16,\n 26,28,37)( 9,18,21,30,33,40,41,12,15,24,27,36,38,42)", "to": "( 1,26,15,25,14,41,13, 4,33, 3,32,21,31,20, 9,19, 8,38, 7,37,27)\n( 2,29,18,28,17,42,16, 6,36, 5,35,24,34,23,12,22,11,40,10,39,30)", "weight": 1}, {"from": "( 1,11, 7,23,19,35,31, 6, 3,17,13,29,25,39)( 2, 8,10,20,22,32,34, 4, 5,14,16,\n 26,28,37)( 9,18,21,30,33,40,41,12,15,24,27,36,38,42)", "to": "( 1,27,37, 7,38, 8,19, 9,20,31,21,32, 3,33, 4,13,41,14,25,15,26)\n( 2,30,39,10,40,11,22,12,23,34,24,35, 5,36, 6,16,42,17,28,18,29)", "weight": 1}, {"from": "( 1,11, 7,23,19,35,31, 6, 3,17,13,29,25,39)( 2, 8,10,20,22,32,34, 4, 5,14,16,\n 26,28,37)( 9,18,21,30,33,40,41,12,15,24,27,36,38,42)", "to": "( 1,28,13, 5,31,22, 7, 2,25,16, 3,34,19,10)( 4,40,20,18,37,36,14,12,32,30, 8,\n 42,26,24)( 6,38,23,15,39,33,17, 9,35,27,11,41,29,21)", "weight": 1}, {"from": "( 1,11, 7,23,19,35,31, 6, 3,17,13,29,25,39)( 2, 8,10,20,22,32,34, 4, 5,14,16,\n 26,28,37)( 9,18,21,30,33,40,41,12,15,24,27,36,38,42)", "to": "( 1,30,31,24,25,18,19,12,13,42, 7,40, 3,36)( 2,27,34,21,28,15,22, 9,16,41,10,\n 38, 5,33)( 4,23,37,17,32,11,26, 6,20,39,14,35, 8,29)", "weight": 1}, {"from": "( 1,11, 7,23,19,35,31, 6, 3,17,13,29,25,39)( 2, 8,10,20,22,32,34, 4, 5,14,16,\n 26,28,37)( 9,18,21,30,33,40,41,12,15,24,27,36,38,42)", "to": "( 1,32,27, 3,37,33, 7, 4,38,13, 8,41,19,14, 9,25,20,15,31,26,21)\n( 2,35,30, 5,39,36,10, 6,40,16,11,42,22,17,12,28,23,18,34,29,24)", "weight": 1}, {"from": "( 1,11, 7,23,19,35,31, 6, 3,17,13,29,25,39)( 2, 8,10,20,22,32,34, 4, 5,14,16,\n 26,28,37)( 9,18,21,30,33,40,41,12,15,24,27,36,38,42)", "to": "( 1,33, 8,25,21,37,13, 9,26, 3,38,14,31,27, 4,19,15,32, 7,41,20)\n( 2,36,11,28,24,39,16,12,29, 5,40,17,34,30, 6,22,18,35,10,42,23)", "weight": 1}, {"from": "( 1,11, 7,23,19,35,31, 6, 3,17,13,29,25,39)( 2, 8,10,20,22,32,34, 4, 5,14,16,\n 26,28,37)( 9,18,21,30,33,40,41,12,15,24,27,36,38,42)", "to": "( 1,34,25,22,13,10, 3, 2,31,28,19,16, 7, 5)( 4,42,32,36,20,24, 8,12,37,40,26,\n 30,14,18)( 6,41,35,33,23,21,11, 9,39,38,29,27,17,15)", "weight": 1}, {"from": "( 1,11, 7,23,19,35,31, 6, 3,17,13,29,25,39)( 2, 8,10,20,22,32,34, 4, 5,14,16,\n 26,28,37)( 9,18,21,30,33,40,41,12,15,24,27,36,38,42)", "to": "( 1,36, 3,40, 7,42,13,12,19,18,25,24,31,30)( 2,33, 5,38,10,41,16, 9,22,15,28,\n 21,34,27)( 4,29, 8,35,14,39,20, 6,26,11,32,17,37,23)", "weight": 1}, {"from": "( 1,11, 7,23,19,35,31, 6, 3,17,13,29,25,39)( 2, 8,10,20,22,32,34, 4, 5,14,16,\n 26,28,37)( 9,18,21,30,33,40,41,12,15,24,27,36,38,42)", "to": "( 1,37,38,19,20,21, 3, 4,41,25,26,27, 7, 8, 9,31,32,33,13,14,15)\n( 2,39,40,22,23,24, 5, 6,42,28,29,30,10,11,12,34,35,36,16,17,18)", "weight": 1}, {"from": "( 1,11, 7,23,19,35,31, 6, 3,17,13,29,25,39)( 2, 8,10,20,22,32,34, 4, 5,14,16,\n 26,28,37)( 9,18,21,30,33,40,41,12,15,24,27,36,38,42)", "to": "( 1,38,20, 3,41,26, 7, 9,32,13,15,37,19,21, 4,25,27, 8,31,33,14)\n( 2,40,23, 5,42,29,10,12,35,16,18,39,22,24, 6,28,30,11,34,36,17)", "weight": 1}, {"from": "( 1,11, 7,23,19,35,31, 6, 3,17,13,29,25,39)( 2, 8,10,20,22,32,34, 4, 5,14,16,\n 26,28,37)( 9,18,21,30,33,40,41,12,15,24,27,36,38,42)", "to": "( 1,40,13,18,31,36, 7,12,25,30, 3,42,19,24)( 2,38,16,15,34,33,10, 9,28,27, 5,\n 41,22,21)( 4,35,20,11,37,29,14, 6,32,23, 8,39,26,17)", "weight": 1}, {"from": "( 1,11, 7,23,19,35,31, 6, 3,17,13,29,25,39)( 2, 8,10,20,22,32,34, 4, 5,14,16,\n 26,28,37)( 9,18,21,30,33,40,41,12,15,24,27,36,38,42)", "to": "( 1,41,32,19,27,14, 3, 9,37,25,33,20, 7,15, 4,31,38,26,13,21, 8)\n( 2,42,35,22,30,17, 5,12,39,28,36,23,10,18, 6,34,40,29,16,24,11)", "weight": 1}, {"from": "( 1,11, 7,23,19,35,31, 6, 3,17,13,29,25,39)( 2, 8,10,20,22,32,34, 4, 5,14,16,\n 26,28,37)( 9,18,21,30,33,40,41,12,15,24,27,36,38,42)", "to": "( 1,42,25,36,13,24, 3,12,31,40,19,30, 7,18)( 2,41,28,33,16,21, 5, 9,34,38,22,\n 27,10,15)( 4,39,32,29,20,17, 8, 6,37,35,26,23,14,11)", "weight": 1}, {"from": "( 1,14,33,31, 8,27,25, 4,21,19,37,15,13,32, 9, 7,26,41, 3,20,38)\n( 2,17,36,34,11,30,28, 6,24,22,39,18,16,35,12,10,29,42, 5,23,40)", "to": "( 1, 5, 7,16,19,28,31, 2, 3,10,13,22,25,34)( 4,18,14,30,26,40,37,12, 8,24,20,\n 36,32,42)( 6,15,17,27,29,38,39, 9,11,21,23,33,35,41)", "weight": 1}, {"from": "( 1,14,33,31, 8,27,25, 4,21,19,37,15,13,32, 9, 7,26,41, 3,20,38)\n( 2,17,36,34,11,30,28, 6,24,22,39,18,16,35,12,10,29,42, 5,23,40)", "to": "( 1, 6)( 2, 4)( 3,11)( 5, 8)( 7,17)( 9,12)(10,14)(13,23)(15,18)(16,20)(19,29)\n(21,24)(22,26)(25,35)(27,30)(28,32)(31,39)(33,36)(34,37)(38,40)(41,42)", "weight": 1}, {"from": "( 1,14,33,31, 8,27,25, 4,21,19,37,15,13,32, 9, 7,26,41, 3,20,38)\n( 2,17,36,34,11,30,28, 6,24,22,39,18,16,35,12,10,29,42, 5,23,40)", "to": "( 1,10,19,34, 3,16,25, 2, 7,22,31, 5,13,28)( 4,24,26,42, 8,30,32,12,14,36,37,\n 18,20,40)( 6,21,29,41,11,27,35, 9,17,33,39,15,23,38)", "weight": 1}, {"from": "( 1,14,33,31, 8,27,25, 4,21,19,37,15,13,32, 9, 7,26,41, 3,20,38)\n( 2,17,36,34,11,30,28, 6,24,22,39,18,16,35,12,10,29,42, 5,23,40)", "to": "( 1,12)( 2, 9)( 3,18)( 4, 6)( 5,15)( 7,24)( 8,11)(10,21)(13,30)(14,17)(16,27)\n(19,36)(20,23)(22,33)(25,40)(26,29)(28,38)(31,42)(32,35)(34,41)(37,39)", "weight": 1}, {"from": "( 1,14,33,31, 8,27,25, 4,21,19,37,15,13,32, 9, 7,26,41, 3,20,38)\n( 2,17,36,34,11,30,28, 6,24,22,39,18,16,35,12,10,29,42, 5,23,40)", "to": "( 1,16,31,10,25, 5,19, 2,13,34, 7,28, 3,22)( 4,30,37,24,32,18,26,12,20,42,14,\n 40, 8,36)( 6,27,39,21,35,15,29, 9,23,41,17,38,11,33)", "weight": 1}, {"from": "( 1,14,33,31, 8,27,25, 4,21,19,37,15,13,32, 9, 7,26,41, 3,20,38)\n( 2,17,36,34,11,30,28, 6,24,22,39,18,16,35,12,10,29,42, 5,23,40)", "to": "( 1,17,19,39, 3,23,25, 6, 7,29,31,11,13,35)( 2,14,22,37, 5,20,28, 4,10,26,34,\n  8,16,32)( 9,24,33,42,15,30,38,12,21,36,41,18,27,40)", "weight": 1}, {"from": "( 1,14,33,31, 8,27,25, 4,21,19,37,15,13,32, 9, 7,26,41, 3,20,38)\n( 2,17,36,34,11,30,28, 6,24,22,39,18,16,35,12,10,29,42, 5,23,40)", "to": "( 1,18, 7,30,19,40,31,12, 3,24,13,36,25,42)( 2,15,10,27,22,38,34, 9, 5,21,16,\n 33,28,41)( 4,11,14,23,26,35,37, 6, 8,17,20,29,32,39)", "weight": 1}, {"from": "( 1,14,33,31, 8,27,25, 4,21,19,37,15,13,32, 9, 7,26,41, 3,20,38)\n( 2,17,36,34,11,30,28, 6,24,22,39,18,16,35,12,10,29,42, 5,23,40)", "to": "( 1,22, 3,28, 7,34,13, 2,19, 5,25,10,31,16)( 4,36, 8,40,14,42,20,12,26,18,32,\n 24,37,30)( 6,33,11,38,17,41,23, 9,29,15,35,21,39,27)", "weight": 1}, {"from": "( 1,14,33,31, 8,27,25, 4,21,19,37,15,13,32, 9, 7,26,41, 3,20,38)\n( 2,17,36,34,11,30,28, 6,24,22,39,18,16,35,12,10,29,42, 5,23,40)", "to": "( 1,23,31,17,25,11,19, 6,13,39, 7,35, 3,29)( 2,20,34,14,28, 8,22, 4,16,37,10,\n 32, 5,26)( 9,30,41,24,38,18,33,12,27,42,21,40,15,36)", "weight": 1}, {"from": "( 1,14,33,31, 8,27,25, 4,21,19,37,15,13,32, 9, 7,26,41, 3,20,38)\n( 2,17,36,34,11,30,28, 6,24,22,39,18,16,35,12,10,29,42, 5,23,40)", "to": "( 1,24,19,42, 3,30,25,12, 7,36,31,18,13,40)( 2,21,22,41, 5,27,28, 9,10,33,34,\n 15,16,38)( 4,17,26,39, 8,23,32, 6,14,29,37,11,20,35)", "weight": 1}, {"from": "( 1,14,33,31, 8,27,25, 4,21,19,37,15,13,32, 9, 7,26,41, 3,20,38)\n( 2,17,36,34,11,30,28, 6,24,22,39,18,16,35,12,10,29,42, 5,23,40)", "to": "( 1,28,13, 5,31,22, 7, 2,25,16, 3,34,19,10)( 4,40,20,18,37,36,14,12,32,30, 8,\n 42,26,24)( 6,38,23,15,39,33,17, 9,35,27,11,41,29,21)", "weight": 1}, {"from": "( 1,14,33,31, 8,27,25, 4,21,19,37,15,13,32, 9, 7,26,41, 3,20,38)\n( 2,17,36,34,11,30,28, 6,24,22,39,18,16,35,12,10,29,42, 5,23,40)", "to": "( 1,29, 3,35, 7,39,13, 6,19,11,25,17,31,23)( 2,26, 5,32,10,37,16, 4,22, 8,28,\n 14,34,20)( 9,36,15,40,21,42,27,12,33,18,38,24,41,30)", "weight": 1}, {"from": "( 1,14,33,31, 8,27,25, 4,21,19,37,15,13,32, 9, 7,26,41, 3,20,38)\n( 2,17,36,34,11,30,28, 6,24,22,39,18,16,35,12,10,29,42, 5,23,40)", "to": "( 1,30,31,24,25,18,19,12,13,42, 7,40, 3,36)( 2,27,34,21,28,15,22, 9,16,41,10,\n 38, 5,33)( 4,23,37,17,32,11,26, 6,20,39,14,35, 8,29)", "weight": 1}, {"from": "( 1,14,33,31, 8,27,25, 4,21,19,37,15,13,32, 9, 7,26,41, 3,20,38)\n( 2,17,36,34,11,30,28, 6,24,22,39,18,16,35,12,10,29,42, 5,23,40)", "to": "( 1,34,25,22,13,10, 3, 2,31,28,19,16, 7, 5)( 4,42,32,36,20,24, 8,12,37,40,26,\n 30,14,18)( 6,41,35,33,23,21,11, 9,39,38,29,27,17,15)", "weight": 1}, {"from": "( 1,14,33,31, 8,27,25, 4,21,19,37,15,13,32, 9, 7,26,41, 3,20,38)\n( 2,17,36,34,11,30,28, 6,24,22,39,18,16,35,12,10,29,42, 5,23,40)", "to": "( 1,35,13,11,31,29, 7, 6,25,23, 3,39,19,17)( 2,32,16, 8,34,26,10, 4,28,20, 5,\n 37,22,14)( 9,40,27,18,41,36,21,12,38,30,15,42,33,24)", "weight": 1}, {"from": "( 1,14,33,31, 8,27,25, 4,21,19,37,15,13,32, 9, 7,26,41, 3,20,38)\n( 2,17,36,34,11,30,28, 6,24,22,39,18,16,35,12,10,29,42, 5,23,40)", "to": "( 1,36, 3,40, 7,42,13,12,19,18,25,24,31,30)( 2,33, 5,38,10,41,16, 9,22,15,28,\n 21,34,27)( 4,29, 8,35,14,39,20, 6,26,11,32,17,37,23)", "weight": 1}, {"from": "( 1,14,33,31, 8,27,25, 4,21,19,37,15,13,32, 9, 7,26,41, 3,20,38)\n( 2,17,36,34,11,30,28, 6,24,22,39,18,16,35,12,10,29,42, 5,23,40)", "to": "( 1,39,25,29,13,17, 3, 6,31,35,19,23, 7,11)( 2,37,28,26,16,14, 5, 4,34,32,22,\n 20,10, 8)( 9,42,38,36,27,24,15,12,41,40,33,30,21,18)", "weight": 1}, {"from": "( 1,14,33,31, 8,27,25, 4,21,19,37,15,13,32, 9, 7,26,41, 3,20,38)\n( 2,17,36,34,11,30,28, 6,24,22,39,18,16,35,12,10,29,42, 5,23,40)", "to": "( 1,40,13,18,31,36, 7,12,25,30, 3,42,19,24)( 2,38,16,15,34,33,10, 9,28,27, 5,\n 41,22,21)( 4,35,20,11,37,29,14, 6,32,23, 8,39,26,17)", "weight": 1}, {"from": "( 1,14,33,31, 8,27,25, 4,21,19,37,15,13,32, 9, 7,26,41, 3,20,38)\n( 2,17,36,34,11,30,28, 6,24,22,39,18,16,35,12,10,29,42, 5,23,40)", "to": "( 1,42,25,36,13,24, 3,12,31,40,19,30, 7,18)( 2,41,28,33,16,21, 5, 9,34,38,22,\n 27,10,15)( 4,39,32,29,20,17, 8, 6,37,35,26,23,14,11)", "weight": 1}, {"from": "( 1,15,14,13,33,32,31, 9, 8, 7,27,26,25,41, 4, 3,21,20,19,38,37)\n( 2,18,17,16,36,35,34,12,11,10,30,29,28,42, 6, 5,24,23,22,40,39)", "to": "( 1, 5, 7,16,19,28,31, 2, 3,10,13,22,25,34)( 4,18,14,30,26,40,37,12, 8,24,20